(n,d,k);LetterGematriaNumberValue;Letter;LetterPositionIndex;LetterCoordinatesD5K;WordNumber;WordCoordinatesDWTK;Found in Word in Text;LetterPositionIndex In Word;WordNumberInVerse;Found In Verse
(232813, 66, 4);1;א;31;(1, 1, 2, 3, 31);8;(1, 1, 2, 1, 8);והארץ;3;1;והארץ היתה תהו ובהו וחשך על פני תהום ורוח אלהים מרחפת על פני המים
(232813, 66, 4);6;ו;97;(1, 1, 3, 17, 97);26;(1, 1, 3, 5, 26);ויהי;1;5;ויאמר אלהים יהי אור ויהי אור
(232813, 66, 4);10;י;163;(1, 1, 5, 15, 163);43;(1, 1, 5, 4, 43);יום;1;4;ויקרא אלהים לאור יום ולחשך קרא לילה ויהי ערב ויהי בקר יום אחד
(232813, 66, 4);4;ד;229;(1, 1, 6, 32, 229);60;(1, 1, 6, 8, 60);מבדיל;3;8;ויאמר אלהים יהי רקיע בתוך המים ויהי מבדיל בין מים למים
(232813, 66, 4);30;ל;295;(1, 1, 7, 54, 295);77;(1, 1, 7, 14, 77);מעל;3;14;ויעש אלהים את הרקיע ויבדל בין המים אשר מתחת לרקיע ובין המים אשר מעל לרקיע ויהי כן
(232813, 66, 4);40;מ;361;(1, 1, 9, 16, 361);94;(1, 1, 9, 4, 94);המים;2;4;ויאמר אלהים יקוו המים מתחת השמים אל מקום אחד ותראה היבשה ויהי כן
(232813, 66, 4);200;ר;427;(1, 1, 10, 30, 427);110;(1, 1, 10, 7, 110);קרא;2;7;ויקרא אלהים ליבשה ארץ ולמקוה המים קרא ימים וירא אלהים כי טוב
(232813, 66, 4);50;נ;493;(1, 1, 11, 47, 493);128;(1, 1, 11, 13, 128);למינו;4;13;ויאמר אלהים תדשא הארץ דשא עשב מזריע זרע עץ פרי עשה פרי למינו אשר זרעו בו על הארץ ויהי כן
(232813, 66, 4);70;ע;559;(1, 1, 12, 44, 559);147;(1, 1, 12, 12, 147);זרעו;3;12;ותוצא הארץ דשא עשב מזריע זרע למינהו ועץ עשה פרי אשר זרעו בו למינהו וירא אלהים כי טוב
(232813, 66, 4);10;י;625;(1, 1, 14, 21, 625);164;(1, 1, 14, 5, 164);ברקיע;4;5;ויאמר אלהים יהי מארת ברקיע השמים להבדיל בין היום ובין הלילה והיו לאתת ולמועדים ולימים ושנים
(232813, 66, 4);2;ב;691;(1, 1, 15, 11, 691);178;(1, 1, 15, 3, 178);ברקיע;1;3;והיו למאורת ברקיע השמים להאיר על הארץ ויהי כן
(232813, 66, 4);300;ש;757;(1, 1, 16, 40, 757);194;(1, 1, 16, 10, 194);לממשלת;4;10;ויעש אלהים את שני המארת הגדלים את המאור הגדל לממשלת היום ואת המאור הקטן לממשלת הלילה ואת הכוכבים
(232813, 66, 4);200;ר;823;(1, 1, 17, 27, 823);208;(1, 1, 17, 6, 208);להאיר;5;6;ויתן אתם אלהים ברקיע השמים להאיר על הארץ
(232813, 66, 4);10;י;889;(1, 1, 19, 9, 889);225;(1, 1, 19, 3, 225);ויהי;2;3;ויהי ערב ויהי בקר יום רביעי
(232813, 66, 4);5;ה;955;(1, 1, 20, 53, 955);243;(1, 1, 20, 15, 243);השמים;1;15;ויאמר אלהים ישרצו המים שרץ נפש חיה ועוף יעופף על הארץ על פני רקיע השמים
(232813, 66, 4);20;כ;1021;(1, 1, 21, 62, 1021);259;(1, 1, 21, 16, 259);כל;1;16;ויברא אלהים את התנינם הגדלים ואת כל נפש החיה הרמשת אשר שרצו המים למינהם ואת כל עוף כנף למינהו וירא אלהים כי טוב
(232813, 66, 4);10;י;1087;(1, 1, 22, 39, 1087);276;(1, 1, 22, 10, 276);בימים;4;10;ויברך אתם אלהים לאמר פרו ורבו ומלאו את המים בימים והעוף ירב בארץ
(232813, 66, 4);5;ה;1153;(1, 1, 24, 31, 1153);293;(1, 1, 24, 8, 293);בהמה;2;8;ויאמר אלהים תוצא הארץ נפש חיה למינה בהמה ורמש וחיתו ארץ למינה ויהי כן
(232813, 66, 4);30;ל;1219;(1, 1, 25, 41, 1219);310;(1, 1, 25, 11, 310);כל;2;11;ויעש אלהים את חית הארץ למינה ואת הבהמה למינה ואת כל רמש האדמה למינהו וירא אלהים כי טוב
(232813, 66, 4);3;ג;1285;(1, 1, 26, 38, 1285);325;(1, 1, 26, 8, 325);בדגת;3;8;ויאמר אלהים נעשה אדם בצלמנו כדמותנו וירדו בדגת הים ובעוף השמים ובבהמה ובכל הארץ ובכל הרמש הרמש על הארץ
(232813, 66, 4);40;מ;1351;(1, 1, 27, 20, 1351);341;(1, 1, 27, 5, 341);בצלמו;4;5;ויברא אלהים את האדם בצלמו בצלם אלהים ברא אתו זכר ונקבה ברא אתם
(232813, 66, 4);30;ל;1417;(1, 1, 28, 36, 1417);358;(1, 1, 28, 9, 358);ומלאו;3;9;ויברך אתם אלהים ויאמר להם אלהים פרו ורבו ומלאו את הארץ וכבשה ורדו בדגת הים ובעוף השמים ובכל חיה הרמשת על הארץ
(232813, 66, 4);50;נ;1483;(1, 1, 29, 14, 1483);375;(1, 1, 29, 4, 375);נתתי;1;4;ויאמר אלהים הנה נתתי לכם את כל עשב זרע זרע אשר על פני כל הארץ ואת כל העץ אשר בו פרי עץ זרע זרע לכם יהיה לאכלה
(232813, 66, 4);1;א;1549;(1, 1, 29, 80, 1549);398;(1, 1, 29, 27, 398);לאכלה;2;27;ויאמר אלהים הנה נתתי לכם את כל עשב זרע זרע אשר על פני כל הארץ ואת כל העץ אשר בו פרי עץ זרע זרע לכם יהיה לאכלה
(232813, 66, 4);5;ה;1615;(1, 1, 30, 63, 1615);417;(1, 1, 30, 19, 417);לאכלה;5;19;ולכל חית הארץ ולכל עוף השמים ולכל רומש על הארץ אשר בו נפש חיה את כל ירק עשב לאכלה ויהי כן
(232813, 66, 4);40;ם;1681;(1, 2, 1, 10, 1681);436;(1, 2, 1, 2, 436);השמים;5;2;ויכלו השמים והארץ וכל צבאם
(232813, 66, 4);400;ת;1747;(1, 2, 2, 54, 1747);451;(1, 2, 2, 12, 451);מלאכתו;5;12;ויכל אלהים ביום השביעי מלאכתו אשר עשה וישבת ביום השביעי מכל מלאכתו אשר עשה
(232813, 66, 4);300;ש;1813;(1, 2, 3, 59, 1813);469;(1, 2, 3, 16, 469);לעשות;3;16;ויברך אלהים את יום השביעי ויקדש אתו כי בו שבת מכל מלאכתו אשר ברא אלהים לעשות
(232813, 66, 4);10;י;1879;(1, 2, 5, 14, 1879);485;(1, 2, 5, 5, 485);יהיה;1;5;וכל שיח השדה טרם יהיה בארץ וכל עשב השדה טרם יצמח כי לא המטיר יהוה אלהים על הארץ ואדם אין לעבד את האדמה
(232813, 66, 4);5;ה;1945;(1, 2, 5, 80, 1945);503;(1, 2, 5, 23, 503);האדמה;5;23;וכל שיח השדה טרם יהיה בארץ וכל עשב השדה טרם יצמח כי לא המטיר יהוה אלהים על הארץ ואדם אין לעבד את האדמה
(232813, 66, 4);1;א;2011;(1, 2, 7, 36, 2011);522;(1, 2, 7, 10, 522);באפיו;2;10;וייצר יהוה אלהים את האדם עפר מן האדמה ויפח באפיו נשמת חיים ויהי האדם לנפש חיה
(232813, 66, 4);90;צ;2077;(1, 2, 8, 40, 2077);540;(1, 2, 8, 12, 540);יצר;2;12;ויטע יהוה אלהים גן בעדן מקדם וישם שם את האדם אשר יצר
(232813, 66, 4);400;ת;2143;(1, 2, 9, 65, 2143);557;(1, 2, 9, 17, 557);הדעת;4;17;ויצמח יהוה אלהים מן האדמה כל עץ נחמד למראה וטוב למאכל ועץ החיים בתוך הגן ועץ הדעת טוב ורע
(232813, 66, 4);5;ה;2209;(1, 2, 11, 15, 2209);575;(1, 2, 11, 5, 575);הסבב;1;5;שם האחד פישון הוא הסבב את כל ארץ החוילה אשר שם הזהב
(232813, 66, 4);10;י;2275;(1, 2, 13, 11, 2275);593;(1, 2, 13, 3, 593);השני;4;3;ושם הנהר השני גיחון הוא הסובב את כל ארץ כוש
(232813, 66, 4);10;י;2341;(1, 2, 14, 43, 2341);610;(1, 2, 14, 10, 610);הרביעי;6;10;ושם הנהר השלישי חדקל הוא ההלך קדמת אשור והנהר הרביעי הוא פרת
(232813, 66, 4);4;ד;2407;(1, 2, 16, 18, 2407);627;(1, 2, 16, 5, 627);האדם;3;5;ויצו יהוה אלהים על האדם לאמר מכל עץ הגן אכל תאכל
(232813, 66, 4);6;ו;2473;(1, 2, 18, 1, 2473);647;(1, 2, 18, 1, 647);ויאמר;1;1;ויאמר יהוה אלהים לא טוב היות האדם לבדו אעשה לו עזר כנגדו
(232813, 66, 4);30;ל;2539;(1, 2, 19, 22, 2539);664;(1, 2, 19, 6, 664);כל;2;6;ויצר יהוה אלהים מן האדמה כל חית השדה ואת כל עוף השמים ויבא אל האדם לראות מה יקרא לו וכל אשר יקרא לו האדם נפש חיה הוא שמו
(232813, 66, 4);5;ה;2605;(1, 2, 19, 88, 2605);685;(1, 2, 19, 27, 685);הוא;1;27;ויצר יהוה אלהים מן האדמה כל חית השדה ואת כל עוף השמים ויבא אל האדם לראות מה יקרא לו וכל אשר יקרא לו האדם נפש חיה הוא שמו
(232813, 66, 4);6;ו;2671;(1, 2, 21, 1, 2671);702;(1, 2, 21, 1, 702);ויפל;1;1;ויפל יהוה אלהים תרדמה על האדם ויישן ויקח אחת מצלעתיו ויסגר בשר תחתנה
(232813, 66, 4);5;ה;2737;(1, 2, 22, 11, 2737);717;(1, 2, 22, 3, 717);אלהים;3;3;ויבן יהוה אלהים את הצלע אשר לקח מן האדם לאשה ויבאה אל האדם
(232813, 66, 4);300;ש;2803;(1, 2, 23, 31, 2803);735;(1, 2, 23, 8, 735);מבשרי;3;8;ויאמר האדם זאת הפעם עצם מעצמי ובשר מבשרי לזאת יקרא אשה כי מאיש לקחה זאת
(232813, 66, 4);200;ר;2869;(1, 2, 24, 40, 2869);754;(1, 2, 24, 12, 754);לבשר;4;12;על כן יעזב איש את אביו ואת אמו ודבק באשתו והיו לבשר אחד
(232813, 66, 4);10;י;2935;(1, 3, 1, 29, 2935);771;(1, 3, 1, 9, 771);יהוה;1;9;והנחש היה ערום מכל חית השדה אשר עשה יהוה אלהים ויאמר אל האשה אף כי אמר אלהים לא תאכלו מכל עץ הגן
(232813, 66, 4);70;ע;3001;(1, 3, 2, 20, 3001);790;(1, 3, 2, 6, 790);עץ;1;6;ותאמר האשה אל הנחש מפרי עץ הגן נאכל
(232813, 66, 4);200;ר;3067;(1, 3, 4, 5, 3067);808;(1, 3, 4, 1, 808);ויאמר;5;1;ויאמר הנחש אל האשה לא מות תמתון
(232813, 66, 4);30;ל;3133;(1, 3, 5, 46, 3133);825;(1, 3, 5, 11, 825);כאלהים;3;11;כי ידע אלהים כי ביום אכלכם ממנו ונפקחו עיניכם והייתם כאלהים ידעי טוב ורע
(232813, 66, 4);400;ת;3199;(1, 3, 6, 53, 3199);842;(1, 3, 6, 14, 842);ותקח;2;14;ותרא האשה כי טוב העץ למאכל וכי תאוה הוא לעינים ונחמד העץ להשכיל ותקח מפריו ותאכל ותתן גם לאישה עמה ויאכל
(232813, 66, 4);200;ר;3265;(1, 3, 7, 35, 3265);857;(1, 3, 7, 8, 857);ויתפרו;5;8;ותפקחנה עיני שניהם וידעו כי עירמם הם ויתפרו עלה תאנה ויעשו להם חגרת
(232813, 66, 4);40;ם;3331;(1, 3, 8, 46, 3331);873;(1, 3, 8, 11, 873);האדם;4;11;וישמעו את קול יהוה אלהים מתהלך בגן לרוח היום ויתחבא האדם ואשתו מפני יהוה אלהים בתוך עץ הגן
(232813, 66, 4);100;ק;3397;(1, 3, 10, 8, 3397);891;(1, 3, 10, 3, 891);קלך;1;3;ויאמר את קלך שמעתי בגן ואירא כי עירם אנכי ואחבא
(232813, 66, 4);10;י;3463;(1, 3, 11, 36, 3463);909;(1, 3, 11, 11, 909);צויתיך;5;11;ויאמר מי הגיד לך כי עירם אתה המן העץ אשר צויתיך לבלתי אכל ממנו אכלת
(232813, 66, 4);5;ה;3529;(1, 3, 13, 7, 3529);927;(1, 3, 13, 2, 927);יהוה;2;2;ויאמר יהוה אלהים לאשה מה זאת עשית ותאמר האשה הנחש השיאני ואכל
(232813, 66, 4);70;ע;3595;(1, 3, 14, 23, 3595);944;(1, 3, 14, 7, 944);עשית;1;7;ויאמר יהוה אלהים אל הנחש כי עשית זאת ארור אתה מכל הבהמה ומכל חית השדה על גחנך תלך ועפר תאכל כל ימי חייך
(232813, 66, 4);10;י;3661;(1, 3, 15, 8, 3661);962;(1, 3, 15, 2, 962);אשית;3;2;ואיבה אשית בינך ובין האשה ובין זרעך ובין זרעה הוא ישופך ראש ואתה תשופנו עקב
(232813, 66, 4);5;ה;3727;(1, 3, 16, 13, 3727);979;(1, 3, 16, 4, 979);הרבה;4;4;אל האשה אמר הרבה ארבה עצבונך והרנך בעצב תלדי בנים ואל אישך תשוקתך והוא ימשל בך
(232813, 66, 4);100;ק;3793;(1, 3, 17, 16, 3793);996;(1, 3, 17, 5, 996);לקול;2;5;ולאדם אמר כי שמעת לקול אשתך ותאכל מן העץ אשר צויתיך לאמר לא תאכל ממנו ארורה האדמה בעבורך בעצבון תאכלנה כל ימי חייך
(232813, 66, 4);50;נ;3859;(1, 3, 17, 82, 3859);1011;(1, 3, 17, 20, 1011);תאכלנה;5;20;ולאדם אמר כי שמעת לקול אשתך ותאכל מן העץ אשר צויתיך לאמר לא תאכל ממנו ארורה האדמה בעבורך בעצבון תאכלנה כל ימי חייך
(232813, 66, 4);4;ד;3925;(1, 3, 19, 26, 3925);1030;(1, 3, 19, 8, 1030);האדמה;3;8;בזעת אפיך תאכל לחם עד שובך אל האדמה כי ממנה לקחת כי עפר אתה ואל עפר תשוב
(232813, 66, 4);70;ע;3991;(1, 3, 21, 3, 3991);1051;(1, 3, 21, 1, 1051);ויעש;3;1;ויעש יהוה אלהים לאדם ולאשתו כתנות עור וילבשם
(232813, 66, 4);30;ל;4057;(1, 3, 22, 32, 4057);1067;(1, 3, 22, 9, 1067);לדעת;1;9;ויאמר יהוה אלהים הן האדם היה כאחד ממנו לדעת טוב ורע ועתה פן ישלח ידו ולקח גם מעץ החיים ואכל וחי לעלם
(232813, 66, 4);50;ן;4123;(1, 3, 23, 19, 4123);1084;(1, 3, 23, 4, 1084);מגן;3;4;וישלחהו יהוה אלהים מגן עדן לעבד את האדמה אשר לקח משם
(232813, 66, 4);200;ר;4189;(1, 3, 24, 43, 4189);1103;(1, 3, 24, 12, 1103);החרב;3;12;ויגרש את האדם וישכן מקדם לגן עדן את הכרבים ואת להט החרב המתהפכת לשמר את דרך עץ החיים
(232813, 66, 4);10;י;4255;(1, 4, 1, 42, 4255);1121;(1, 4, 1, 12, 1121);איש;2;12;והאדם ידע את חוה אשתו ותהר ותלד את קין ותאמר קניתי איש את יהוה
(232813, 66, 4);10;י;4321;(1, 4, 3, 13, 4321);1141;(1, 4, 3, 4, 1141);ויבא;2;4;ויהי מקץ ימים ויבא קין מפרי האדמה מנחה ליהוה
(232813, 66, 4);30;ל;4387;(1, 4, 4, 43, 4387);1157;(1, 4, 4, 11, 1157);הבל;3;11;והבל הביא גם הוא מבכרות צאנו ומחלבהן וישע יהוה אל הבל ואל מנחתו
(232813, 66, 4);200;ר;4453;(1, 4, 6, 19, 4453);1176;(1, 4, 6, 6, 1176);חרה;2;6;ויאמר יהוה אל קין למה חרה לך ולמה נפלו פניך
(232813, 66, 4);400;ת;4519;(1, 4, 7, 51, 4519);1194;(1, 4, 7, 14, 1194);תמשל;1;14;הלוא אם תיטיב שאת ואם לא תיטיב לפתח חטאת רבץ ואליך תשוקתו ואתה תמשל בו
(232813, 66, 4);5;ה;4585;(1, 4, 9, 7, 4585);1211;(1, 4, 9, 2, 1211);יהוה;2;2;ויאמר יהוה אל קין אי הבל אחיך ויאמר לא ידעתי השמר אחי אנכי
(232813, 66, 4);1;א;4651;(1, 4, 10, 27, 4651);1230;(1, 4, 10, 8, 1230);אלי;1;8;ויאמר מה עשית קול דמי אחיך צעקים אלי מן האדמה
(232813, 66, 4);1;א;4717;(1, 4, 12, 10, 4717);1250;(1, 4, 12, 4, 1250);האדמה;2;4;כי תעבד את האדמה לא תסף תת כחה לך נע ונד תהיה בארץ
(232813, 66, 4);10;י;4783;(1, 4, 14, 11, 4783);1270;(1, 4, 14, 4, 1270);היום;2;4;הן גרשת אתי היום מעל פני האדמה ומפניך אסתר והייתי נע ונד בארץ והיה כל מצאי יהרגני
(232813, 66, 4);30;ל;4849;(1, 4, 15, 12, 4849);1287;(1, 4, 15, 4, 1287);לכן;1;4;ויאמר לו יהוה לכן כל הרג קין שבעתים יקם וישם יהוה לקין אות לבלתי הכות אתו כל מצאו
(232813, 66, 4);5;ה;4915;(1, 4, 16, 14, 4915);1305;(1, 4, 16, 4, 1305);יהוה;2;4;ויצא קין מלפני יהוה וישב בארץ נוד קדמת עדן
(232813, 66, 4);70;ע;4981;(1, 4, 17, 46, 4981);1324;(1, 4, 17, 14, 1324);העיר;2;14;וידע קין את אשתו ותהר ותלד את חנוך ויהי בנה עיר ויקרא שם העיר כשם בנו חנוך
(232813, 66, 4);6;ו;5047;(1, 4, 18, 54, 5047);1340;(1, 4, 18, 13, 1340);ומתושאל;4;13;ויולד לחנוך את עירד ועירד ילד את מחויאל ומחייאל ילד את מתושאל ומתושאל ילד את למך
(232813, 66, 4);1;א;5113;(1, 4, 20, 19, 5113);1361;(1, 4, 20, 7, 1361);אבי;1;7;ותלד עדה את יבל הוא היה אבי ישב אהל ומקנה
(232813, 66, 4);30;ל;5179;(1, 4, 22, 19, 5179);1380;(1, 4, 22, 6, 1380);תובל;4;6;וצלה גם הוא ילדה את תובל קין לטש כל חרש נחשת וברזל ואחות תובל קין נעמה
(232813, 66, 4);300;ש;5245;(1, 4, 23, 30, 5245);1398;(1, 4, 23, 8, 1398);נשי;2;8;ויאמר למך לנשיו עדה וצלה שמען קולי נשי למך האזנה אמרתי כי איש הרגתי לפצעי וילד לחברתי
(232813, 66, 4);70;ע;5311;(1, 4, 24, 27, 5311);1414;(1, 4, 24, 7, 1414);ושבעה;4;7;כי שבעתים יקם קין ולמך שבעים ושבעה
(232813, 66, 4);10;י;5377;(1, 4, 25, 65, 5377);1436;(1, 4, 25, 22, 1436);קין;2;22;וידע אדם עוד את אשתו ותלד בן ותקרא את שמו שת כי שת לי אלהים זרע אחר תחת הבל כי הרגו קין
(232813, 66, 4);1;א;5443;(1, 5, 1, 20, 5443);1456;(1, 5, 1, 6, 1456);ברא;3;6;זה ספר תולדת אדם ביום ברא אלהים אדם בדמות אלהים עשה אתו
(232813, 66, 4);40;ם;5509;(1, 5, 2, 42, 5509);1473;(1, 5, 2, 11, 1473);הבראם;5;11;זכר ונקבה בראם ויברך אתם ויקרא את שמם אדם ביום הבראם
(232813, 66, 4);10;י;5575;(1, 5, 4, 19, 5575);1490;(1, 5, 4, 5, 1490);הולידו;4;5;ויהיו ימי אדם אחרי הולידו את שת שמנה מאת שנה ויולד בנים ובנות
(232813, 66, 4);50;נ;5641;(1, 5, 5, 36, 5641);1509;(1, 5, 5, 11, 1509);שנה;2;11;ויהיו כל ימי אדם אשר חי תשע מאות שנה ושלשים שנה וימת
(232813, 66, 4);6;ו;5707;(1, 5, 7, 30, 5707);1528;(1, 5, 7, 9, 1528);ושמנה;1;9;ויחי שת אחרי הולידו את אנוש שבע שנים ושמנה מאות שנה ויולד בנים ובנות
(232813, 66, 4);8;ח;5773;(1, 5, 9, 3, 5773);1545;(1, 5, 9, 1, 1545);ויחי;3;1;ויחי אנוש תשעים שנה ויולד את קינן
(232813, 66, 4);6;ו;5839;(1, 5, 10, 42, 5839);1562;(1, 5, 10, 11, 1562);מאות;3;11;ויחי אנוש אחרי הולידו את קינן חמש עשרה שנה ושמנה מאות שנה ויולד בנים ובנות
(232813, 66, 4);10;י;5905;(1, 5, 12, 12, 5905);1579;(1, 5, 12, 3, 1579);שבעים;4;3;ויחי קינן שבעים שנה ויולד את מהללאל
(232813, 66, 4);10;י;5971;(1, 5, 13, 49, 5971);1595;(1, 5, 13, 12, 1595);ויולד;2;12;ויחי קינן אחרי הולידו את מהללאל ארבעים שנה ושמנה מאות שנה ויולד בנים ובנות
(232813, 66, 4);6;ו;6037;(1, 5, 15, 18, 6037);1612;(1, 5, 15, 5, 1612);וששים;1;5;ויחי מהללאל חמש שנים וששים שנה ויולד את ירד
(232813, 66, 4);30;ל;6103;(1, 5, 16, 49, 6103);1628;(1, 5, 16, 12, 1628);ויולד;4;12;ויחי מהללאל אחרי הולידו את ירד שלשים שנה ושמנה מאות שנה ויולד בנים ובנות
(232813, 66, 4);6;ו;6169;(1, 5, 18, 12, 6169);1645;(1, 5, 18, 4, 1645);וששים;1;4;ויחי ירד שתים וששים שנה ומאת שנה ויולד את חנוך
(232813, 66, 4);50;נ;6235;(1, 5, 19, 41, 6235);1662;(1, 5, 19, 11, 1662);בנים;2;11;ויחי ירד אחרי הולידו את חנוך שמנה מאות שנה ויולד בנים ובנות
(232813, 66, 4);5;ה;6301;(1, 5, 21, 19, 6301);1679;(1, 5, 21, 5, 1679);שנה;3;5;ויחי חנוך חמש וששים שנה ויולד את מתושלח
(232813, 66, 4);50;נ;6367;(1, 5, 22, 53, 6367);1695;(1, 5, 22, 13, 1695);בנים;2;13;ויתהלך חנוך את האלהים אחרי הולידו את מתושלח שלש מאות שנה ויולד בנים ובנות
(232813, 66, 4);6;ו;6433;(1, 5, 24, 24, 6433);1711;(1, 5, 24, 5, 1711);ואיננו;6;5;ויתהלך חנוך את האלהים ואיננו כי לקח אתו אלהים
(232813, 66, 4);10;י;6499;(1, 5, 26, 14, 6499);1728;(1, 5, 26, 3, 1728);אחרי;4;3;ויחי מתושלח אחרי הולידו את למך שתים ושמונים שנה ושבע מאות שנה ויולד בנים ובנות
(232813, 66, 4);8;ח;6565;(1, 5, 27, 16, 6565);1744;(1, 5, 27, 4, 1744);מתושלח;6;4;ויהיו כל ימי מתושלח תשע וששים שנה ותשע מאות שנה וימת
(232813, 66, 4);1;א;6631;(1, 5, 29, 6, 6631);1762;(1, 5, 29, 2, 1762);את;1;2;ויקרא את שמו נח לאמר זה ינחמנו ממעשנו ומעצבון ידינו מן האדמה אשר אררה יהוה
(232813, 66, 4);5;ה;6697;(1, 5, 30, 12, 6697);1779;(1, 5, 30, 4, 1779);הולידו;1;4;ויחי למך אחרי הולידו את נח חמש ותשעים שנה וחמש מאת שנה ויולד בנים ובנות
(232813, 66, 4);40;ם;6763;(1, 5, 31, 21, 6763);1796;(1, 5, 31, 6, 1796);ושבעים;6;6;ויהי כל ימי למך שבע ושבעים שנה ושבע מאות שנה וימת
(232813, 66, 4);30;ל;6829;(1, 6, 1, 9, 6829);1818;(1, 6, 1, 3, 1818);החל;3;3;ויהי כי החל האדם לרב על פני האדמה ובנות ילדו להם
(232813, 66, 4);6;ו;6895;(1, 6, 2, 37, 6895);1836;(1, 6, 2, 10, 1836);ויקחו;5;10;ויראו בני האלהים את בנות האדם כי טבת הנה ויקחו להם נשים מכל אשר בחרו
(232813, 66, 4);6;ו;6961;(1, 6, 3, 49, 6961);1855;(1, 6, 3, 14, 1855);ועשרים;1;14;ויאמר יהוה לא ידון רוחי באדם לעלם בשגם הוא בשר והיו ימיו מאה ועשרים שנה
(232813, 66, 4);10;י;7027;(1, 6, 4, 58, 7027);1872;(1, 6, 4, 16, 1872);וילדו;2;16;הנפלים היו בארץ בימים ההם וגם אחרי כן אשר יבאו בני האלהים אל בנות האדם וילדו להם המה הגברים אשר מעולם אנשי השם
(232813, 66, 4);30;ל;7093;(1, 6, 5, 36, 7093);1890;(1, 6, 5, 11, 1890);לבו;1;11;וירא יהוה כי רבה רעת האדם בארץ וכל יצר מחשבת לבו רק רע כל היום
(232813, 66, 4);40;ם;7159;(1, 6, 7, 19, 7159);1909;(1, 6, 7, 5, 1909);האדם;4;5;ויאמר יהוה אמחה את האדם אשר בראתי מעל פני האדמה מאדם עד בהמה עד רמש ועד עוף השמים כי נחמתי כי עשיתם
(232813, 66, 4);8;ח;7225;(1, 6, 8, 7, 7225);1929;(1, 6, 8, 3, 1929);חן;1;3;ונח מצא חן בעיני יהוה
(232813, 66, 4);30;ל;7291;(1, 6, 10, 9, 7291);1947;(1, 6, 10, 3, 1947);שלשה;2;3;ויולד נח שלשה בנים את שם את חם ואת יפת
(232813, 66, 4);90;ץ;7357;(1, 6, 12, 15, 7357);1965;(1, 6, 12, 4, 1965);הארץ;4;4;וירא אלהים את הארץ והנה נשחתה כי השחית כל בשר את דרכו על הארץ
(232813, 66, 4);5;ה;7423;(1, 6, 13, 33, 7423);1986;(1, 6, 13, 11, 1986);הארץ;1;11;ויאמר אלהים לנח קץ כל בשר בא לפני כי מלאה הארץ חמס מפניהם והנני משחיתם את הארץ
(232813, 66, 4);40;מ;7489;(1, 6, 14, 37, 7489);2004;(1, 6, 14, 12, 2004);מבית;1;12;עשה לך תבת עצי גפר קנים תעשה את התבה וכפרת אתה מבית ומחוץ בכפר
(232813, 66, 4);40;מ;7555;(1, 6, 15, 54, 7555);2021;(1, 6, 15, 15, 2021);קומתה;3;15;וזה אשר תעשה אתה שלש מאות אמה ארך התבה חמשים אמה רחבה ושלשים אמה קומתה
(232813, 66, 4);6;ו;7621;(1, 6, 17, 1, 7621);2037;(1, 6, 17, 1, 2037);ואני;1;1;ואני הנני מביא את המבול מים על הארץ לשחת כל בשר אשר בו רוח חיים מתחת השמים כל אשר בארץ יגוע
(232813, 66, 4);90;ץ;7687;(1, 6, 17, 67, 7687);2056;(1, 6, 17, 20, 2056);בארץ;4;20;ואני הנני מביא את המבול מים על הארץ לשחת כל בשר אשר בו רוח חיים מתחת השמים כל אשר בארץ יגוע
(232813, 66, 4);300;ש;7753;(1, 6, 19, 12, 7753);2074;(1, 6, 19, 4, 2074);בשר;2;4;ומכל החי מכל בשר שנים מכל תביא אל התבה להחית אתך זכר ונקבה יהיו
(232813, 66, 4);200;ר;7819;(1, 6, 20, 28, 7819);2091;(1, 6, 20, 7, 2091);רמש;1;7;מהעוף למינהו ומן הבהמה למינה מכל רמש האדמה למינהו שנים מכל יבאו אליך להחיות
(232813, 66, 4);6;ו;7885;(1, 6, 21, 32, 7885);2108;(1, 6, 21, 10, 2108);והיה;1;10;ואתה קח לך מכל מאכל אשר יאכל ואספת אליך והיה לך ולהם לאכלה
(232813, 66, 4);20;ך;7951;(1, 7, 1, 24, 7951);2127;(1, 7, 1, 7, 2127);ביתך;4;7;ויאמר יהוה לנח בא אתה וכל ביתך אל התבה כי אתך ראיתי צדיק לפני בדור הזה
(232813, 66, 4);6;ו;8017;(1, 7, 2, 35, 8017);2145;(1, 7, 2, 9, 2145);ואשתו;5;9;מכל הבהמה הטהורה תקח לך שבעה שבעה איש ואשתו ומן הבהמה אשר לא טהרה הוא שנים איש ואשתו
(232813, 66, 4);200;ר;8083;(1, 7, 3, 34, 8083);2163;(1, 7, 3, 9, 2163);זרע;2;9;גם מעוף השמים שבעה שבעה זכר ונקבה לחיות זרע על פני כל הארץ
(232813, 66, 4);400;ת;8149;(1, 7, 4, 54, 8149);2180;(1, 7, 4, 13, 2180);ומחיתי;5;13;כי לימים עוד שבעה אנכי ממטיר על הארץ ארבעים יום וארבעים לילה ומחיתי את כל היקום אשר עשיתי מעל פני האדמה
(232813, 66, 4);40;מ;8215;(1, 7, 6, 17, 8215);2200;(1, 7, 6, 6, 2200);והמבול;3;6;ונח בן שש מאות שנה והמבול היה מים על הארץ
(232813, 66, 4);5;ה;8281;(1, 7, 8, 7, 8281);2218;(1, 7, 8, 2, 2218);הבהמה;5;2;מן הבהמה הטהורה ומן הבהמה אשר איננה טהרה ומן העוף וכל אשר רמש על האדמה
(232813, 66, 4);30;ל;8347;(1, 7, 9, 17, 8347);2237;(1, 7, 9, 6, 2237);אל;2;6;שנים שנים באו אל נח אל התבה זכר ונקבה כאשר צוה אלהים את נח
(232813, 66, 4);40;מ;8413;(1, 7, 11, 7, 8413);2256;(1, 7, 11, 3, 2256);מאות;1;3;בשנת שש מאות שנה לחיי נח בחדש השני בשבעה עשר יום לחדש ביום הזה נבקעו כל מעינות תהום רבה וארבת השמים נפתחו
(232813, 66, 4);2;ב;8479;(1, 7, 11, 73, 8479);2273;(1, 7, 11, 20, 2273);וארבת;4;20;בשנת שש מאות שנה לחיי נח בחדש השני בשבעה עשר יום לחדש ביום הזה נבקעו כל מעינות תהום רבה וארבת השמים נפתחו
(232813, 66, 4);40;ם;8545;(1, 7, 13, 21, 8545);2290;(1, 7, 13, 7, 2290);וחם;3;7;בעצם היום הזה בא נח ושם וחם ויפת בני נח ואשת נח ושלשת נשי בניו אתם אל התבה
(232813, 66, 4);20;כ;8611;(1, 7, 14, 30, 8611);2309;(1, 7, 14, 8, 2309);וכל;2;8;המה וכל החיה למינה וכל הבהמה למינה וכל הרמש הרמש על הארץ למינהו וכל העוף למינהו כל צפור כל כנף
(232813, 66, 4);50;נ;8677;(1, 7, 15, 21, 8677);2328;(1, 7, 15, 7, 2328);שנים;2;7;ויבאו אל נח אל התבה שנים שנים מכל הבשר אשר בו רוח חיים
(232813, 66, 4);5;ה;8743;(1, 7, 16, 45, 8743);2346;(1, 7, 16, 12, 2346);יהוה;2;12;והבאים זכר ונקבה מכל בשר באו כאשר צוה אתו אלהים ויסגר יהוה בעדו
(232813, 66, 4);200;ר;8809;(1, 7, 18, 5, 8809);2362;(1, 7, 18, 1, 2362);ויגברו;5;1;ויגברו המים וירבו מאד על הארץ ותלך התבה על פני המים
(232813, 66, 4);5;ה;8875;(1, 7, 19, 30, 8875);2381;(1, 7, 19, 9, 2381);ההרים;2;9;והמים גברו מאד מאד על הארץ ויכסו כל ההרים הגבהים אשר תחת כל השמים
(232813, 66, 4);200;ר;8941;(1, 7, 21, 10, 8941);2397;(1, 7, 21, 3, 2397);בשר;3;3;ויגוע כל בשר הרמש על הארץ בעוף ובבהמה ובחיה ובכל השרץ השרץ על הארץ וכל האדם
(232813, 66, 4);40;ם;9007;(1, 7, 22, 16, 9007);2415;(1, 7, 22, 5, 2415);חיים;4;5;כל אשר נשמת רוח חיים באפיו מכל אשר בחרבה מתו
(232813, 66, 4);80;ף;9073;(1, 7, 23, 47, 9073);2435;(1, 7, 23, 15, 2435);עוף;3;15;וימח את כל היקום אשר על פני האדמה מאדם עד בהמה עד רמש ועד עוף השמים וימחו מן הארץ וישאר אך נח ואשר אתו בתבה
(232813, 66, 4);10;י;9139;(1, 8, 1, 2, 9139);2453;(1, 8, 1, 1, 2453);ויזכר;2;1;ויזכר אלהים את נח ואת כל החיה ואת כל הבהמה אשר אתו בתבה ויעבר אלהים רוח על הארץ וישכו המים
(232813, 66, 4);5;ה;9205;(1, 8, 1, 68, 9205);2472;(1, 8, 1, 20, 2472);המים;1;20;ויזכר אלהים את נח ואת כל החיה ואת כל הבהמה אשר אתו בתבה ויעבר אלהים רוח על הארץ וישכו המים
(232813, 66, 4);300;ש;9271;(1, 8, 3, 22, 9271);2487;(1, 8, 3, 6, 2487);ושוב;2;6;וישבו המים מעל הארץ הלוך ושוב ויחסרו המים מקצה חמשים ומאת יום
(232813, 66, 4);10;י;9337;(1, 8, 4, 38, 9337);2503;(1, 8, 4, 10, 2503);הרי;3;10;ותנח התבה בחדש השביעי בשבעה עשר יום לחדש על הרי אררט
(232813, 66, 4);100;ק;9403;(1, 8, 6, 6, 9403);2519;(1, 8, 6, 2, 2519);מקץ;2;2;ויהי מקץ ארבעים יום ויפתח נח את חלון התבה אשר עשה
(232813, 66, 4);40;ם;9469;(1, 8, 7, 33, 9469);2537;(1, 8, 7, 9, 2537);המים;4;9;וישלח את הערב ויצא יצוא ושוב עד יבשת המים מעל הארץ
(232813, 66, 4);80;ף;9535;(1, 8, 9, 19, 9535);2554;(1, 8, 9, 5, 2554);לכף;3;5;ולא מצאה היונה מנוח לכף רגלה ותשב אליו אל התבה כי מים על פני כל הארץ וישלח ידו ויקחה ויבא אתה אליו אל התבה
(232813, 66, 4);10;י;9601;(1, 8, 10, 2, 9601);2574;(1, 8, 10, 1, 2574);ויחל;2;1;ויחל עוד שבעת ימים אחרים ויסף שלח את היונה מן התבה
(232813, 66, 4);10;י;9667;(1, 8, 11, 28, 9667);2592;(1, 8, 11, 8, 2592);זית;2;8;ותבא אליו היונה לעת ערב והנה עלה זית טרף בפיה וידע נח כי קלו המים מעל הארץ
(232813, 66, 4);1;א;9733;(1, 8, 12, 36, 9733);2610;(1, 8, 12, 9, 2610);ולא;3;9;וייחל עוד שבעת ימים אחרים וישלח את היונה ולא יספה שוב אליו עוד
(232813, 66, 4);50;נ;9799;(1, 8, 13, 52, 9799);2628;(1, 8, 13, 14, 2628);נח;1;14;ויהי באחת ושש מאות שנה בראשון באחד לחדש חרבו המים מעל הארץ ויסר נח את מכסה התבה וירא והנה חרבו פני האדמה
(232813, 66, 4);90;ץ;9865;(1, 8, 14, 35, 9865);2644;(1, 8, 14, 8, 2644);הארץ;4;8;ובחדש השני בשבעה ועשרים יום לחדש יבשה הארץ
(232813, 66, 4);2;ב;9931;(1, 8, 17, 16, 9931);2664;(1, 8, 17, 6, 2664);בשר;1;6;כל החיה אשר אתך מכל בשר בעוף ובבהמה ובכל הרמש הרמש על הארץ הוצא אתך ושרצו בארץ ופרו ורבו על הארץ
(232813, 66, 4);8;ח;9997;(1, 8, 18, 6, 9997);2681;(1, 8, 18, 2, 2681);נח;2;2;ויצא נח ובניו ואשתו ונשי בניו אתו
(232813, 66, 4);40;מ;10063;(1, 8, 19, 45, 10063);2699;(1, 8, 19, 13, 2699);מן;1;13;כל החיה כל הרמש וכל העוף כל רומש על הארץ למשפחתיהם יצאו מן התבה
(232813, 66, 4);8;ח;10129;(1, 8, 21, 4, 10129);2715;(1, 8, 21, 1, 2715);וירח;4;1;וירח יהוה את ריח הניחח ויאמר יהוה אל לבו לא אסף לקלל עוד את האדמה בעבור האדם כי יצר לב האדם רע מנעריו ולא אסף עוד להכות את כל חי כאשר עשיתי
(232813, 66, 4);4;ד;10195;(1, 8, 21, 70, 10195);2735;(1, 8, 21, 21, 2735);האדם;3;21;וירח יהוה את ריח הניחח ויאמר יהוה אל לבו לא אסף לקלל עוד את האדמה בעבור האדם כי יצר לב האדם רע מנעריו ולא אסף עוד להכות את כל חי כאשר עשיתי
(232813, 66, 4);10;י;10261;(1, 8, 22, 28, 10261);2755;(1, 8, 22, 9, 2755);וקיץ;3;9;עד כל ימי הארץ זרע וקציר וקר וחם וקיץ וחרף ויום ולילה לא ישבתו
(232813, 66, 4);1;א;10327;(1, 9, 1, 45, 10327);2773;(1, 9, 1, 13, 2773);הארץ;2;13;ויברך אלהים את נח ואת בניו ויאמר להם פרו ורבו ומלאו את הארץ
(232813, 66, 4);10;י;10393;(1, 9, 2, 64, 10393);2791;(1, 9, 2, 18, 2791);הים;2;18;ומוראכם וחתכם יהיה על כל חית הארץ ועל כל עוף השמים בכל אשר תרמש האדמה ובכל דגי הים בידכם נתנו
(232813, 66, 4);6;ו;10459;(1, 9, 4, 13, 10459);2811;(1, 9, 4, 4, 2811);דמו;3;4;אך בשר בנפשו דמו לא תאכלו
(232813, 66, 4);400;ת;10525;(1, 9, 5, 59, 10525);2829;(1, 9, 5, 16, 2829);את;2;16;ואך את דמכם לנפשתיכם אדרש מיד כל חיה אדרשנו ומיד האדם מיד איש אחיו אדרש את נפש האדם
(232813, 66, 4);90;ץ;10591;(1, 9, 7, 19, 10591);2848;(1, 9, 7, 5, 2848);בארץ;4;5;ואתם פרו ורבו שרצו בארץ ורבו בה
(232813, 66, 4);1;א;10657;(1, 9, 9, 32, 10657);2867;(1, 9, 9, 9, 2867);אחריכם;1;9;ואני הנני מקים את בריתי אתכם ואת זרעכם אחריכם
(232813, 66, 4);5;ה;10723;(1, 9, 10, 61, 10723);2885;(1, 9, 10, 18, 2885);הארץ;1;18;ואת כל נפש החיה אשר אתכם בעוף בבהמה ובכל חית הארץ אתכם מכל יצאי התבה לכל חית הארץ
(232813, 66, 4);6;ו;10789;(1, 9, 12, 1, 10789);2903;(1, 9, 12, 1, 2903);ויאמר;1;1;ויאמר אלהים זאת אות הברית אשר אני נתן ביני וביניכם ובין כל נפש חיה אשר אתכם לדרת עולם
(232813, 66, 4);30;ל;10855;(1, 9, 12, 67, 10855);2920;(1, 9, 12, 18, 2920);עולם;3;18;ויאמר אלהים זאת אות הברית אשר אני נתן ביני וביניכם ובין כל נפש חיה אשר אתכם לדרת עולם
(232813, 66, 4);100;ק;10921;(1, 9, 14, 26, 10921);2937;(1, 9, 14, 7, 2937);הקשת;2;7;והיה בענני ענן על הארץ ונראתה הקשת בענן
(232813, 66, 4);30;ל;10987;(1, 9, 15, 60, 10987);2955;(1, 9, 15, 17, 2955);למבול;1;17;וזכרתי את בריתי אשר ביני וביניכם ובין כל נפש חיה בכל בשר ולא יהיה עוד המים למבול לשחת כל בשר
(232813, 66, 4);2;ב;11053;(1, 9, 16, 53, 11053);2972;(1, 9, 16, 14, 2972);בכל;1;14;והיתה הקשת בענן וראיתיה לזכר ברית עולם בין אלהים ובין כל נפש חיה בכל בשר אשר על הארץ
(232813, 66, 4);5;ה;11119;(1, 9, 17, 52, 11119);2992;(1, 9, 17, 16, 2992);הארץ;1;16;ויאמר אלהים אל נח זאת אות הברית אשר הקמתי ביני ובין כל בשר אשר על הארץ
(232813, 66, 4);80;פ;11185;(1, 9, 19, 19, 11185);3011;(1, 9, 19, 6, 3011);נפצה;2;6;שלשה אלה בני נח ומאלה נפצה כל הארץ
(232813, 66, 4);10;י;11251;(1, 9, 22, 9, 11251);3029;(1, 9, 22, 3, 3029);אבי;3;3;וירא חם אבי כנען את ערות אביו ויגד לשני אחיו בחוץ
(232813, 66, 4);30;ל;11317;(1, 9, 23, 36, 11317);3047;(1, 9, 23, 10, 3047);וילכו;3;10;ויקח שם ויפת את השמלה וישימו על שכם שניהם וילכו אחרנית ויכסו את ערות אביהם ופניהם אחרנית וערות אביהם לא ראו
(232813, 66, 4);4;ד;11383;(1, 9, 24, 15, 11383);3062;(1, 9, 24, 4, 3062);וידע;3;4;וייקץ נח מיינו וידע את אשר עשה לו בנו הקטן
(232813, 66, 4);300;ש;11449;(1, 9, 26, 18, 11449);3080;(1, 9, 26, 5, 3080);שם;1;5;ויאמר ברוך יהוה אלהי שם ויהי כנען עבד למו
(232813, 66, 4);6;ו;11515;(1, 9, 28, 13, 11515);3098;(1, 9, 28, 4, 3098);המבול;4;4;ויחי נח אחר המבול שלש מאות שנה וחמשים שנה
(232813, 66, 4);10;י;11581;(1, 10, 1, 12, 11581);3116;(1, 10, 1, 3, 3116);בני;3;3;ואלה תולדת בני נח שם חם ויפת ויולדו להם בנים אחר המבול
(232813, 66, 4);60;ס;11647;(1, 10, 2, 35, 11647);3134;(1, 10, 2, 9, 3134);ותירס;5;9;בני יפת גמר ומגוג ומדי ויון ותבל ומשך ותירס
(232813, 66, 4);6;ו;11713;(1, 10, 5, 15, 11713);3149;(1, 10, 5, 4, 3149);הגוים;3;4;מאלה נפרדו איי הגוים בארצתם איש ללשנו למשפחתם בגויהם
(232813, 66, 4);6;ו;11779;(1, 10, 7, 13, 11779);3164;(1, 10, 7, 4, 3164);וחוילה;3;4;ובני כוש סבא וחוילה וסבתה ורעמה וסבתכא ובני רעמה שבא ודדן
(232813, 66, 4);5;ה;11845;(1, 10, 9, 1, 11845);3181;(1, 10, 9, 1, 3181);הוא;1;1;הוא היה גבר ציד לפני יהוה על כן יאמר כנמרד גבור ציד לפני יהוה
(232813, 66, 4);6;ו;11911;(1, 10, 10, 19, 11911);3199;(1, 10, 10, 5, 3199);וארך;1;5;ותהי ראשית ממלכתו בבל וארך ואכד וכלנה בארץ שנער
(232813, 66, 4);1;א;11977;(1, 10, 12, 2, 11977);3217;(1, 10, 12, 1, 3217);ואת;2;1;ואת רסן בין נינוה ובין כלח הוא העיר הגדלה
(232813, 66, 4);400;ת;12043;(1, 10, 13, 35, 12043);3234;(1, 10, 13, 9, 3234);ואת;3;9;ומצרים ילד את לודים ואת ענמים ואת להבים ואת נפתחים
(232813, 66, 4);200;ר;12109;(1, 10, 15, 17, 12109);3250;(1, 10, 15, 5, 3250);בכרו;3;5;וכנען ילד את צידן בכרו ואת חת
(232813, 66, 4);1;א;12175;(1, 10, 18, 11, 12175);3267;(1, 10, 18, 3, 3267);ואת;2;3;ואת הארודי ואת הצמרי ואת החמתי ואחר נפצו משפחות הכנעני
(232813, 66, 4);5;ה;12241;(1, 10, 19, 32, 12241);3282;(1, 10, 19, 8, 3282);עזה;3;8;ויהי גבול הכנעני מצידן באכה גררה עד עזה באכה סדמה ועמרה ואדמה וצבים עד לשע
(232813, 66, 4);10;י;12307;(1, 10, 21, 5, 12307);3298;(1, 10, 21, 2, 3298);ילד;1;2;ולשם ילד גם הוא אבי כל בני עבר אחי יפת הגדול
(232813, 66, 4);70;ע;12373;(1, 10, 23, 8, 12373);3317;(1, 10, 23, 3, 3317);עוץ;1;3;ובני ארם עוץ וחול וגתר ומש
(232813, 66, 4);10;י;12439;(1, 10, 25, 26, 12439);3336;(1, 10, 25, 8, 3336);כי;2;8;ולעבר ילד שני בנים שם האחד פלג כי בימיו נפלגה הארץ ושם אחיו יקטן
(232813, 66, 4);5;ה;12505;(1, 10, 27, 4, 12505);3354;(1, 10, 27, 2, 3354);הדורם;1;2;ואת הדורם ואת אוזל ואת דקלה
(232813, 66, 4);30;ל;12571;(1, 10, 29, 26, 12571);3372;(1, 10, 29, 8, 3372);אלה;2;8;ואת אופר ואת חוילה ואת יובב כל אלה בני יקטן
(232813, 66, 4);10;י;12637;(1, 10, 31, 31, 12637);3388;(1, 10, 31, 7, 3388);לגויהם;4;7;אלה בני שם למשפחתם ללשנתם בארצתם לגויהם
(232813, 66, 4);300;ש;12703;(1, 11, 1, 11, 12703);3404;(1, 11, 1, 4, 3404);שפה;1;4;ויהי כל הארץ שפה אחת ודברים אחדים
(232813, 66, 4);200;ר;12769;(1, 11, 3, 12, 12769);3420;(1, 11, 3, 4, 3420);רעהו;1;4;ויאמרו איש אל רעהו הבה נלבנה לבנים ונשרפה לשרפה ותהי להם הלבנה לאבן והחמר היה להם לחמר
(232813, 66, 4);2;ב;12835;(1, 11, 4, 8, 12835);3435;(1, 11, 4, 2, 3435);הבה;2;2;ויאמרו הבה נבנה לנו עיר ומגדל וראשו בשמים ונעשה לנו שם פן נפוץ על פני כל הארץ
(232813, 66, 4);1;א;12901;(1, 11, 5, 13, 12901);3454;(1, 11, 5, 4, 3454);את;1;4;וירד יהוה לראת את העיר ואת המגדל אשר בנו בני האדם
(232813, 66, 4);6;ו;12967;(1, 11, 6, 40, 12967);3473;(1, 11, 6, 12, 3473);ועתה;1;12;ויאמר יהוה הן עם אחד ושפה אחת לכלם וזה החלם לעשות ועתה לא יבצר מהם כל אשר יזמו לעשות
(232813, 66, 4);10;י;13033;(1, 11, 8, 2, 13033);3492;(1, 11, 8, 1, 3492);ויפץ;2;1;ויפץ יהוה אתם משם על פני כל הארץ ויחדלו לבנת העיר
(232813, 66, 4);30;ל;13099;(1, 11, 9, 29, 13099);3513;(1, 11, 9, 11, 3513);כל;2;11;על כן קרא שמה בבל כי שם בלל יהוה שפת כל הארץ ומשם הפיצם יהוה על פני כל הארץ
(232813, 66, 4);40;ם;13165;(1, 11, 10, 38, 13165);3532;(1, 11, 10, 11, 3532);שנתים;5;11;אלה תולדת שם שם בן מאת שנה ויולד את ארפכשד שנתים אחר המבול
(232813, 66, 4);8;ח;13231;(1, 11, 12, 10, 13231);3549;(1, 11, 12, 3, 3549);חמש;1;3;וארפכשד חי חמש ושלשים שנה ויולד את שלח
(232813, 66, 4);6;ו;13297;(1, 11, 13, 45, 13297);3566;(1, 11, 13, 12, 3566);ויולד;1;12;ויחי ארפכשד אחרי הולידו את שלח שלש שנים וארבע מאות שנה ויולד בנים ובנות
(232813, 66, 4);40;ם;13363;(1, 11, 15, 29, 13363);3583;(1, 11, 15, 8, 3583);שנים;4;8;ויחי שלח אחרי הולידו את עבר שלש שנים וארבע מאות שנה ויולד בנים ובנות
(232813, 66, 4);200;ר;13429;(1, 11, 17, 10, 13429);3600;(1, 11, 17, 3, 3600);אחרי;3;3;ויחי עבר אחרי הולידו את פלג שלשים שנה וארבע מאות שנה ויולד בנים ובנות
(232813, 66, 4);4;ד;13495;(1, 11, 18, 20, 13495);3616;(1, 11, 18, 5, 3616);ויולד;5;5;ויחי פלג שלשים שנה ויולד את רעו
(232813, 66, 4);400;ת;13561;(1, 11, 20, 9, 13561);3634;(1, 11, 20, 3, 3634);שתים;2;3;ויחי רעו שתים ושלשים שנה ויולד את שרוג
(232813, 66, 4);4;ד;13627;(1, 11, 21, 44, 13627);3650;(1, 11, 21, 11, 3650);ויולד;5;11;ויחי רעו אחרי הולידו את שרוג שבע שנים ומאתים שנה ויולד בנים ובנות
(232813, 66, 4);300;ש;13693;(1, 11, 23, 30, 13693);3667;(1, 11, 23, 8, 3667);שנה;1;8;ויחי שרוג אחרי הולידו את נחור מאתים שנה ויולד בנים ובנות
(232813, 66, 4);400;ת;13759;(1, 11, 25, 20, 13759);3683;(1, 11, 25, 5, 3683);את;2;5;ויחי נחור אחרי הולידו את תרח תשע עשרה שנה ומאת שנה ויולד בנים ובנות
(232813, 66, 4);200;ר;13825;(1, 11, 26, 32, 13825);3701;(1, 11, 26, 9, 3701);נחור;4;9;ויחי תרח שבעים שנה ויולד את אברם את נחור ואת הרן
(232813, 66, 4);70;ע;13891;(1, 11, 28, 8, 13891);3721;(1, 11, 28, 3, 3721);על;1;3;וימת הרן על פני תרח אביו בארץ מולדתו באור כשדים
(232813, 66, 4);1;א;13957;(1, 11, 29, 36, 13957);3739;(1, 11, 29, 11, 3739);אשת;1;11;ויקח אברם ונחור להם נשים שם אשת אברם שרי ושם אשת נחור מלכה בת הרן אבי מלכה ואבי יסכה
(232813, 66, 4);6;ו;14023;(1, 11, 31, 17, 14023);3759;(1, 11, 31, 6, 3759);ואת;1;6;ויקח תרח את אברם בנו ואת לוט בן הרן בן בנו ואת שרי כלתו אשת אברם בנו ויצאו אתם מאור כשדים ללכת ארצה כנען ויבאו עד חרן וישבו שם
(232813, 66, 4);10;י;14089;(1, 11, 31, 83, 14089);3778;(1, 11, 31, 25, 3778);ויבאו;2;25;ויקח תרח את אברם בנו ואת לוט בן הרן בן בנו ואת שרי כלתו אשת אברם בנו ויצאו אתם מאור כשדים ללכת ארצה כנען ויבאו עד חרן וישבו שם
(232813, 66, 4);2;ב;14155;(1, 12, 1, 13, 14155);3796;(1, 12, 1, 4, 3796);אברם;2;4;ויאמר יהוה אל אברם לך לך מארצך וממולדתך ומבית אביך אל הארץ אשר אראך
(232813, 66, 4);5;ה;14221;(1, 12, 2, 25, 14221);3811;(1, 12, 2, 5, 3811);ואגדלה;6;5;ואעשך לגוי גדול ואברכך ואגדלה שמך והיה ברכה
(232813, 66, 4);2;ב;14287;(1, 12, 4, 14, 14287);3827;(1, 12, 4, 4, 3827);דבר;2;4;וילך אברם כאשר דבר אליו יהוה וילך אתו לוט ואברם בן חמש שנים ושבעים שנה בצאתו מחרן
(232813, 66, 4);300;ש;14353;(1, 12, 5, 15, 14353);3845;(1, 12, 5, 5, 3845);אשתו;2;5;ויקח אברם את שרי אשתו ואת לוט בן אחיו ואת כל רכושם אשר רכשו ואת הנפש אשר עשו בחרן ויצאו ללכת ארצה כנען ויבאו ארצה כנען
(232813, 66, 4);6;ו;14419;(1, 12, 5, 81, 14419);3864;(1, 12, 5, 24, 3864);ויבאו;1;24;ויקח אברם את שרי אשתו ואת לוט בן אחיו ואת כל רכושם אשר רכשו ואת הנפש אשר עשו בחרן ויצאו ללכת ארצה כנען ויבאו ארצה כנען
(232813, 66, 4);1;א;14485;(1, 12, 7, 9, 14485);3881;(1, 12, 7, 3, 3881);אל;1;3;וירא יהוה אל אברם ויאמר לזרעך אתן את הארץ הזאת ויבן שם מזבח ליהוה הנראה אליו
(232813, 66, 4);100;ק;14551;(1, 12, 8, 14, 14551);3898;(1, 12, 8, 4, 3898);מקדם;2;4;ויעתק משם ההרה מקדם לבית אל ויט אהלה בית אל מים והעי מקדם ויבן שם מזבח ליהוה ויקרא בשם יהוה
(232813, 66, 4);40;ם;14617;(1, 12, 9, 8, 14617);3916;(1, 12, 9, 2, 3916);אברם;4;2;ויסע אברם הלוך ונסוע הנגבה
(232813, 66, 4);200;ר;14683;(1, 12, 11, 8, 14683);3933;(1, 12, 11, 2, 3933);כאשר;4;2;ויהי כאשר הקריב לבוא מצרימה ויאמר אל שרי אשתו הנה נא ידעתי כי אשה יפת מראה את
(232813, 66, 4);20;ך;14749;(1, 12, 12, 13, 14749);3952;(1, 12, 12, 4, 3952);אתך;3;4;והיה כי יראו אתך המצרים ואמרו אשתו זאת והרגו אתי ואתך יחיו
(232813, 66, 4);400;ת;14815;(1, 12, 13, 32, 14815);3969;(1, 12, 13, 9, 3969);וחיתה;4;9;אמרי נא אחתי את למען ייטב לי בעבורך וחיתה נפשי בגללך
(232813, 66, 4);200;ר;14881;(1, 12, 15, 10, 14881);3986;(1, 12, 15, 3, 3986);שרי;2;3;ויראו אתה שרי פרעה ויהללו אתה אל פרעה ותקח האשה בית פרעה
(232813, 66, 4);6;ו;14947;(1, 12, 16, 31, 14947);4003;(1, 12, 16, 8, 4003);וחמרים;1;8;ולאברם היטיב בעבורה ויהי לו צאן ובקר וחמרים ועבדים ושפחת ואתנת וגמלים
(232813, 66, 4);200;ר;15013;(1, 12, 17, 39, 15013);4018;(1, 12, 17, 11, 4018);שרי;2;11;וינגע יהוה את פרעה נגעים גדלים ואת ביתו על דבר שרי אשת אברם
(232813, 66, 4);1;א;15079;(1, 12, 19, 8, 15079);4038;(1, 12, 19, 3, 4038);אחתי;1;3;למה אמרת אחתי הוא ואקח אתה לי לאשה ועתה הנה אשתך קח ולך
(232813, 66, 4);300;ש;15145;(1, 12, 20, 31, 15145);4056;(1, 12, 20, 8, 4056);אשתו;2;8;ויצו עליו פרעה אנשים וישלחו אתו ואת אשתו ואת כל אשר לו
(232813, 66, 4);2;ב;15211;(1, 13, 2, 12, 15211);4075;(1, 13, 2, 4, 4075);במקנה;1;4;ואברם כבד מאד במקנה בכסף ובזהב
(232813, 66, 4);1;א;15277;(1, 13, 3, 53, 15277);4093;(1, 13, 3, 16, 4093);אל;1;16;וילך למסעיו מנגב ועד בית אל עד המקום אשר היה שם אהלה בתחלה בין בית אל ובין העי
(232813, 66, 4);2;ב;15343;(1, 13, 5, 15, 15343);4112;(1, 13, 5, 5, 4112);אברם;2;5;וגם ללוט ההלך את אברם היה צאן ובקר ואהלים
(232813, 66, 4);6;ו;15409;(1, 13, 6, 48, 15409);4130;(1, 13, 6, 14, 4130);יחדו;4;14;ולא נשא אתם הארץ לשבת יחדו כי היה רכושם רב ולא יכלו לשבת יחדו
(232813, 66, 4);40;ם;15475;(1, 13, 8, 9, 15475);4147;(1, 13, 8, 2, 4147);אברם;4;2;ויאמר אברם אל לוט אל נא תהי מריבה ביני ובינך ובין רעי ובין רעיך כי אנשים אחים אנחנו
(232813, 66, 4);90;ץ;15541;(1, 13, 9, 9, 15541);4166;(1, 13, 9, 3, 4166);הארץ;4;3;הלא כל הארץ לפניך הפרד נא מעלי אם השמאל ואימנה ואם הימין ואשמאילה
(232813, 66, 4);30;ל;15607;(1, 13, 10, 22, 15607);4183;(1, 13, 10, 7, 4183);כל;2;7;וישא לוט את עיניו וירא את כל ככר הירדן כי כלה משקה לפני שחת יהוה את סדם ואת עמרה כגן יהוה כארץ מצרים באכה צער
(232813, 66, 4);2;ב;15673;(1, 13, 11, 3, 15673);4202;(1, 13, 11, 1, 4202);ויבחר;3;1;ויבחר לו לוט את כל ככר הירדן ויסע לוט מקדם ויפרדו איש מעל אחיו
(232813, 66, 4);10;י;15739;(1, 13, 12, 20, 15739);4221;(1, 13, 12, 6, 4221);ישב;1;6;אברם ישב בארץ כנען ולוט ישב בערי הככר ויאהל עד סדם
(232813, 66, 4);80;פ;15805;(1, 13, 14, 20, 15805);4238;(1, 13, 14, 6, 4238);הפרד;2;6;ויהוה אמר אל אברם אחרי הפרד לוט מעמו שא נא עיניך וראה מן המקום אשר אתה שם צפנה ונגבה וקדמה וימה
(232813, 66, 4);1;א;15871;(1, 13, 15, 11, 15871);4258;(1, 13, 15, 5, 4258);אשר;1;5;כי את כל הארץ אשר אתה ראה לך אתננה ולזרעך עד עולם
(232813, 66, 4);70;ע;15937;(1, 13, 16, 39, 15937);4277;(1, 13, 16, 12, 4277);עפר;1;12;ושמתי את זרעך כעפר הארץ אשר אם יוכל איש למנות את עפר הארץ גם זרעך ימנה
(232813, 66, 4);2;ב;16003;(1, 13, 18, 18, 16003);4294;(1, 13, 18, 5, 4294);באלני;1;5;ויאהל אברם ויבא וישב באלני ממרא אשר בחברון ויבן שם מזבח ליהוה
(232813, 66, 4);4;ד;16069;(1, 14, 1, 34, 16069);4310;(1, 14, 1, 9, 4310);כדרלעמר;2;9;ויהי בימי אמרפל מלך שנער אריוך מלך אלסר כדרלעמר מלך עילם ותדעל מלך גוים
(232813, 66, 4);4;ד;16135;(1, 14, 2, 42, 16135);4328;(1, 14, 2, 13, 4328);אדמה;2;13;עשו מלחמה את ברע מלך סדם ואת ברשע מלך עמרה שנאב מלך אדמה ושמאבר מלך צביים ומלך בלע היא צער
(232813, 66, 4);300;ש;16201;(1, 14, 4, 9, 16201);4347;(1, 14, 4, 3, 4347);שנה;1;3;שתים עשרה שנה עבדו את כדרלעמר ושלש עשרה שנה מרדו
(232813, 66, 4);6;ו;16267;(1, 14, 5, 36, 16267);4363;(1, 14, 5, 9, 4363);ויכו;1;9;ובארבע עשרה שנה בא כדרלעמר והמלכים אשר אתו ויכו את רפאים בעשתרת קרנים ואת הזוזים בהם ואת האימים בשוה קריתים
(232813, 66, 4);70;ע;16333;(1, 14, 6, 14, 16333);4378;(1, 14, 6, 4, 4378);שעיר;2;4;ואת החרי בהררם שעיר עד איל פארן אשר על המדבר
(232813, 66, 4);40;ם;16399;(1, 14, 7, 45, 16399);4397;(1, 14, 7, 13, 4397);וגם;3;13;וישבו ויבאו אל עין משפט הוא קדש ויכו את כל שדה העמלקי וגם את האמרי הישב בחצצן תמר
(232813, 66, 4);70;ע;16465;(1, 14, 8, 47, 16465);4415;(1, 14, 8, 13, 4415);צער;2;13;ויצא מלך סדם ומלך עמרה ומלך אדמה ומלך צביים ומלך בלע הוא צער ויערכו אתם מלחמה בעמק השדים
(232813, 66, 4);6;ו;16531;(1, 14, 9, 42, 16531);4431;(1, 14, 9, 11, 4431);ואריוך;1;11;את כדרלעמר מלך עילם ותדעל מלך גוים ואמרפל מלך שנער ואריוך מלך אלסר ארבעה מלכים את החמשה
(232813, 66, 4);6;ו;16597;(1, 14, 10, 37, 16597);4447;(1, 14, 10, 10, 4447);ויפלו;1;10;ועמק השדים בארת בארת חמר וינסו מלך סדם ועמרה ויפלו שמה והנשארים הרה נסו
(232813, 66, 4);6;ו;16663;(1, 14, 12, 11, 16663);4465;(1, 14, 12, 4, 4465);ואת;1;4;ויקחו את לוט ואת רכשו בן אחי אברם וילכו והוא ישב בסדם
(232813, 66, 4);10;י;16729;(1, 14, 13, 35, 16729);4481;(1, 14, 13, 8, 4481);באלני;5;8;ויבא הפליט ויגד לאברם העברי והוא שכן באלני ממרא האמרי אחי אשכל ואחי ענר והם בעלי ברית אברם
(232813, 66, 4);10;י;16795;(1, 14, 14, 28, 16795);4499;(1, 14, 14, 8, 4499);חניכיו;3;8;וישמע אברם כי נשבה אחיו וירק את חניכיו ילידי ביתו שמנה עשר ושלש מאות וירדף עד דן
(232813, 66, 4);200;ר;16861;(1, 14, 15, 30, 16861);4515;(1, 14, 15, 7, 4515);וירדפם;3;7;ויחלק עליהם לילה הוא ועבדיו ויכם וירדפם עד חובה אשר משמאל לדמשק
(232813, 66, 4);6;ו;16927;(1, 14, 16, 44, 16927);4534;(1, 14, 16, 14, 4534);ואת;1;14;וישב את כל הרכש וגם את לוט אחיו ורכשו השיב וגם את הנשים ואת העם
(232813, 66, 4);5;ה;16993;(1, 14, 17, 61, 16993);4551;(1, 14, 17, 16, 4551);שוה;3;16;ויצא מלך סדם לקראתו אחרי שובו מהכות את כדרלעמר ואת המלכים אשר אתו אל עמק שוה הוא עמק המלך
(232813, 66, 4);6;ו;17059;(1, 14, 19, 15, 17059);4568;(1, 14, 19, 3, 4568);ברוך;3;3;ויברכהו ויאמר ברוך אברם לאל עליון קנה שמים וארץ
(232813, 66, 4);1;א;17125;(1, 14, 21, 3, 17125);4586;(1, 14, 21, 1, 4586);ויאמר;3;1;ויאמר מלך סדם אל אברם תן לי הנפש והרכש קח לך
(232813, 66, 4);30;ל;17191;(1, 14, 22, 35, 17191);4607;(1, 14, 22, 11, 4607);עליון;2;11;ויאמר אברם אל מלך סדם הרמתי ידי אל יהוה אל עליון קנה שמים וארץ
(232813, 66, 4);40;ם;17257;(1, 14, 23, 52, 17257);4626;(1, 14, 23, 16, 4626);אברם;4;16;אם מחוט ועד שרוך נעל ואם אקח מכל אשר לך ולא תאמר אני העשרתי את אברם
(232813, 66, 4);5;ה;17323;(1, 15, 1, 4, 17323);4644;(1, 15, 1, 2, 4644);הדברים;1;2;אחר הדברים האלה היה דבר יהוה אל אברם במחזה לאמר אל תירא אברם אנכי מגן לך שכרך הרבה מאד
(232813, 66, 4);10;י;17389;(1, 15, 2, 2, 17389);4662;(1, 15, 2, 1, 4662);ויאמר;2;1;ויאמר אברם אדני יהוה מה תתן לי ואנכי הולך ערירי ובן משק ביתי הוא דמשק אליעזר
(232813, 66, 4);2;ב;17455;(1, 15, 3, 7, 17455);4679;(1, 15, 3, 2, 4679);אברם;2;2;ויאמר אברם הן לי לא נתתה זרע והנה בן ביתי יורש אתי
(232813, 66, 4);300;ש;17521;(1, 15, 4, 34, 17521);4700;(1, 15, 4, 11, 4700);אשר;2;11;והנה דבר יהוה אליו לאמר לא יירשך זה כי אם אשר יצא ממעיך הוא יירשך
(232813, 66, 4);80;פ;17587;(1, 15, 5, 49, 17587);4716;(1, 15, 5, 12, 4716);לספר;3;12;ויוצא אתו החוצה ויאמר הבט נא השמימה וספר הכוכבים אם תוכל לספר אתם ויאמר לו כה יהיה זרעך
(232813, 66, 4);1;א;17653;(1, 15, 7, 23, 17653);4733;(1, 15, 7, 6, 4733);הוצאתיך;4;6;ויאמר אליו אני יהוה אשר הוצאתיך מאור כשדים לתת לך את הארץ הזאת לרשתה
(232813, 66, 4);30;ל;17719;(1, 15, 9, 7, 17719);4750;(1, 15, 9, 2, 4750);אליו;2;2;ויאמר אליו קחה לי עגלה משלשת ועז משלשת ואיל משלש ותר וגוזל
(232813, 66, 4);6;ו;17785;(1, 15, 10, 26, 17785);4769;(1, 15, 10, 9, 4769);ויתן;1;9;ויקח לו את כל אלה ויבתר אתם בתוך ויתן איש בתרו לקראת רעהו ואת הצפר לא בתר
(232813, 66, 4);300;ש;17851;(1, 15, 12, 8, 17851);4786;(1, 15, 12, 2, 4786);השמש;4;2;ויהי השמש לבוא ותרדמה נפלה על אברם והנה אימה חשכה גדלה נפלת עליו
(232813, 66, 4);5;ה;17917;(1, 15, 13, 22, 17917);4804;(1, 15, 13, 7, 4804);יהיה;2;7;ויאמר לאברם ידע תדע כי גר יהיה זרעך בארץ לא להם ועבדום וענו אתם ארבע מאות שנה
(232813, 66, 4);200;ר;17983;(1, 15, 14, 27, 17983);4822;(1, 15, 14, 8, 4822);ואחרי;4;8;וגם את הגוי אשר יעבדו דן אנכי ואחרי כן יצאו ברכש גדול
(232813, 66, 4);20;כ;18049;(1, 15, 16, 18, 18049);4839;(1, 15, 16, 5, 4839);כי;1;5;ודור רביעי ישובו הנה כי לא שלם עון האמרי עד הנה
(232813, 66, 4);5;ה;18115;(1, 15, 17, 47, 18115);4859;(1, 15, 17, 14, 4859);הגזרים;1;14;ויהי השמש באה ועלטה היה והנה תנור עשן ולפיד אש אשר עבר בין הגזרים האלה
(232813, 66, 4);40;ם;18181;(1, 15, 18, 57, 18181);4875;(1, 15, 18, 15, 4875);מצרים;5;15;ביום ההוא כרת יהוה את אברם ברית לאמר לזרעך נתתי את הארץ הזאת מנהר מצרים עד הנהר הגדל נהר פרת
(232813, 66, 4);1;א;18247;(1, 15, 21, 2, 18247);4893;(1, 15, 21, 1, 4893);ואת;2;1;ואת האמרי ואת הכנעני ואת הגרגשי ואת היבוסי
(232813, 66, 4);300;ש;18313;(1, 16, 1, 33, 18313);4910;(1, 16, 1, 10, 4910);ושמה;2;10;ושרי אשת אברם לא ילדה לו ולה שפחה מצרית ושמה הגר
(232813, 66, 4);1;א;18379;(1, 16, 2, 61, 18379);4929;(1, 16, 2, 18, 4929);אברם;1;18;ותאמר שרי אל אברם הנה נא עצרני יהוה מלדת בא נא אל שפחתי אולי אבנה ממנה וישמע אברם לקול שרי
(232813, 66, 4);50;ן;18445;(1, 16, 3, 56, 18445);4946;(1, 16, 3, 15, 4946);כנען;4;15;ותקח שרי אשת אברם את הגר המצרית שפחתה מקץ עשר שנים לשבת אברם בארץ כנען ותתן אתה לאברם אישה לו לאשה
(232813, 66, 4);300;ש;18511;(1, 16, 5, 6, 18511);4964;(1, 16, 5, 2, 4964);שרי;1;2;ותאמר שרי אל אברם חמסי עליך אנכי נתתי שפחתי בחיקך ותרא כי הרתה ואקל בעיניה ישפט יהוה ביני וביניך
(232813, 66, 4);10;י;18577;(1, 16, 5, 72, 18577);4980;(1, 16, 5, 18, 4980);ביני;4;18;ותאמר שרי אל אברם חמסי עליך אנכי נתתי שפחתי בחיקך ותרא כי הרתה ואקל בעיניה ישפט יהוה ביני וביניך
(232813, 66, 4);6;ו;18643;(1, 16, 7, 1, 18643);4997;(1, 16, 7, 1, 4997);וימצאה;1;1;וימצאה מלאך יהוה על עין המים במדבר על העין בדרך שור
(232813, 66, 4);50;נ;18709;(1, 16, 8, 26, 18709);5015;(1, 16, 8, 8, 5015);ואנה;3;8;ויאמר הגר שפחת שרי אי מזה באת ואנה תלכי ותאמר מפני שרי גברתי אנכי ברחת
(232813, 66, 4);10;י;18775;(1, 16, 9, 36, 18775);5032;(1, 16, 9, 10, 5032);ידיה;1;10;ויאמר לה מלאך יהוה שובי אל גברתך והתעני תחת ידיה
(232813, 66, 4);30;ל;18841;(1, 16, 11, 24, 18841);5050;(1, 16, 11, 7, 5050);וילדת;3;7;ויאמר לה מלאך יהוה הנך הרה וילדת בן וקראת שמו ישמעאל כי שמע יהוה אל עניך
(232813, 66, 4);10;י;18907;(1, 16, 12, 33, 18907);5070;(1, 16, 12, 11, 5070);פני;3;11;והוא יהיה פרא אדם ידו בכל ויד כל בו ועל פני כל אחיו ישכן
(232813, 66, 4);100;ק;18973;(1, 16, 14, 5, 18973);5091;(1, 16, 14, 3, 5091);קרא;1;3;על כן קרא לבאר באר לחי ראי הנה בין קדש ובין ברד
(232813, 66, 4);5;ה;19039;(1, 16, 15, 35, 19039);5110;(1, 16, 15, 10, 5110);ילדה;4;10;ותלד הגר לאברם בן ויקרא אברם שם בנו אשר ילדה הגר ישמעאל
(232813, 66, 4);40;ם;19105;(1, 17, 1, 15, 19105);5127;(1, 17, 1, 4, 5127);תשעים;5;4;ויהי אברם בן תשעים שנה ותשע שנים וירא יהוה אל אברם ויאמר אליו אני אל שדי התהלך לפני והיה תמים
(232813, 66, 4);200;ר;19171;(1, 17, 2, 7, 19171);5145;(1, 17, 2, 2, 5145);בריתי;2;2;ואתנה בריתי ביני ובינך וארבה אותך במאד מאד
(232813, 66, 4);2;ב;19237;(1, 17, 4, 7, 19237);5162;(1, 17, 4, 3, 5162);בריתי;1;3;אני הנה בריתי אתך והיית לאב המון גוים
(232813, 66, 4);40;ם;19303;(1, 17, 5, 43, 19303);5180;(1, 17, 5, 13, 5180);גוים;4;13;ולא יקרא עוד את שמך אברם והיה שמך אברהם כי אב המון גוים נתתיך
(232813, 66, 4);50;נ;19369;(1, 17, 7, 21, 19369);5195;(1, 17, 7, 5, 5195);ובינך;4;5;והקמתי את בריתי ביני ובינך ובין זרעך אחריך לדרתם לברית עולם להיות לך לאלהים ולזרעך אחריך
(232813, 66, 4);1;א;19435;(1, 17, 8, 14, 19435);5210;(1, 17, 8, 4, 5210);אחריך;1;4;ונתתי לך ולזרעך אחריך את ארץ מגריך את כל ארץ כנען לאחזת עולם והייתי להם לאלהים
(232813, 66, 4);40;ם;19501;(1, 17, 9, 17, 19501);5226;(1, 17, 9, 4, 5226);אברהם;5;4;ויאמר אלהים אל אברהם ואתה את בריתי תשמר אתה וזרעך אחריך לדרתם
(232813, 66, 4);200;ר;19567;(1, 17, 10, 33, 19567);5242;(1, 17, 10, 8, 5242);זרעך;2;8;זאת בריתי אשר תשמרו ביני וביניכם ובין זרעך אחריך המול לכם כל זכר
(232813, 66, 4);400;ת;19633;(1, 17, 12, 7, 19633);5258;(1, 17, 12, 2, 5258);שמנת;4;2;ובן שמנת ימים ימול לכם כל זכר לדרתיכם יליד בית ומקנת כסף מכל בן נכר אשר לא מזרעך הוא
(232813, 66, 4);6;ו;19699;(1, 17, 13, 7, 19699);5277;(1, 17, 13, 2, 5277);ימול;3;2;המול ימול יליד ביתך ומקנת כספך והיתה בריתי בבשרכם לברית עולם
(232813, 66, 4);200;ר;19765;(1, 17, 14, 23, 19765);5294;(1, 17, 14, 8, 5294);ערלתו;2;8;וערל זכר אשר לא ימול את בשר ערלתו ונכרתה הנפש ההוא מעמיה את בריתי הפר
(232813, 66, 4);40;מ;19831;(1, 17, 15, 34, 19831);5311;(1, 17, 15, 10, 5311);שמה;2;10;ויאמר אלהים אל אברהם שרי אשתך לא תקרא את שמה שרי כי שרה שמה
(232813, 66, 4);10;י;19897;(1, 17, 16, 54, 19897);5329;(1, 17, 16, 14, 5329);יהיו;1;14;וברכתי אתה וגם נתתי ממנה לך בן וברכתיה והיתה לגוים מלכי עמים ממנה יהיו
(232813, 66, 4);4;ד;19963;(1, 17, 17, 63, 19963);5346;(1, 17, 17, 17, 5346);תלד;3;17;ויפל אברהם על פניו ויצחק ויאמר בלבו הלבן מאה שנה יולד ואם שרה הבת תשעים שנה תלד
(232813, 66, 4);200;ר;20029;(1, 17, 19, 31, 20029);5363;(1, 17, 19, 9, 5363);וקראת;3;9;ויאמר אלהים אבל שרה אשתך ילדת לך בן וקראת את שמו יצחק והקמתי את בריתי אתו לברית עולם לזרעו אחריו
(232813, 66, 4);20;כ;20095;(1, 17, 20, 20, 20095);5378;(1, 17, 20, 4, 5378);ברכתי;3;4;ולישמעאל שמעתיך הנה ברכתי אתו והפריתי אתו והרביתי אתו במאד מאד שנים עשר נשיאם יוליד ונתתיו לגוי גדול
(232813, 66, 4);400;ת;20161;(1, 17, 21, 3, 20161);5393;(1, 17, 21, 1, 5393);ואת;3;1;ואת בריתי אקים את יצחק אשר תלד לך שרה למועד הזה בשנה האחרת
(232813, 66, 4);30;ל;20227;(1, 17, 22, 23, 20227);5411;(1, 17, 22, 6, 5411);מעל;3;6;ויכל לדבר אתו ויעל אלהים מעל אברהם
(232813, 66, 4);1;א;20293;(1, 17, 23, 61, 20293);5430;(1, 17, 23, 18, 5430);אברהם;1;18;ויקח אברהם את ישמעאל בנו ואת כל ילידי ביתו ואת כל מקנת כספו כל זכר באנשי בית אברהם וימל את בשר ערלתם בעצם היום הזה כאשר דבר אתו אלהים
(232813, 66, 4);5;ה;20359;(1, 17, 24, 22, 20359);5447;(1, 17, 24, 6, 5447);בהמלו;2;6;ואברהם בן תשעים ותשע שנה בהמלו בשר ערלתו
(232813, 66, 4);200;ר;20425;(1, 17, 26, 18, 20425);5464;(1, 17, 26, 5, 5464);אברהם;3;5;בעצם היום הזה נמול אברהם וישמעאל בנו
(232813, 66, 4);2;ב;20491;(1, 18, 1, 13, 20491);5482;(1, 18, 1, 4, 5482);באלני;1;4;וירא אליו יהוה באלני ממרא והוא ישב פתח האהל כחם היום
(232813, 66, 4);10;י;20557;(1, 18, 2, 37, 20557);5498;(1, 18, 2, 9, 5498);וירא;2;9;וישא עיניו וירא והנה שלשה אנשים נצבים עליו וירא וירץ לקראתם מפתח האהל וישתחו ארצה
(232813, 66, 4);70;ע;20623;(1, 18, 3, 36, 20623);5515;(1, 18, 3, 11, 5515);מעל;2;11;ויאמר אדני אם נא מצאתי חן בעיניך אל נא תעבר מעל עבדך
(232813, 66, 4);6;ו;20689;(1, 18, 5, 27, 20689);5532;(1, 18, 5, 7, 5532);תעברו;5;7;ואקחה פת לחם וסעדו לבכם אחר תעברו כי על כן עברתם על עבדכם ויאמרו כן תעשה כאשר דברת
(232813, 66, 4);200;ר;20755;(1, 18, 6, 28, 20755);5550;(1, 18, 6, 7, 5550);מהרי;3;7;וימהר אברהם האהלה אל שרה ויאמר מהרי שלש סאים קמח סלת לושי ועשי עגות
(232813, 66, 4);6;ו;20821;(1, 18, 7, 40, 20821);5570;(1, 18, 7, 13, 5570);וימהר;1;13;ואל הבקר רץ אברהם ויקח בן בקר רך וטוב ויתן אל הנער וימהר לעשות אתו
(232813, 66, 4);6;ו;20887;(1, 18, 8, 54, 20887);5587;(1, 18, 8, 15, 5587);ויאכלו;1;15;ויקח חמאה וחלב ובן הבקר אשר עשה ויתן לפניהם והוא עמד עליהם תחת העץ ויאכלו
(232813, 66, 4);30;ל;20953;(1, 18, 10, 29, 20953);5604;(1, 18, 10, 9, 5604);לשרה;1;9;ויאמר שוב אשוב אליך כעת חיה והנה בן לשרה אשתך ושרה שמעת פתח האהל והוא אחריו
(232813, 66, 4);200;ר;21019;(1, 18, 11, 35, 21019);5619;(1, 18, 11, 8, 5619);לשרה;3;8;ואברהם ושרה זקנים באים בימים חדל להיות לשרה ארח כנשים
(232813, 66, 4);200;ר;21085;(1, 18, 13, 14, 21085);5636;(1, 18, 13, 4, 5636);אברהם;3;4;ויאמר יהוה אל אברהם למה זה צחקה שרה לאמר האף אמנם אלד ואני זקנתי
(232813, 66, 4);400;ת;21151;(1, 18, 14, 29, 21151);5653;(1, 18, 14, 7, 5653);כעת;3;7;היפלא מיהוה דבר למועד אשוב אליך כעת חיה ולשרה בן
(232813, 66, 4);100;ק;21217;(1, 18, 16, 18, 21217);5671;(1, 18, 16, 4, 5671);וישקפו;4;4;ויקמו משם האנשים וישקפו על פני סדם ואברהם הלך עמם לשלחם
(232813, 66, 4);10;י;21283;(1, 18, 18, 8, 21283);5688;(1, 18, 18, 2, 5688);היו;2;2;ואברהם היו יהיה לגוי גדול ועצום ונברכו בו כל גויי הארץ
(232813, 66, 4);10;י;21349;(1, 18, 19, 30, 21349);5706;(1, 18, 19, 9, 5706);ביתו;2;9;כי ידעתיו למען אשר יצוה את בניו ואת ביתו אחריו ושמרו דרך יהוה לעשות צדקה ומשפט למען הביא יהוה על אברהם את אשר דבר עליו
(232813, 66, 4);10;י;21415;(1, 18, 20, 2, 21415);5723;(1, 18, 20, 1, 5723);ויאמר;2;1;ויאמר יהוה זעקת סדם ועמרה כי רבה וחטאתם כי כבדה מאד
(232813, 66, 4);300;ש;21481;(1, 18, 21, 27, 21481);5740;(1, 18, 21, 7, 5740);עשו;2;7;ארדה נא ואראה הכצעקתה הבאה אלי עשו כלה ואם לא אדעה
(232813, 66, 4);5;ה;21547;(1, 18, 23, 8, 21547);5756;(1, 18, 23, 2, 5756);אברהם;4;2;ויגש אברהם ויאמר האף תספה צדיק עם רשע
(232813, 66, 4);40;מ;21613;(1, 18, 24, 44, 21613);5774;(1, 18, 24, 12, 5774);למען;2;12;אולי יש חמשים צדיקם בתוך העיר האף תספה ולא תשא למקום למען חמשים הצדיקם אשר בקרבה
(232813, 66, 4);8;ח;21679;(1, 18, 25, 45, 21679);5791;(1, 18, 25, 13, 5791);חללה;1;13;חללה לך מעשת כדבר הזה להמית צדיק עם רשע והיה כצדיק כרשע חללה לך השפט כל הארץ לא יעשה משפט
(232813, 66, 4);1;א;21745;(1, 18, 26, 41, 21745);5808;(1, 18, 26, 10, 5808);ונשאתי;4;10;ויאמר יהוה אם אמצא בסדם חמשים צדיקם בתוך העיר ונשאתי לכל המקום בעבורם
(232813, 66, 4);30;ל;21811;(1, 18, 28, 3, 21811);5824;(1, 18, 28, 1, 5824);אולי;3;1;אולי יחסרון חמשים הצדיקם חמשה התשחית בחמשה את כל העיר ויאמר לא אשחית אם אמצא שם ארבעים וחמשה
(232813, 66, 4);10;י;21877;(1, 18, 28, 69, 21877);5840;(1, 18, 28, 17, 5840);ארבעים;5;17;אולי יחסרון חמשים הצדיקם חמשה התשחית בחמשה את כל העיר ויאמר לא אשחית אם אמצא שם ארבעים וחמשה
(232813, 66, 4);10;י;21943;(1, 18, 29, 60, 21943);5855;(1, 18, 29, 14, 5855);הארבעים;6;14;ויסף עוד לדבר אליו ויאמר אולי ימצאון שם ארבעים ויאמר לא אעשה בעבור הארבעים
(232813, 66, 4);6;ו;22009;(1, 18, 31, 1, 22009);5873;(1, 18, 31, 1, 5873);ויאמר;1;1;ויאמר הנה נא הואלתי לדבר אל אדני אולי ימצאון שם עשרים ויאמר לא אשחית בעבור העשרים
(232813, 66, 4);6;ו;22075;(1, 18, 32, 1, 22075);5889;(1, 18, 32, 1, 5889);ויאמר;1;1;ויאמר אל נא יחר לאדני ואדברה אך הפעם אולי ימצאון שם עשרה ויאמר לא אשחית בעבור העשרה
(232813, 66, 4);5;ה;22141;(1, 18, 32, 67, 22141);5905;(1, 18, 32, 17, 5905);העשרה;5;17;ויאמר אל נא יחר לאדני ואדברה אך הפעם אולי ימצאון שם עשרה ויאמר לא אשחית בעבור העשרה
(232813, 66, 4);9;ט;22207;(1, 19, 1, 27, 22207);5921;(1, 19, 1, 6, 5921);ולוט;4;6;ויבאו שני המלאכים סדמה בערב ולוט ישב בשער סדם וירא לוט ויקם לקראתם וישתחו אפים ארצה
(232813, 66, 4);400;ת;22273;(1, 19, 2, 25, 22273);5939;(1, 19, 2, 8, 5939);בית;3;8;ויאמר הנה נא אדני סורו נא אל בית עבדכם ולינו ורחצו רגליכם והשכמתם והלכתם לדרככם ויאמרו לא כי ברחוב נלין
(232813, 66, 4);40;ם;22339;(1, 19, 3, 7, 22339);5953;(1, 19, 3, 2, 5953);בם;2;2;ויפצר בם מאד ויסרו אליו ויבאו אל ביתו ויעש להם משתה ומצות אפה ויאכלו
(232813, 66, 4);1;א;22405;(1, 19, 4, 18, 22405);5970;(1, 19, 4, 5, 5970);אנשי;1;5;טרם ישכבו ואנשי העיר אנשי סדם נסבו על הבית מנער ועד זקן כל העם מקצה
(232813, 66, 4);200;ר;22471;(1, 19, 5, 31, 22471);5988;(1, 19, 5, 8, 5988);אשר;3;8;ויקראו אל לוט ויאמרו לו איה האנשים אשר באו אליך הלילה הוציאם אלינו ונדעה אתם
(232813, 66, 4);1;א;22537;(1, 19, 7, 6, 22537);6004;(1, 19, 7, 2, 6004);אל;1;2;ויאמר אל נא אחי תרעו
(232813, 66, 4);70;ע;22603;(1, 19, 8, 56, 22603);6024;(1, 19, 8, 17, 6024);בעיניכם;2;17;הנה נא לי שתי בנות אשר לא ידעו איש אוציאה נא אתהן אליכם ועשו להן כטוב בעיניכם רק לאנשים האל אל תעשו דבר כי על כן באו בצל קרתי
(232813, 66, 4);30;ל;22669;(1, 19, 9, 25, 22669);6043;(1, 19, 9, 7, 6043);לגור;1;7;ויאמרו גש הלאה ויאמרו האחד בא לגור וישפט שפוט עתה נרע לך מהם ויפצרו באיש בלוט מאד ויגשו לשבר הדלת
(232813, 66, 4);1;א;22735;(1, 19, 10, 13, 22735);6059;(1, 19, 10, 3, 6059);את;1;3;וישלחו האנשים את ידם ויביאו את לוט אליהם הביתה ואת הדלת סגרו
(232813, 66, 4);40;מ;22801;(1, 19, 11, 30, 22801);6076;(1, 19, 11, 8, 6076);מקטן;1;8;ואת האנשים אשר פתח הבית הכו בסנורים מקטן ועד גדול וילאו למצא הפתח
(232813, 66, 4);1;א;22867;(1, 19, 12, 43, 22867);6094;(1, 19, 12, 13, 6094);אשר;1;13;ויאמרו האנשים אל לוט עד מי לך פה חתן ובניך ובנתיך וכל אשר לך בעיר הוצא מן המקום
(232813, 66, 4);30;ל;22933;(1, 19, 13, 47, 22933);6112;(1, 19, 13, 13, 6112);וישלחנו;4;13;כי משחתים אנחנו את המקום הזה כי גדלה צעקתם את פני יהוה וישלחנו יהוה לשחתה
(232813, 66, 4);300;ש;22999;(1, 19, 14, 54, 22999);6129;(1, 19, 14, 15, 6129);משחית;2;15;ויצא לוט וידבר אל חתניו לקחי בנתיו ויאמר קומו צאו מן המקום הזה כי משחית יהוה את העיר ויהי כמצחק בעיני חתניו
(232813, 66, 4);6;ו;23065;(1, 19, 15, 34, 23065);6144;(1, 19, 15, 8, 6144);קום;2;8;וכמו השחר עלה ויאיצו המלאכים בלוט לאמר קום קח את אשתך ואת שתי בנתיך הנמצאת פן תספה בעון העיר
(232813, 66, 4);2;ב;23131;(1, 19, 16, 26, 23131);6160;(1, 19, 16, 5, 6160);וביד;2;5;ויתמהמה ויחזיקו האנשים בידו וביד אשתו וביד שתי בנתיו בחמלת יהוה עליו ויצאהו וינחהו מחוץ לעיר
(232813, 66, 4);5;ה;23197;(1, 19, 17, 15, 23197);6175;(1, 19, 17, 4, 6175);החוצה;1;4;ויהי כהוציאם אתם החוצה ויאמר המלט על נפשך אל תביט אחריך ואל תעמד בכל הככר ההרה המלט פן תספה
(232813, 66, 4);9;ט;23263;(1, 19, 18, 8, 23263);6192;(1, 19, 18, 2, 6192);לוט;3;2;ויאמר לוט אלהם אל נא אדני
(232813, 66, 4);1;א;23329;(1, 19, 19, 54, 23329);6211;(1, 19, 19, 15, 6211);ואנכי;2;15;הנה נא מצא עבדך חן בעיניך ותגדל חסדך אשר עשית עמדי להחיות את נפשי ואנכי לא אוכל להמלט ההרה פן תדבקני הרעה ומתי
(232813, 66, 4);200;ר;23395;(1, 19, 20, 32, 23395);6228;(1, 19, 20, 9, 6228);מצער;4;9;הנה נא העיר הזאת קרבה לנוס שמה והוא מצער אמלטה נא שמה הלא מצער הוא ותחי נפשי
(232813, 66, 4);20;כ;23461;(1, 19, 21, 38, 23461);6246;(1, 19, 21, 10, 6246);הפכי;3;10;ויאמר אליו הנה נשאתי פניך גם לדבר הזה לבלתי הפכי את העיר אשר דברת
(232813, 66, 4);5;ה;23527;(1, 19, 23, 1, 23527);6268;(1, 19, 23, 1, 6268);השמש;1;1;השמש יצא על הארץ ולוט בא צערה
(232813, 66, 4);40;ם;23593;(1, 19, 24, 44, 23593);6286;(1, 19, 24, 12, 6286);השמים;5;12;ויהוה המטיר על סדם ועל עמרה גפרית ואש מאת יהוה מן השמים
(232813, 66, 4);50;נ;23659;(1, 19, 26, 19, 23659);6304;(1, 19, 26, 5, 6304);נציב;1;5;ותבט אשתו מאחריו ותהי נציב מלח
(232813, 66, 4);20;כ;23725;(1, 19, 28, 22, 23725);6323;(1, 19, 28, 7, 6323);כל;1;7;וישקף על פני סדם ועמרה ועל כל פני ארץ הככר וירא והנה עלה קיטר הארץ כקיטר הכבשן
(232813, 66, 4);20;כ;23791;(1, 19, 29, 26, 23791);6340;(1, 19, 29, 7, 6340);ויזכר;4;7;ויהי בשחת אלהים את ערי הככר ויזכר אלהים את אברהם וישלח את לוט מתוך ההפכה בהפך את הערים אשר ישב בהן לוט
(232813, 66, 4);70;ע;23857;(1, 19, 30, 11, 23857);6358;(1, 19, 30, 3, 6358);מצוער;4;3;ויעל לוט מצוער וישב בהר ושתי בנתיו עמו כי ירא לשבת בצוער וישב במערה הוא ושתי בנתיו
(232813, 66, 4);5;ה;23923;(1, 19, 31, 11, 23923);6374;(1, 19, 31, 2, 6374);הבכירה;6;2;ותאמר הבכירה אל הצעירה אבינו זקן ואיש אין בארץ לבוא עלינו כדרך כל הארץ
(232813, 66, 4);300;ש;23989;(1, 19, 32, 20, 23989);6392;(1, 19, 32, 6, 6392);ונשכבה;3;6;לכה נשקה את אבינו יין ונשכבה עמו ונחיה מאבינו זרע
(232813, 66, 4);6;ו;24055;(1, 19, 33, 46, 24055);6408;(1, 19, 33, 12, 6408);ולא;1;12;ותשקין את אביהן יין בלילה הוא ותבא הבכירה ותשכב את אביה ולא ידע בשכבה ובקומה
(232813, 66, 4);10;י;24121;(1, 19, 34, 50, 24121);6424;(1, 19, 34, 13, 6424);יין;2;13;ויהי ממחרת ותאמר הבכירה אל הצעירה הן שכבתי אמש את אבי נשקנו יין גם הלילה ובאי שכבי עמו ונחיה מאבינו זרע
(232813, 66, 4);90;צ;24187;(1, 19, 35, 33, 24187);6441;(1, 19, 35, 9, 6441);הצעירה;2;9;ותשקין גם בלילה ההוא את אביהן יין ותקם הצעירה ותשכב עמו ולא ידע בשכבה ובקמה
(232813, 66, 4);200;ר;24253;(1, 19, 37, 16, 24253);6456;(1, 19, 37, 4, 6456);ותקרא;4;4;ותלד הבכירה בן ותקרא שמו מואב הוא אבי מואב עד היום
(232813, 66, 4);40;מ;24319;(1, 19, 38, 42, 24319);6476;(1, 19, 38, 13, 6476);עמון;2;13;והצעירה גם הוא ילדה בן ותקרא שמו בן עמי הוא אבי בני עמון עד היום
(232813, 66, 4);300;ש;24385;(1, 20, 2, 13, 24385);6494;(1, 20, 2, 4, 6494);שרה;1;4;ויאמר אברהם אל שרה אשתו אחתי הוא וישלח אבימלך מלך גרר ויקח את שרה
(232813, 66, 4);5;ה;24451;(1, 20, 3, 27, 24451);6510;(1, 20, 3, 6, 6510);הלילה;5;6;ויבא אלהים אל אבימלך בחלום הלילה ויאמר לו הנך מת על האשה אשר לקחת והוא בעלת בעל
(232813, 66, 4);3;ג;24517;(1, 20, 4, 30, 24517);6529;(1, 20, 4, 8, 6529);גם;1;8;ואבימלך לא קרב אליה ויאמר אדני הגוי גם צדיק תהרג
(232813, 66, 4);400;ת;24583;(1, 20, 5, 57, 24583);6548;(1, 20, 5, 17, 6548);עשיתי;4;17;הלא הוא אמר לי אחתי הוא והיא גם הוא אמרה אחי הוא בתם לבבי ובנקין כפי עשיתי זאת
(232813, 66, 4);40;מ;24649;(1, 20, 6, 62, 24649);6566;(1, 20, 6, 17, 6566);מחטו;1;17;ויאמר אליו האלהים בחלם גם אנכי ידעתי כי בתם לבבך עשית זאת ואחשך גם אנכי אותך מחטו לי על כן לא נתתיך לנגע אליה
(232813, 66, 4);10;י;24715;(1, 20, 7, 42, 24715);6585;(1, 20, 7, 12, 6585);אינך;2;12;ועתה השב אשת האיש כי נביא הוא ויתפלל בעדך וחיה ואם אינך משיב דע כי מות תמות אתה וכל אשר לך
(232813, 66, 4);5;ה;24781;(1, 20, 8, 38, 24781);6604;(1, 20, 8, 10, 6604);הדברים;1;10;וישכם אבימלך בבקר ויקרא לכל עבדיו וידבר את כל הדברים האלה באזניהם וייראו האנשים מאד
(232813, 66, 4);40;מ;24847;(1, 20, 9, 35, 24847);6618;(1, 20, 9, 9, 6618);ומה;2;9;ויקרא אבימלך לאברהם ויאמר לו מה עשית לנו ומה חטאתי לך כי הבאת עלי ועל ממלכתי חטאה גדלה מעשים אשר לא יעשו עשית עמדי
(232813, 66, 4);30;ל;24913;(1, 20, 10, 10, 24913);6635;(1, 20, 10, 2, 6635);אבימלך;5;2;ויאמר אבימלך אל אברהם מה ראית כי עשית את הדבר הזה
(232813, 66, 4);5;ה;24979;(1, 20, 11, 37, 24979);6654;(1, 20, 11, 10, 6654);הזה;1;10;ויאמר אברהם כי אמרתי רק אין יראת אלהים במקום הזה והרגוני על דבר אשתי
(232813, 66, 4);400;ת;25045;(1, 20, 13, 10, 25045);6674;(1, 20, 13, 3, 6674);התעו;2;3;ויהי כאשר התעו אתי אלהים מבית אבי ואמר לה זה חסדך אשר תעשי עמדי אל כל המקום אשר נבוא שמה אמרי לי אחי הוא
(232813, 66, 4);1;א;25111;(1, 20, 13, 76, 25111);6694;(1, 20, 13, 23, 6694);אחי;1;23;ויהי כאשר התעו אתי אלהים מבית אבי ואמר לה זה חסדך אשר תעשי עמדי אל כל המקום אשר נבוא שמה אמרי לי אחי הוא
(232813, 66, 4);10;י;25177;(1, 20, 15, 8, 25177);6710;(1, 20, 15, 2, 6710);אבימלך;3;2;ויאמר אבימלך הנה ארצי לפניך בטוב בעיניך שב
(232813, 66, 4);70;ע;25243;(1, 20, 16, 39, 25243);6728;(1, 20, 16, 12, 6728);עינים;1;12;ולשרה אמר הנה נתתי אלף כסף לאחיך הנה הוא לך כסות עינים לכל אשר אתך ואת כל ונכחת
(232813, 66, 4);400;ת;25309;(1, 20, 17, 43, 25309);6744;(1, 20, 17, 10, 6744);אשתו;3;10;ויתפלל אברהם אל האלהים וירפא אלהים את אבימלך ואת אשתו ואמהתיו וילדו
(232813, 66, 4);100;ק;25375;(1, 21, 1, 7, 25375);6762;(1, 21, 1, 2, 6762);פקד;2;2;ויהוה פקד את שרה כאשר אמר ויעש יהוה לשרה כאשר דבר
(232813, 66, 4);4;ד;25441;(1, 21, 2, 34, 25441);6780;(1, 21, 2, 9, 6780);דבר;1;9;ותהר ותלד שרה לאברהם בן לזקניו למועד אשר דבר אתו אלהים
(232813, 66, 4);2;ב;25507;(1, 21, 4, 16, 25507);6799;(1, 21, 4, 5, 6799);בנו;1;5;וימל אברהם את יצחק בנו בן שמנת ימים כאשר צוה אתו אלהים
(232813, 66, 4);90;צ;25573;(1, 21, 6, 9, 25573);6818;(1, 21, 6, 3, 6818);צחק;1;3;ותאמר שרה צחק עשה לי אלהים כל השמע יצחק לי
(232813, 66, 4);50;נ;25639;(1, 21, 7, 42, 25639);6836;(1, 21, 7, 11, 6836);לזקניו;4;11;ותאמר מי מלל לאברהם היניקה בנים שרה כי ילדתי בן לזקניו
(232813, 66, 4);10;י;25705;(1, 21, 9, 19, 25705);6853;(1, 21, 9, 6, 6853);המצרית;5;6;ותרא שרה את בן הגר המצרית אשר ילדה לאברהם מצחק
(232813, 66, 4);40;ם;25771;(1, 21, 10, 48, 25771);6871;(1, 21, 10, 14, 6871);עם;2;14;ותאמר לאברהם גרש האמה הזאת ואת בנה כי לא יירש בן האמה הזאת עם בני עם יצחק
(232813, 66, 4);10;י;25837;(1, 21, 12, 27, 25837);6889;(1, 21, 12, 7, 6889);בעיניך;5;7;ויאמר אלהים אל אברהם אל ירע בעיניך על הנער ועל אמתך כל אשר תאמר אליך שרה שמע בקלה כי ביצחק יקרא לך זרע
(232813, 66, 4);3;ג;25903;(1, 21, 13, 13, 25903);6910;(1, 21, 13, 5, 6910);לגוי;2;5;וגם את בן האמה לגוי אשימנו כי זרעך הוא
(232813, 66, 4);5;ה;25969;(1, 21, 14, 49, 25969);6929;(1, 21, 14, 15, 6929);הילד;1;15;וישכם אברהם בבקר ויקח לחם וחמת מים ויתן אל הגר שם על שכמה ואת הילד וישלחה ותלך ותתע במדבר באר שבע
(232813, 66, 4);6;ו;26035;(1, 21, 16, 1, 26035);6946;(1, 21, 16, 1, 6946);ותלך;1;1;ותלך ותשב לה מנגד הרחק כמטחוי קשת כי אמרה אל אראה במות הילד ותשב מנגד ותשא את קלה ותבך
(232813, 66, 4);2;ב;26101;(1, 21, 16, 67, 26101);6964;(1, 21, 16, 19, 6964);ותבך;3;19;ותלך ותשב לה מנגד הרחק כמטחוי קשת כי אמרה אל אראה במות הילד ותשב מנגד ותשא את קלה ותבך
(232813, 66, 4);1;א;26167;(1, 21, 17, 65, 26167);6983;(1, 21, 17, 19, 6983);תיראי;4;19;וישמע אלהים את קול הנער ויקרא מלאך אלהים אל הגר מן השמים ויאמר לה מה לך הגר אל תיראי כי שמע אלהים אל קול הנער באשר הוא שם
(232813, 66, 4);30;ל;26233;(1, 21, 18, 37, 26233);7003;(1, 21, 18, 11, 7003);גדול;4;11;קומי שאי את הנער והחזיקי את ידך בו כי לגוי גדול אשימנו
(232813, 66, 4);1;א;26299;(1, 21, 20, 5, 26299);7021;(1, 21, 20, 2, 7021);אלהים;1;2;ויהי אלהים את הנער ויגדל וישב במדבר ויהי רבה קשת
(232813, 66, 4);200;ר;26365;(1, 21, 21, 32, 26365);7038;(1, 21, 21, 9, 7038);מצרים;3;9;וישב במדבר פארן ותקח לו אמו אשה מארץ מצרים
(232813, 66, 4);5;ה;26431;(1, 21, 22, 64, 26431);7055;(1, 21, 22, 17, 7055);עשה;3;17;ויהי בעת ההוא ויאמר אבימלך ופיכל שר צבאו אל אברהם לאמר אלהים עמך בכל אשר אתה עשה
(232813, 66, 4);40;ם;26497;(1, 21, 23, 66, 26497);7072;(1, 21, 23, 17, 7072);ועם;3;17;ועתה השבעה לי באלהים הנה אם תשקר לי ולניני ולנכדי כחסד אשר עשיתי עמך תעשה עמדי ועם הארץ אשר גרתה בה
(232813, 66, 4);3;ג;26563;(1, 21, 25, 35, 26563);7090;(1, 21, 25, 10, 7090);גזלו;1;10;והוכח אברהם את אבימלך על אדות באר המים אשר גזלו עבדי אבימלך
(232813, 66, 4);10;י;26629;(1, 21, 26, 53, 26629);7108;(1, 21, 26, 16, 7108);אנכי;4;16;ויאמר אבימלך לא ידעתי מי עשה את הדבר הזה וגם אתה לא הגדת לי וגם אנכי לא שמעתי בלתי היום
(232813, 66, 4);40;ם;26695;(1, 21, 28, 9, 26695);7123;(1, 21, 28, 2, 7123);אברהם;5;2;ויצב אברהם את שבע כבשת הצאן לבדהן
(232813, 66, 4);10;י;26761;(1, 21, 30, 2, 26761);7141;(1, 21, 30, 1, 7141);ויאמר;2;1;ויאמר כי את שבע כבשת תקח מידי בעבור תהיה לי לעדה כי חפרתי את הבאר הזאת
(232813, 66, 4);5;ה;26827;(1, 21, 31, 13, 26827);7161;(1, 21, 31, 5, 7161);ההוא;1;5;על כן קרא למקום ההוא באר שבע כי שם נשבעו שניהם
(232813, 66, 4);6;ו;26893;(1, 21, 32, 43, 26893);7177;(1, 21, 32, 10, 7177);וישבו;5;10;ויכרתו ברית בבאר שבע ויקם אבימלך ופיכל שר צבאו וישבו אל ארץ פלשתים
(232813, 66, 4);40;מ;26959;(1, 21, 34, 21, 26959);7195;(1, 21, 34, 5, 7195);ימים;2;5;ויגר אברהם בארץ פלשתים ימים רבים
(232813, 66, 4);1;א;27025;(1, 22, 2, 3, 27025);7210;(1, 22, 2, 1, 7210);ויאמר;3;1;ויאמר קח נא את בנך את יחידך אשר אהבת את יצחק ולך לך אל ארץ המריה והעלהו שם לעלה על אחד ההרים אשר אמר אליך
(232813, 66, 4);200;ר;27091;(1, 22, 2, 69, 27091);7231;(1, 22, 2, 22, 7231);ההרים;3;22;ויאמר קח נא את בנך את יחידך אשר אהבת את יצחק ולך לך אל ארץ המריה והעלהו שם לעלה על אחד ההרים אשר אמר אליך
(232813, 66, 4);10;י;27157;(1, 22, 3, 54, 27157);7249;(1, 22, 3, 15, 7249);ויבקע;2;15;וישכם אברהם בבקר ויחבש את חמרו ויקח את שני נעריו אתו ואת יצחק בנו ויבקע עצי עלה ויקם וילך אל המקום אשר אמר לו האלהים
(232813, 66, 4);10;י;27223;(1, 22, 4, 28, 27223);7266;(1, 22, 4, 7, 7266);וירא;2;7;ביום השלישי וישא אברהם את עיניו וירא את המקום מרחק
(232813, 66, 4);400;ת;27289;(1, 22, 5, 53, 27289);7284;(1, 22, 5, 15, 7284);ונשתחוה;4;15;ויאמר אברהם אל נעריו שבו לכם פה עם החמור ואני והנער נלכה עד כה ונשתחוה ונשובה אליכם
(232813, 66, 4);30;ל;27355;(1, 22, 6, 52, 27355);7301;(1, 22, 6, 15, 7301);המאכלת;5;15;ויקח אברהם את עצי העלה וישם על יצחק בנו ויקח בידו את האש ואת המאכלת וילכו שניהם יחדו
(232813, 66, 4);300;ש;27421;(1, 22, 7, 51, 27421);7317;(1, 22, 7, 13, 7317);האש;3;13;ויאמר יצחק אל אברהם אביו ויאמר אבי ויאמר הנני בני ויאמר הנה האש והעצים ואיה השה לעלה
(232813, 66, 4);1;א;27487;(1, 22, 9, 4, 27487);7333;(1, 22, 9, 1, 7333);ויבאו;4;1;ויבאו אל המקום אשר אמר לו האלהים ויבן שם אברהם את המזבח ויערך את העצים ויעקד את יצחק בנו וישם אתו על המזבח ממעל לעצים
(232813, 66, 4);6;ו;27553;(1, 22, 9, 70, 27553);7351;(1, 22, 9, 19, 7351);בנו;3;19;ויבאו אל המקום אשר אמר לו האלהים ויבן שם אברהם את המזבח ויערך את העצים ויעקד את יצחק בנו וישם אתו על המזבח ממעל לעצים
(232813, 66, 4);30;ל;27619;(1, 22, 11, 7, 27619);7369;(1, 22, 11, 2, 7369);אליו;2;2;ויקרא אליו מלאך יהוה מן השמים ויאמר אברהם אברהם ויאמר הנני
(232813, 66, 4);70;ע;27685;(1, 22, 12, 25, 27685);7386;(1, 22, 12, 8, 7386);תעש;2;8;ויאמר אל תשלח ידך אל הנער ואל תעש לו מאומה כי עתה ידעתי כי ירא אלהים אתה ולא חשכת את בנך את יחידך ממני
(232813, 66, 4);70;ע;27751;(1, 22, 13, 12, 27751);7406;(1, 22, 13, 4, 7406);עיניו;1;4;וישא אברהם את עיניו וירא והנה איל אחר נאחז בסבך בקרניו וילך אברהם ויקח את האיל ויעלהו לעלה תחת בנו
(232813, 66, 4);50;נ;27817;(1, 22, 13, 78, 27817);7422;(1, 22, 13, 20, 7422);בנו;2;20;וישא אברהם את עיניו וירא והנה איל אחר נאחז בסבך בקרניו וילך אברהם ויקח את האיל ויעלהו לעלה תחת בנו
(232813, 66, 4);1;א;27883;(1, 22, 15, 14, 27883);7439;(1, 22, 15, 4, 7439);אל;1;4;ויקרא מלאך יהוה אל אברהם שנית מן השמים
(232813, 66, 4);1;א;27949;(1, 22, 16, 49, 27949);7458;(1, 22, 16, 15, 7458);את;1;15;ויאמר בי נשבעתי נאם יהוה כי יען אשר עשית את הדבר הזה ולא חשכת את בנך את יחידך
(232813, 66, 4);200;ר;28015;(1, 22, 17, 55, 28015);7476;(1, 22, 17, 15, 7476);וירש;3;15;כי ברך אברכך והרבה ארבה את זרעך ככוכבי השמים וכחול אשר על שפת הים וירש זרעך את שער איביו
(232813, 66, 4);10;י;28081;(1, 22, 19, 15, 28081);7493;(1, 22, 19, 4, 7493);נעריו;4;4;וישב אברהם אל נעריו ויקמו וילכו יחדו אל באר שבע וישב אברהם בבאר שבע
(232813, 66, 4);5;ה;28147;(1, 22, 20, 27, 28147);7509;(1, 22, 20, 6, 7509);לאברהם;5;6;ויהי אחרי הדברים האלה ויגד לאברהם לאמר הנה ילדה מלכה גם הוא בנים לנחור אחיך
(232813, 66, 4);200;ר;28213;(1, 22, 21, 32, 28213);7528;(1, 22, 21, 10, 7528);ארם;2;10;את עוץ בכרו ואת בוז אחיו ואת קמואל אבי ארם
(232813, 66, 4);30;ל;28279;(1, 22, 23, 31, 28279);7547;(1, 22, 23, 9, 7547);לנחור;1;9;ובתואל ילד את רבקה שמנה אלה ילדה מלכה לנחור אחי אברהם
(232813, 66, 4);6;ו;28345;(1, 23, 1, 5, 28345);7564;(1, 23, 1, 1, 7564);ויהיו;5;1;ויהיו חיי שרה מאה שנה ועשרים שנה ושבע שנים שני חיי שרה
(232813, 66, 4);90;ץ;28411;(1, 23, 2, 28, 28411);7582;(1, 23, 2, 7, 7582);בארץ;4;7;ותמת שרה בקרית ארבע הוא חברון בארץ כנען ויבא אברהם לספד לשרה ולבכתה
(232813, 66, 4);6;ו;28477;(1, 23, 4, 5, 28477);7600;(1, 23, 4, 2, 7600);ותושב;3;2;גר ותושב אנכי עמכם תנו לי אחזת קבר עמכם ואקברה מתי מלפני
(232813, 66, 4);70;ע;28543;(1, 23, 6, 3, 28543);7618;(1, 23, 6, 1, 7618);שמענו;3;1;שמענו אדני נשיא אלהים אתה בתוכנו במבחר קברינו קבר את מתך איש ממנו את קברו לא יכלה ממך מקבר מתך
(232813, 66, 4);40;מ;28609;(1, 23, 6, 69, 28609);7636;(1, 23, 6, 19, 7636);מקבר;1;19;שמענו אדני נשיא אלהים אתה בתוכנו במבחר קברינו קבר את מתך איש ממנו את קברו לא יכלה ממך מקבר מתך
(232813, 66, 4);10;י;28675;(1, 23, 8, 32, 28675);7654;(1, 23, 8, 10, 7654);מתי;3;10;וידבר אתם לאמר אם יש את נפשכם לקבר את מתי מלפני שמעוני ופגעו לי בעפרון בן צחר
(232813, 66, 4);60;ס;28741;(1, 23, 9, 37, 28741);7672;(1, 23, 9, 11, 7672);בכסף;3;11;ויתן לי את מערת המכפלה אשר לו אשר בקצה שדהו בכסף מלא יתננה לי בתוככם לאחזת קבר
(232813, 66, 4);7;ז;28807;(1, 23, 10, 41, 28807);7689;(1, 23, 10, 11, 7689);באזני;3;11;ועפרון ישב בתוך בני חת ויען עפרון החתי את אברהם באזני בני חת לכל באי שער עירו לאמר
(232813, 66, 4);10;י;28873;(1, 23, 11, 42, 28873);7708;(1, 23, 11, 12, 7708);לעיני;3;12;לא אדני שמעני השדה נתתי לך והמערה אשר בו לך נתתיה לעיני בני עמי נתתיה לך קבר מתך
(232813, 66, 4);30;ל;28939;(1, 23, 13, 24, 28939);7726;(1, 23, 13, 7, 7726);לאמר;1;7;וידבר אל עפרון באזני עם הארץ לאמר אך אם אתה לו שמעני נתתי כסף השדה קח ממני ואקברה את מתי שמה
(232813, 66, 4);1;א;29005;(1, 23, 14, 18, 29005);7745;(1, 23, 14, 5, 7745);לאמר;2;5;ויען עפרון את אברהם לאמר לו
(232813, 66, 4);80;פ;29071;(1, 23, 16, 14, 29071);7764;(1, 23, 16, 4, 7764);עפרון;2;4;וישמע אברהם אל עפרון וישקל אברהם לעפרן את הכסף אשר דבר באזני בני חת ארבע מאות שקל כסף עבר לסחר
(232813, 66, 4);300;ש;29137;(1, 23, 17, 5, 29137);7782;(1, 23, 17, 2, 7782);שדה;1;2;ויקם שדה עפרון אשר במכפלה אשר לפני ממרא השדה והמערה אשר בו וכל העץ אשר בשדה אשר בכל גבלו סביב
(232813, 66, 4);60;ס;29203;(1, 23, 17, 71, 29203);7800;(1, 23, 17, 20, 7800);סביב;1;20;ויקם שדה עפרון אשר במכפלה אשר לפני ממרא השדה והמערה אשר בו וכל העץ אשר בשדה אשר בכל גבלו סביב
(232813, 66, 4);200;ר;29269;(1, 23, 19, 29, 29269);7818;(1, 23, 19, 9, 7818);מערת;3;9;ואחרי כן קבר אברהם את שרה אשתו אל מערת שדה המכפלה על פני ממרא הוא חברון בארץ כנען
(232813, 66, 4);100;ק;29335;(1, 23, 20, 31, 29335);7835;(1, 23, 20, 8, 7835);קבר;1;8;ויקם השדה והמערה אשר בו לאברהם לאחזת קבר מאת בני חת
(232813, 66, 4);400;ת;29401;(1, 24, 2, 22, 29401);7853;(1, 24, 2, 6, 7853);ביתו;3;6;ויאמר אברהם אל עבדו זקן ביתו המשל בכל אשר לו שים נא ידך תחת ירכי
(232813, 66, 4);8;ח;29467;(1, 24, 3, 38, 29467);7871;(1, 24, 3, 9, 7871);תקח;3;9;ואשביעך ביהוה אלהי השמים ואלהי הארץ אשר לא תקח אשה לבני מבנות הכנעני אשר אנכי יושב בקרבו
(232813, 66, 4);10;י;29533;(1, 24, 4, 32, 29533);7888;(1, 24, 4, 9, 7888);לבני;4;9;כי אל ארצי ואל מולדתי תלך ולקחת אשה לבני ליצחק
(232813, 66, 4);5;ה;29599;(1, 24, 5, 61, 29599);7907;(1, 24, 5, 18, 7907);הארץ;1;18;ויאמר אליו העבד אולי לא תאבה האשה ללכת אחרי אל הארץ הזאת ההשב אשיב את בנך אל הארץ אשר יצאת משם
(232813, 66, 4);8;ח;29665;(1, 24, 7, 19, 29665);7925;(1, 24, 7, 5, 7925);לקחני;3;5;יהוה אלהי השמים אשר לקחני מבית אבי ומארץ מולדתי ואשר דבר לי ואשר נשבע לי לאמר לזרעך אתן את הארץ הזאת הוא ישלח מלאכו לפניך ולקחת אשה לבני משם
(232813, 66, 4);300;ש;29731;(1, 24, 7, 85, 29731);7943;(1, 24, 7, 23, 7943);ישלח;2;23;יהוה אלהי השמים אשר לקחני מבית אבי ומארץ מולדתי ואשר דבר לי ואשר נשבע לי לאמר לזרעך אתן את הארץ הזאת הוא ישלח מלאכו לפניך ולקחת אשה לבני משם
(232813, 66, 4);1;א;29797;(1, 24, 8, 39, 29797);7960;(1, 24, 8, 11, 7960);את;1;11;ואם לא תאבה האשה ללכת אחריך ונקית משבעתי זאת רק את בני לא תשב שמה
(232813, 66, 4);70;ע;29863;(1, 24, 10, 9, 29863);7980;(1, 24, 10, 3, 7980);עשרה;1;3;ויקח העבד עשרה גמלים מגמלי אדניו וילך וכל טוב אדניו בידו ויקם וילך אל ארם נהרים אל עיר נחור
(232813, 66, 4);10;י;29929;(1, 24, 11, 2, 29929);7997;(1, 24, 11, 1, 7997);ויברך;2;1;ויברך הגמלים מחוץ לעיר אל באר המים לעת ערב לעת צאת השאבת
(232813, 66, 4);5;ה;29995;(1, 24, 12, 23, 29995);8014;(1, 24, 12, 6, 8014);הקרה;1;6;ויאמר יהוה אלהי אדני אברהם הקרה נא לפני היום ועשה חסד עם אדני אברהם
(232813, 66, 4);1;א;30061;(1, 24, 13, 35, 30061);8032;(1, 24, 13, 10, 8032);יצאת;3;10;הנה אנכי נצב על עין המים ובנות אנשי העיר יצאת לשאב מים
(232813, 66, 4);400;ת;30127;(1, 24, 14, 58, 30127);8050;(1, 24, 14, 16, 8050);הכחת;4;16;והיה הנער אשר אמר אליה הטי נא כדך ואשתה ואמרה שתה וגם גמליך אשקה אתה הכחת לעבדך ליצחק ובה אדע כי עשית חסד עם אדני
(232813, 66, 4);4;ד;30193;(1, 24, 15, 35, 30193);8069;(1, 24, 15, 10, 8069);ילדה;3;10;ויהי הוא טרם כלה לדבר והנה רבקה יצאת אשר ילדה לבתואל בן מלכה אשת נחור אחי אברהם וכדה על שכמה
(232813, 66, 4);4;ד;30259;(1, 24, 16, 28, 30259);8087;(1, 24, 16, 8, 8087);ידעה;2;8;והנער טבת מראה מאד בתולה ואיש לא ידעה ותרד העינה ותמלא כדה ותעל
(232813, 66, 4);40;מ;30325;(1, 24, 18, 4, 30325);8102;(1, 24, 18, 1, 8102);ותאמר;4;1;ותאמר שתה אדני ותמהר ותרד כדה על ידה ותשקהו
(232813, 66, 4);30;ל;30391;(1, 24, 19, 35, 30391);8120;(1, 24, 19, 10, 8120);לשתת;1;10;ותכל להשקתו ותאמר גם לגמליך אשאב עד אם כלו לשתת
(232813, 66, 4);200;ר;30457;(1, 24, 21, 15, 30457);8137;(1, 24, 21, 4, 8137);מחריש;3;4;והאיש משתאה לה מחריש לדעת ההצליח יהוה דרכו אם לא
(232813, 66, 4);100;ק;30523;(1, 24, 22, 42, 30523);8154;(1, 24, 22, 11, 8154);משקלו;3;11;ויהי כאשר כלו הגמלים לשתות ויקח האיש נזם זהב בקע משקלו ושני צמידים על ידיה עשרה זהב משקלם
(232813, 66, 4);50;נ;30589;(1, 24, 23, 36, 30589);8173;(1, 24, 23, 12, 8173);לנו;2;12;ויאמר בת מי את הגידי נא לי היש בית אביך מקום לנו ללין
(232813, 66, 4);2;ב;30655;(1, 24, 25, 23, 30655);8191;(1, 24, 25, 7, 8191);רב;2;7;ותאמר אליו גם תבן גם מספוא רב עמנו גם מקום ללון
(232813, 66, 4);7;ז;30721;(1, 24, 27, 33, 30721);8208;(1, 24, 27, 9, 8208);עזב;2;9;ויאמר ברוך יהוה אלהי אדני אברהם אשר לא עזב חסדו ואמתו מעם אדני אנכי בדרך נחני יהוה בית אחי אדני
(232813, 66, 4);200;ר;30787;(1, 24, 28, 23, 30787);8225;(1, 24, 28, 6, 8225);כדברים;4;6;ותרץ הנער ותגד לבית אמה כדברים האלה
(232813, 66, 4);4;ד;30853;(1, 24, 30, 21, 30853);8243;(1, 24, 30, 6, 8243);הצמדים;4;6;ויהי כראת את הנזם ואת הצמדים על ידי אחתו וכשמעו את דברי רבקה אחתו לאמר כה דבר אלי האיש ויבא אל האיש והנה עמד על הגמלים על העין
(232813, 66, 4);30;ל;30919;(1, 24, 30, 87, 30919);8262;(1, 24, 30, 25, 8262);על;2;25;ויהי כראת את הנזם ואת הצמדים על ידי אחתו וכשמעו את דברי רבקה אחתו לאמר כה דבר אלי האיש ויבא אל האיש והנה עמד על הגמלים על העין
(232813, 66, 4);10;י;30985;(1, 24, 32, 2, 30985);8278;(1, 24, 32, 1, 8278);ויבא;2;1;ויבא האיש הביתה ויפתח הגמלים ויתן תבן ומספוא לגמלים ומים לרחץ רגליו ורגלי האנשים אשר אתו
(232813, 66, 4);1;א;31051;(1, 24, 32, 68, 31051);8292;(1, 24, 32, 15, 8292);אשר;1;15;ויבא האיש הביתה ויפתח הגמלים ויתן תבן ומספוא לגמלים ומים לרחץ רגליו ורגלי האנשים אשר אתו
(232813, 66, 4);20;כ;31117;(1, 24, 34, 16, 31117);8309;(1, 24, 34, 4, 8309);אנכי;3;4;ויאמר עבד אברהם אנכי
(232813, 66, 4);40;ם;31183;(1, 24, 35, 65, 31183);8325;(1, 24, 35, 16, 8325);וחמרים;6;16;ויהוה ברך את אדני מאד ויגדל ויתן לו צאן ובקר וכסף וזהב ועבדם ושפחת וגמלים וחמרים
(232813, 66, 4);1;א;31249;(1, 24, 37, 21, 31249);8345;(1, 24, 37, 6, 8345);אשה;1;6;וישבעני אדני לאמר לא תקח אשה לבני מבנות הכנעני אשר אנכי ישב בארצו
(232813, 66, 4);2;ב;31315;(1, 24, 38, 34, 31315);8363;(1, 24, 38, 11, 8363);לבני;2;11;אם לא אל בית אבי תלך ואל משפחתי ולקחת אשה לבני
(232813, 66, 4);400;ת;31381;(1, 24, 40, 38, 31381);8380;(1, 24, 40, 9, 8380);אתך;2;9;ויאמר אלי יהוה אשר התהלכתי לפניו ישלח מלאכו אתך והצליח דרכך ולקחת אשה לבני ממשפחתי ומבית אבי
(232813, 66, 4);40;ם;31447;(1, 24, 41, 28, 31447);8396;(1, 24, 41, 8, 8396);ואם;3;8;אז תנקה מאלתי כי תבוא אל משפחתי ואם לא יתנו לך והיית נקי מאלתי
(232813, 66, 4);30;ל;31513;(1, 24, 42, 45, 31513);8415;(1, 24, 42, 13, 8415);מצליח;3;13;ואבא היום אל העין ואמר יהוה אלהי אדני אברהם אם ישך נא מצליח דרכי אשר אנכי הלך עליה
(232813, 66, 4);10;י;31579;(1, 24, 43, 46, 31579);8432;(1, 24, 43, 12, 8432);אליה;3;12;הנה אנכי נצב על עין המים והיה העלמה היצאת לשאב ואמרתי אליה השקיני נא מעט מים מכדך
(232813, 66, 4);5;ה;31645;(1, 24, 44, 47, 31645);8450;(1, 24, 44, 13, 8450);יהוה;4;13;ואמרה אלי גם אתה שתה וגם לגמליך אשאב הוא האשה אשר הכיח יהוה לבן אדני
(232813, 66, 4);200;ר;31711;(1, 24, 45, 59, 31711);8468;(1, 24, 45, 16, 8468);ואמר;4;16;אני טרם אכלה לדבר אל לבי והנה רבקה יצאת וכדה על שכמה ותרד העינה ותשאב ואמר אליה השקיני נא
(232813, 66, 4);100;ק;31777;(1, 24, 46, 54, 31777);8484;(1, 24, 46, 13, 8484);השקתה;3;13;ותמהר ותורד כדה מעליה ותאמר שתה וגם גמליך אשקה ואשת וגם הגמלים השקתה
(232813, 66, 4);5;ה;31843;(1, 24, 47, 64, 31843);8504;(1, 24, 47, 20, 8504);והצמידים;2;20;ואשאל אתה ואמר בת מי את ותאמר בת בתואל בן נחור אשר ילדה לו מלכה ואשם הנזם על אפה והצמידים על ידיה
(232813, 66, 4);40;מ;31909;(1, 24, 48, 54, 31909);8519;(1, 24, 48, 13, 8519);אמת;2;13;ואקד ואשתחוה ליהוה ואברך את יהוה אלהי אדני אברהם אשר הנחני בדרך אמת לקחת את בת אחי אדני לבנו
(232813, 66, 4);10;י;31975;(1, 24, 49, 46, 31975);8539;(1, 24, 49, 14, 8539);לי;2;14;ועתה אם ישכם עשים חסד ואמת את אדני הגידו לי ואם לא הגידו לי ואפנה על ימין או על שמאל
(232813, 66, 4);1;א;32041;(1, 24, 50, 47, 32041);8558;(1, 24, 50, 13, 8558);או;1;13;ויען לבן ובתואל ויאמרו מיהוה יצא הדבר לא נוכל דבר אליך רע או טוב
(232813, 66, 4);40;ם;32107;(1, 24, 52, 19, 32107);8576;(1, 24, 52, 5, 8576);אברהם;5;5;ויהי כאשר שמע עבד אברהם את דבריהם וישתחו ארצה ליהוה
(232813, 66, 4);400;ת;32173;(1, 24, 53, 43, 32173);8591;(1, 24, 53, 10, 8591);ומגדנת;6;10;ויוצא העבד כלי כסף וכלי זהב ובגדים ויתן לרבקה ומגדנת נתן לאחיה ולאמה
(232813, 66, 4);10;י;32239;(1, 24, 54, 53, 32239);8605;(1, 24, 54, 11, 8605);שלחני;5;11;ויאכלו וישתו הוא והאנשים אשר עמו וילינו ויקומו בבקר ויאמר שלחני לאדני
(232813, 66, 4);10;י;32305;(1, 24, 56, 21, 32305);8623;(1, 24, 56, 6, 8623);ויהוה;2;6;ויאמר אלהם אל תאחרו אתי ויהוה הצליח דרכי שלחוני ואלכה לאדני
(232813, 66, 4);10;י;32371;(1, 24, 58, 13, 32371);8637;(1, 24, 58, 3, 8637);ויאמרו;2;3;ויקראו לרבקה ויאמרו אליה התלכי עם האיש הזה ותאמר אלך
(232813, 66, 4);6;ו;32437;(1, 24, 59, 36, 32437);8654;(1, 24, 59, 10, 8654);ואת;1;10;וישלחו את רבקה אחתם ואת מנקתה ואת עבד אברהם ואת אנשיו
(232813, 66, 4);6;ו;32503;(1, 24, 61, 1, 32503);8671;(1, 24, 61, 1, 8671);ותקם;1;1;ותקם רבקה ונערתיה ותרכבנה על הגמלים ותלכנה אחרי האיש ויקח העבד את רבקה וילך
(232813, 66, 4);100;ק;32569;(1, 24, 62, 5, 32569);8685;(1, 24, 62, 1, 8685);ויצחק;5;1;ויצחק בא מבוא באר לחי ראי והוא יושב בארץ הנגב
(232813, 66, 4);10;י;32635;(1, 24, 63, 35, 32635);8703;(1, 24, 63, 9, 8703);וירא;2;9;ויצא יצחק לשוח בשדה לפנות ערב וישא עיניו וירא והנה גמלים באים
(232813, 66, 4);1;א;32701;(1, 24, 65, 15, 32701);8721;(1, 24, 65, 5, 8721);האיש;2;5;ותאמר אל העבד מי האיש הלזה ההלך בשדה לקראתנו ויאמר העבד הוא אדני ותקח הצעיף ותתכס
(232813, 66, 4);1;א;32767;(1, 24, 66, 15, 32767);8736;(1, 24, 66, 4, 8736);את;1;4;ויספר העבד ליצחק את כל הדברים אשר עשה
(232813, 66, 4);40;ם;32833;(1, 24, 67, 51, 32833);8753;(1, 24, 67, 13, 8753);וינחם;5;13;ויבאה יצחק האהלה שרה אמו ויקח את רבקה ותהי לו לאשה ויאהבה וינחם יצחק אחרי אמו
(232813, 66, 4);4;ד;32899;(1, 25, 2, 30, 32899);8772;(1, 25, 2, 10, 8772);מדין;2;10;ותלד לו את זמרן ואת יקשן ואת מדן ואת מדין ואת ישבק ואת שוח
(232813, 66, 4);40;מ;32965;(1, 25, 4, 5, 32965);8790;(1, 25, 4, 2, 8790);מדין;1;2;ובני מדין עיפה ועפר וחנך ואבידע ואלדעה כל אלה בני קטורה
(232813, 66, 4);2;ב;33031;(1, 25, 6, 3, 33031);8807;(1, 25, 6, 1, 8807);ולבני;3;1;ולבני הפילגשים אשר לאברהם נתן אברהם מתנת וישלחם מעל יצחק בנו בעודנו חי קדמה אל ארץ קדם
(232813, 66, 4);4;ד;33097;(1, 25, 6, 69, 33097);8823;(1, 25, 6, 17, 8823);קדם;2;17;ולבני הפילגשים אשר לאברהם נתן אברהם מתנת וישלחם מעל יצחק בנו בעודנו חי קדמה אל ארץ קדם
(232813, 66, 4);5;ה;33163;(1, 25, 8, 19, 33163);8840;(1, 25, 8, 4, 8840);בשיבה;5;4;ויגוע וימת אברהם בשיבה טובה זקן ושבע ויאסף אל עמיו
(232813, 66, 4);200;ר;33229;(1, 25, 9, 44, 33229);8857;(1, 25, 9, 11, 8857);עפרן;3;11;ויקברו אתו יצחק וישמעאל בניו אל מערת המכפלה אל שדה עפרן בן צחר החתי אשר על פני ממרא
(232813, 66, 4);10;י;33295;(1, 25, 11, 2, 33295);8877;(1, 25, 11, 1, 8877);ויהי;2;1;ויהי אחרי מות אברהם ויברך אלהים את יצחק בנו וישב יצחק עם באר לחי ראי
(232813, 66, 4);30;ל;33361;(1, 25, 12, 14, 33361);8894;(1, 25, 12, 3, 8894);ישמעאל;6;3;ואלה תלדת ישמעאל בן אברהם אשר ילדה הגר המצרית שפחת שרה לאברהם
(232813, 66, 4);2;ב;33427;(1, 25, 13, 30, 33427);8910;(1, 25, 13, 7, 8910);בכר;1;7;ואלה שמות בני ישמעאל בשמתם לתולדתם בכר ישמעאל נבית וקדר ואדבאל ומבשם
(232813, 66, 4);5;ה;33493;(1, 25, 16, 4, 33493);8925;(1, 25, 16, 2, 8925);הם;1;2;אלה הם בני ישמעאל ואלה שמתם בחצריהם ובטירתם שנים עשר נשיאם לאמתם
(232813, 66, 4);40;מ;33559;(1, 25, 17, 17, 33559);8940;(1, 25, 17, 5, 8940);מאת;1;5;ואלה שני חיי ישמעאל מאת שנה ושלשים שנה ושבע שנים ויגוע וימת ויאסף אל עמיו
(232813, 66, 4);50;נ;33625;(1, 25, 18, 24, 33625);8957;(1, 25, 18, 7, 8957);פני;2;7;וישכנו מחוילה עד שור אשר על פני מצרים באכה אשורה על פני כל אחיו נפל
(232813, 66, 4);6;ו;33691;(1, 25, 20, 1, 33691);8975;(1, 25, 20, 1, 8975);ויהי;1;1;ויהי יצחק בן ארבעים שנה בקחתו את רבקה בת בתואל הארמי מפדן ארם אחות לבן הארמי לו לאשה
(232813, 66, 4);5;ה;33757;(1, 25, 20, 67, 33757);8992;(1, 25, 20, 18, 8992);לאשה;4;18;ויהי יצחק בן ארבעים שנה בקחתו את רבקה בת בתואל הארמי מפדן ארם אחות לבן הארמי לו לאשה
(232813, 66, 4);40;ם;33823;(1, 25, 22, 12, 33823);9008;(1, 25, 22, 2, 9008);הבנים;5;2;ויתרצצו הבנים בקרבה ותאמר אם כן למה זה אנכי ותלך לדרש את יהוה
(232813, 66, 4);1;א;33889;(1, 25, 23, 29, 33889);9027;(1, 25, 23, 8, 9027);לאמים;2;8;ויאמר יהוה לה שני גיים בבטנך ושני לאמים ממעיך יפרדו ולאם מלאם יאמץ ורב יעבד צעיר
(232813, 66, 4);90;צ;33955;(1, 25, 25, 3, 33955);9042;(1, 25, 25, 1, 9042);ויצא;3;1;ויצא הראשון אדמוני כלו כאדרת שער ויקראו שמו עשו
(232813, 66, 4);6;ו;34021;(1, 25, 26, 30, 34021);9059;(1, 25, 26, 9, 9059);ויקרא;1;9;ואחרי כן יצא אחיו וידו אחזת בעקב עשו ויקרא שמו יעקב ויצחק בן ששים שנה בלדת אתם
(232813, 66, 4);5;ה;34087;(1, 25, 27, 34, 34087);9076;(1, 25, 27, 9, 9076);שדה;3;9;ויגדלו הנערים ויהי עשו איש ידע ציד איש שדה ויעקב איש תם ישב אהלים
(232813, 66, 4);7;ז;34153;(1, 25, 29, 10, 34153);9095;(1, 25, 29, 3, 9095);נזיד;2;3;ויזד יעקב נזיד ויבא עשו מן השדה והוא עיף
(232813, 66, 4);20;כ;34219;(1, 25, 30, 44, 34219);9114;(1, 25, 30, 13, 9114);אנכי;3;13;ויאמר עשו אל יעקב הלעיטני נא מן האדם האדם הזה כי עיף אנכי על כן קרא שמו אדום
(232813, 66, 4);30;ל;34285;(1, 25, 32, 25, 34285);9133;(1, 25, 32, 7, 9133);ולמה;2;7;ויאמר עשו הנה אנכי הולך למות ולמה זה לי בכרה
(232813, 66, 4);6;ו;34351;(1, 25, 34, 12, 34351);9150;(1, 25, 34, 3, 9150);לעשו;4;3;ויעקב נתן לעשו לחם ונזיד עדשים ויאכל וישת ויקם וילך ויבז עשו את הבכרה
(232813, 66, 4);1;א;34417;(1, 26, 1, 22, 34417);9167;(1, 26, 1, 6, 9167);הראשון;3;6;ויהי רעב בארץ מלבד הרעב הראשון אשר היה בימי אברהם וילך יצחק אל אבימלך מלך פלשתים גררה
(232813, 66, 4);30;ל;34483;(1, 26, 2, 19, 34483);9183;(1, 26, 2, 5, 9183);אל;2;5;וירא אליו יהוה ויאמר אל תרד מצרימה שכן בארץ אשר אמר אליך
(232813, 66, 4);400;ת;34549;(1, 26, 3, 40, 34549);9201;(1, 26, 3, 11, 9201);את;2;11;גור בארץ הזאת ואהיה עמך ואברכך כי לך ולזרעך אתן את כל הארצת האל והקמתי את השבעה אשר נשבעתי לאברהם אביך
(232813, 66, 4);40;ם;34615;(1, 26, 4, 24, 34615);9216;(1, 26, 4, 5, 9216);השמים;5;5;והרביתי את זרעך ככוכבי השמים ונתתי לזרעך את כל הארצת האל והתברכו בזרעך כל גויי הארץ
(232813, 66, 4);40;מ;34681;(1, 26, 5, 22, 34681);9233;(1, 26, 5, 6, 9233);וישמר;4;6;עקב אשר שמע אברהם בקלי וישמר משמרתי מצותי חקותי ותורתי
(232813, 66, 4);6;ו;34747;(1, 26, 7, 31, 34747);9247;(1, 26, 7, 7, 9247);הוא;2;7;וישאלו אנשי המקום לאשתו ויאמר אחתי הוא כי ירא לאמר אשתי פן יהרגני אנשי המקום על רבקה כי טובת מראה הוא
(232813, 66, 4);10;י;34813;(1, 26, 8, 16, 34813);9267;(1, 26, 8, 6, 9267);הימים;2;6;ויהי כי ארכו לו שם הימים וישקף אבימלך מלך פלשתים בעד החלון וירא והנה יצחק מצחק את רבקה אשתו
(232813, 66, 4);40;מ;34879;(1, 26, 9, 9, 34879);9282;(1, 26, 9, 2, 9282);אבימלך;4;2;ויקרא אבימלך ליצחק ויאמר אך הנה אשתך הוא ואיך אמרת אחתי הוא ויאמר אליו יצחק כי אמרתי פן אמות עליה
(232813, 66, 4);70;ע;34945;(1, 26, 9, 75, 34945);9300;(1, 26, 9, 20, 9300);עליה;1;20;ויקרא אבימלך ליצחק ויאמר אך הנה אשתך הוא ואיך אמרת אחתי הוא ויאמר אליו יצחק כי אמרתי פן אמות עליה
(232813, 66, 4);40;מ;35011;(1, 26, 11, 8, 35011);9317;(1, 26, 11, 2, 9317);אבימלך;4;2;ויצו אבימלך את כל העם לאמר הנגע באיש הזה ובאשתו מות יומת
(232813, 66, 4);6;ו;35077;(1, 26, 12, 29, 35077);9334;(1, 26, 12, 7, 9334);ההוא;3;7;ויזרע יצחק בארץ ההוא וימצא בשנה ההוא מאה שערים ויברכהו יהוה
(232813, 66, 4);40;מ;35143;(1, 26, 14, 15, 35143);9352;(1, 26, 14, 5, 9352);ומקנה;2;5;ויהי לו מקנה צאן ומקנה בקר ועבדה רבה ויקנאו אתו פלשתים
(232813, 66, 4);60;ס;35209;(1, 26, 15, 37, 35209);9368;(1, 26, 15, 10, 9368);סתמום;1;10;וכל הבארת אשר חפרו עבדי אביו בימי אברהם אביו סתמום פלשתים וימלאום עפר
(232813, 66, 4);90;צ;35275;(1, 26, 17, 9, 35275);9384;(1, 26, 17, 3, 9384);יצחק;2;3;וילך משם יצחק ויחן בנחל גרר וישב שם
(232813, 66, 4);400;ת;35341;(1, 26, 18, 47, 35341);9401;(1, 26, 18, 12, 9401);ויסתמום;4;12;וישב יצחק ויחפר את בארת המים אשר חפרו בימי אברהם אביו ויסתמום פלשתים אחרי מות אברהם ויקרא להן שמות כשמת אשר קרא להן אביו
(232813, 66, 4);50;נ;35407;(1, 26, 19, 16, 35407);9417;(1, 26, 19, 4, 9417);בנחל;2;4;ויחפרו עבדי יצחק בנחל וימצאו שם באר מים חיים
(232813, 66, 4);100;ק;35473;(1, 26, 20, 46, 35473);9435;(1, 26, 20, 13, 9435);עשק;3;13;ויריבו רעי גרר עם רעי יצחק לאמר לנו המים ויקרא שם הבאר עשק כי התעשקו עמו
(232813, 66, 4);8;ח;35539;(1, 26, 22, 18, 35539);9452;(1, 26, 22, 5, 9452);אחרת;2;5;ויעתק משם ויחפר באר אחרת ולא רבו עליה ויקרא שמה רחבות ויאמר כי עתה הרחיב יהוה לנו ופרינו בארץ
(232813, 66, 4);1;א;35605;(1, 26, 23, 9, 35605);9469;(1, 26, 23, 3, 9469);באר;2;3;ויעל משם באר שבע
(232813, 66, 4);20;כ;35671;(1, 26, 24, 62, 35671);9486;(1, 26, 24, 16, 9486);וברכתיך;4;16;וירא אליו יהוה בלילה ההוא ויאמר אנכי אלהי אברהם אביך אל תירא כי אתך אנכי וברכתיך והרביתי את זרעך בעבור אברהם עבדי
(232813, 66, 4);6;ו;35737;(1, 26, 25, 36, 35737);9502;(1, 26, 25, 10, 9502);ויכרו;5;10;ויבן שם מזבח ויקרא בשם יהוה ויט שם אהלו ויכרו שם עבדי יצחק באר
(232813, 66, 4);40;מ;35803;(1, 26, 27, 14, 35803);9519;(1, 26, 27, 4, 9519);מדוע;1;4;ויאמר אלהם יצחק מדוע באתם אלי ואתם שנאתם אתי ותשלחוני מאתכם
(232813, 66, 4);200;ר;35869;(1, 26, 28, 31, 35869);9534;(1, 26, 28, 8, 9534);ונאמר;5;8;ויאמרו ראו ראינו כי היה יהוה עמך ונאמר תהי נא אלה בינותינו בינינו ובינך ונכרתה ברית עמך
(232813, 66, 4);6;ו;35935;(1, 26, 29, 26, 35935);9551;(1, 26, 29, 8, 9551);וכאשר;1;8;אם תעשה עמנו רעה כאשר לא נגענוך וכאשר עשינו עמך רק טוב ונשלחך בשלום אתה עתה ברוך יהוה
(232813, 66, 4);10;י;36001;(1, 26, 31, 2, 36001);9567;(1, 26, 31, 1, 9567);וישכימו;2;1;וישכימו בבקר וישבעו איש לאחיו וישלחם יצחק וילכו מאתו בשלום
(232813, 66, 4);2;ב;36067;(1, 26, 32, 19, 36067);9581;(1, 26, 32, 5, 9581);עבדי;2;5;ויהי ביום ההוא ויבאו עבדי יצחק ויגדו לו על אדות הבאר אשר חפרו ויאמרו לו מצאנו מים
(232813, 66, 4);70;ע;36133;(1, 26, 33, 20, 36133);9600;(1, 26, 33, 7, 9600);העיר;2;7;ויקרא אתה שבעה על כן שם העיר באר שבע עד היום הזה
(232813, 66, 4);40;מ;36199;(1, 26, 34, 49, 36199);9619;(1, 26, 34, 14, 9619);בשמת;3;14;ויהי עשו בן ארבעים שנה ויקח אשה את יהודית בת בארי החתי ואת בשמת בת אילן החתי
(232813, 66, 4);200;ר;36265;(1, 27, 1, 32, 36265);9635;(1, 27, 1, 8, 9635);ויקרא;4;8;ויהי כי זקן יצחק ותכהין עיניו מראת ויקרא את עשו בנו הגדל ויאמר אליו בני ויאמר אליו הנני
(232813, 66, 4);400;ת;36331;(1, 27, 2, 28, 36331);9653;(1, 27, 2, 8, 9653);מותי;3;8;ויאמר הנה נא זקנתי לא ידעתי יום מותי
(232813, 66, 4);1;א;36397;(1, 27, 4, 26, 36397);9670;(1, 27, 4, 6, 9670);והביאה;5;6;ועשה לי מטעמים כאשר אהבתי והביאה לי ואכלה בעבור תברכך נפשי בטרם אמות
(232813, 66, 4);5;ה;36463;(1, 27, 5, 36, 36463);9687;(1, 27, 5, 10, 9687);השדה;4;10;ורבקה שמעת בדבר יצחק אל עשו בנו וילך עשו השדה לצוד ציד להביא
(232813, 66, 4);5;ה;36529;(1, 27, 7, 1, 36529);9706;(1, 27, 7, 1, 9706);הביאה;1;1;הביאה לי ציד ועשה לי מטעמים ואכלה ואברככה לפני יהוה לפני מותי
(232813, 66, 4);300;ש;36595;(1, 27, 8, 17, 36595);9722;(1, 27, 8, 5, 9722);לאשר;3;5;ועתה בני שמע בקלי לאשר אני מצוה אתך
(232813, 66, 4);300;ש;36661;(1, 27, 9, 55, 36661);9741;(1, 27, 9, 16, 9741);כאשר;3;16;לך נא אל הצאן וקח לי משם שני גדיי עזים טבים ואעשה אתם מטעמים לאביך כאשר אהב
(232813, 66, 4);10;י;36727;(1, 27, 11, 28, 36727);9759;(1, 27, 11, 9, 9759);איש;2;9;ויאמר יעקב אל רבקה אמו הן עשו אחי איש שער ואנכי איש חלק
(232813, 66, 4);6;ו;36793;(1, 27, 13, 1, 36793);9775;(1, 27, 13, 1, 9775);ותאמר;1;1;ותאמר לו אמו עלי קללתך בני אך שמע בקלי ולך קח לי
(232813, 66, 4);20;כ;36859;(1, 27, 14, 30, 36859);9794;(1, 27, 14, 8, 9794);כאשר;1;8;וילך ויקח ויבא לאמו ותעש אמו מטעמים כאשר אהב אביו
(232813, 66, 4);9;ט;36925;(1, 27, 15, 56, 36925);9812;(1, 27, 15, 16, 9812);הקטן;3;16;ותקח רבקה את בגדי עשו בנה הגדל החמדת אשר אתה בבית ותלבש את יעקב בנה הקטן
(232813, 66, 4);300;ש;36991;(1, 27, 17, 25, 36991);9829;(1, 27, 17, 7, 9829);עשתה;2;7;ותתן את המטעמים ואת הלחם אשר עשתה ביד יעקב בנה
(232813, 66, 4);10;י;37057;(1, 27, 19, 19, 37057);9847;(1, 27, 19, 5, 9847);אנכי;4;5;ויאמר יעקב אל אביו אנכי עשו בכרך עשיתי כאשר דברת אלי קום נא שבה ואכלה מצידי בעבור תברכני נפשך
(232813, 66, 4);1;א;37123;(1, 27, 20, 10, 37123);9864;(1, 27, 20, 3, 9864);אל;1;3;ויאמר יצחק אל בנו מה זה מהרת למצא בני ויאמר כי הקרה יהוה אלהיך לפני
(232813, 66, 4);40;מ;37189;(1, 27, 21, 23, 37189);9883;(1, 27, 21, 7, 9883);ואמשך;3;7;ויאמר יצחק אל יעקב גשה נא ואמשך בני האתה זה בני עשו אם לא
(232813, 66, 4);40;ם;37255;(1, 27, 22, 45, 37255);9901;(1, 27, 22, 11, 9901);והידים;6;11;ויגש יעקב אל יצחק אביו וימשהו ויאמר הקל קול יעקב והידים ידי עשו
(232813, 66, 4);200;ר;37321;(1, 27, 24, 21, 37321);9919;(1, 27, 24, 6, 9919);ויאמר;5;6;ויאמר אתה זה בני עשו ויאמר אני
(232813, 66, 4);1;א;37387;(1, 27, 26, 3, 37387);9937;(1, 27, 26, 1, 9937);ויאמר;3;1;ויאמר אליו יצחק אביו גשה נא ושקה לי בני
(232813, 66, 4);1;א;37453;(1, 27, 27, 38, 37453);9955;(1, 27, 27, 10, 9955);ראה;2;10;ויגש וישק לו וירח את ריח בגדיו ויברכהו ויאמר ראה ריח בני כריח שדה אשר ברכו יהוה
(232813, 66, 4);300;ש;37519;(1, 27, 28, 41, 37519);9972;(1, 27, 28, 10, 9972);ותירש;5;10;ויתן לך האלהים מטל השמים ומשמני הארץ ורב דגן ותירש
(232813, 66, 4);20;ך;37585;(1, 27, 29, 66, 37585);9987;(1, 27, 29, 15, 9987);ומברכיך;7;15;יעבדוך עמים וישתחו לך לאמים הוה גביר לאחיך וישתחוו לך בני אמך ארריך ארור ומברכיך ברוך
(232813, 66, 4);10;י;37651;(1, 27, 30, 62, 37651);10006;(1, 27, 30, 18, 10006);אחיו;3;18;ויהי כאשר כלה יצחק לברך את יעקב ויהי אך יצא יצא יעקב מאת פני יצחק אביו ועשו אחיו בא מצידו
(232813, 66, 4);2;ב;37717;(1, 27, 31, 58, 37717);10023;(1, 27, 31, 15, 10023);תברכני;2;15;ויעש גם הוא מטעמים ויבא לאביו ויאמר לאביו יקם אבי ויאכל מציד בנו בעבר תברכני נפשך
(232813, 66, 4);40;מ;37783;(1, 27, 33, 20, 37783);10041;(1, 27, 33, 6, 10041);מאד;1;6;ויחרד יצחק חרדה גדלה עד מאד ויאמר מי אפוא הוא הצד ציד ויבא לי ואכל מכל בטרם תבוא ואברכהו גם ברוך יהיה
(232813, 66, 4);300;ש;37849;(1, 27, 34, 6, 37849);10059;(1, 27, 34, 2, 10059);עשו;2;2;כשמע עשו את דברי אביו ויצעק צעקה גדלה ומרה עד מאד ויאמר לאביו ברכני גם אני אבי
(232813, 66, 4);10;י;37915;(1, 27, 35, 10, 37915);10077;(1, 27, 35, 3, 10077);אחיך;3;3;ויאמר בא אחיך במרמה ויקח ברכתך
(232813, 66, 4);100;ק;37981;(1, 27, 36, 51, 37981);10094;(1, 27, 36, 14, 10094);לקח;2;14;ויאמר הכי קרא שמו יעקב ויעקבני זה פעמים את בכרתי לקח והנה עתה לקח ברכתי ויאמר הלא אצלת לי ברכה
(232813, 66, 4);400;ת;38047;(1, 27, 37, 42, 38047);10112;(1, 27, 37, 12, 10112);נתתי;3;12;ויען יצחק ויאמר לעשו הן גביר שמתיו לך ואת כל אחיו נתתי לו לעבדים ודגן ותירש סמכתיו ולכה אפוא מה אעשה בני
(232813, 66, 4);1;א;38113;(1, 27, 38, 25, 38113);10129;(1, 27, 38, 7, 10129);הוא;3;7;ויאמר עשו אל אביו הברכה אחת הוא לך אבי ברכני גם אני אבי וישא עשו קלו ויבך
(232813, 66, 4);10;י;38179;(1, 27, 39, 34, 38179);10148;(1, 27, 39, 9, 10148);יהיה;1;9;ויען יצחק אביו ויאמר אליו הנה משמני הארץ יהיה מושבך ומטל השמים מעל
(232813, 66, 4);90;צ;38245;(1, 27, 40, 46, 38245);10165;(1, 27, 40, 13, 10165);צוארך;1;13;ועל חרבך תחיה ואת אחיך תעבד והיה כאשר תריד ופרקת עלו מעל צוארך
(232813, 66, 4);200;ר;38311;(1, 27, 41, 62, 38311);10182;(1, 27, 41, 17, 10182);ואהרגה;4;17;וישטם עשו את יעקב על הברכה אשר ברכו אביו ויאמר עשו בלבו יקרבו ימי אבל אבי ואהרגה את יעקב אחי
(232813, 66, 4);10;י;38377;(1, 27, 42, 55, 38377);10199;(1, 27, 42, 14, 10199);אליו;3;14;ויגד לרבקה את דברי עשו בנה הגדל ותשלח ותקרא ליעקב בנה הקטן ותאמר אליו הנה עשו אחיך מתנחם לך להרגך
(232813, 66, 4);6;ו;38443;(1, 27, 44, 8, 38443);10218;(1, 27, 44, 2, 10218);עמו;3;2;וישבת עמו ימים אחדים עד אשר תשוב חמת אחיך
(232813, 66, 4);10;י;38509;(1, 27, 45, 41, 38509);10237;(1, 27, 45, 12, 10237);ולקחתיך;6;12;עד שוב אף אחיך ממך ושכח את אשר עשית לו ושלחתי ולקחתיך משם למה אשכל גם שניכם יום אחד
(232813, 66, 4);2;ב;38575;(1, 27, 46, 42, 38575);10256;(1, 27, 46, 12, 10256);יעקב;4;12;ותאמר רבקה אל יצחק קצתי בחיי מפני בנות חת אם לקח יעקב אשה מבנות חת כאלה מבנות הארץ למה לי חיים
(232813, 66, 4);200;ר;38641;(1, 28, 1, 34, 38641);10273;(1, 28, 1, 8, 10273);ויאמר;5;8;ויקרא יצחק אל יעקב ויברך אתו ויצוהו ויאמר לו לא תקח אשה מבנות כנען
(232813, 66, 4);1;א;38707;(1, 28, 2, 47, 38707);10294;(1, 28, 2, 15, 10294);אחי;1;15;קום לך פדנה ארם ביתה בתואל אבי אמך וקח לך משם אשה מבנות לבן אחי אמך
(232813, 66, 4);20;ך;38773;(1, 28, 4, 25, 38773);10311;(1, 28, 4, 7, 10311);ולזרעך;6;7;ויתן לך את ברכת אברהם לך ולזרעך אתך לרשתך את ארץ מגריך אשר נתן אלהים לאברהם
(232813, 66, 4);50;ן;38839;(1, 28, 5, 31, 38839);10329;(1, 28, 5, 9, 10329);לבן;3;9;וישלח יצחק את יעקב וילך פדנה ארם אל לבן בן בתואל הארמי אחי רבקה אם יעקב ועשו
(232813, 66, 4);30;ל;38905;(1, 28, 6, 37, 38905);10349;(1, 28, 6, 12, 10349);לקחת;1;12;וירא עשו כי ברך יצחק את יעקב ושלח אתו פדנה ארם לקחת לו משם אשה בברכו אתו ויצו עליו לאמר לא תקח אשה מבנות כנען
(232813, 66, 4);30;ל;38971;(1, 28, 7, 18, 38971);10367;(1, 28, 7, 5, 10367);ואל;3;5;וישמע יעקב אל אביו ואל אמו וילך פדנה ארם
(232813, 66, 4);100;ק;39037;(1, 28, 9, 18, 39037);10385;(1, 28, 9, 5, 10385);ויקח;3;5;וילך עשו אל ישמעאל ויקח את מחלת בת ישמעאל בן אברהם אחות נביות על נשיו לו לאשה
(232813, 66, 4);5;ה;39103;(1, 28, 10, 23, 39103);10403;(1, 28, 10, 6, 10403);חרנה;4;6;ויצא יעקב מבאר שבע וילך חרנה
(232813, 66, 4);8;ח;39169;(1, 28, 12, 3, 39169);10419;(1, 28, 12, 1, 10419);ויחלם;3;1;ויחלם והנה סלם מצב ארצה וראשו מגיע השמימה והנה מלאכי אלהים עלים וירדים בו
(232813, 66, 4);50;נ;39235;(1, 28, 13, 9, 39235);10435;(1, 28, 13, 3, 10435);נצב;1;3;והנה יהוה נצב עליו ויאמר אני יהוה אלהי אברהם אביך ואלהי יצחק הארץ אשר אתה שכב עליה לך אתננה ולזרעך
(232813, 66, 4);30;ל;39301;(1, 28, 13, 75, 39301);10452;(1, 28, 13, 20, 10452);ולזרעך;2;20;והנה יהוה נצב עליו ויאמר אני יהוה אלהי אברהם אביך ואלהי יצחק הארץ אשר אתה שכב עליה לך אתננה ולזרעך
(232813, 66, 4);7;ז;39367;(1, 28, 14, 62, 39367);10467;(1, 28, 14, 15, 10467);ובזרעך;3;15;והיה זרעך כעפר הארץ ופרצת ימה וקדמה וצפנה ונגבה ונברכו בך כל משפחת האדמה ובזרעך
(232813, 66, 4);300;ש;39433;(1, 28, 15, 63, 39433);10485;(1, 28, 15, 18, 10485);עשיתי;2;18;והנה אנכי עמך ושמרתיך בכל אשר תלך והשבתיך אל האדמה הזאת כי לא אעזבך עד אשר אם עשיתי את אשר דברתי לך
(232813, 66, 4);10;י;39499;(1, 28, 17, 3, 39499);10502;(1, 28, 17, 1, 10502);ויירא;3;1;ויירא ויאמר מה נורא המקום הזה אין זה כי אם בית אלהים וזה שער השמים
(232813, 66, 4);8;ח;39565;(1, 28, 18, 17, 39565);10520;(1, 28, 18, 4, 10520);ויקח;4;4;וישכם יעקב בבקר ויקח את האבן אשר שם מראשתיו וישם אתה מצבה ויצק שמן על ראשה
(232813, 66, 4);6;ו;39631;(1, 28, 19, 24, 39631);10540;(1, 28, 19, 8, 10540);ואולם;1;8;ויקרא את שם המקום ההוא בית אל ואולם לוז שם העיר לראשנה
(232813, 66, 4);1;א;39697;(1, 28, 20, 47, 39697);10557;(1, 28, 20, 13, 10557);אנכי;1;13;וידר יעקב נדר לאמר אם יהיה אלהים עמדי ושמרני בדרך הזה אשר אנכי הולך ונתן לי לחם לאכל ובגד ללבש
(232813, 66, 4);2;ב;39763;(1, 28, 22, 4, 39763);10574;(1, 28, 22, 1, 10574);והאבן;4;1;והאבן הזאת אשר שמתי מצבה יהיה בית אלהים וכל אשר תתן לי עשר אעשרנו לך
(232813, 66, 4);30;ל;39829;(1, 29, 1, 16, 39829);10592;(1, 29, 1, 4, 10592);וילך;3;4;וישא יעקב רגליו וילך ארצה בני קדם
(232813, 66, 4);300;ש;39895;(1, 29, 2, 55, 39895);10611;(1, 29, 2, 16, 10611);ישקו;2;16;וירא והנה באר בשדה והנה שם שלשה עדרי צאן רבצים עליה כי מן הבאר ההוא ישקו העדרים והאבן גדלה על פי הבאר
(232813, 66, 4);100;ק;39961;(1, 29, 3, 41, 39961);10628;(1, 29, 3, 11, 10628);והשקו;4;11;ונאספו שמה כל העדרים וגללו את האבן מעל פי הבאר והשקו את הצאן והשיבו את האבן על פי הבאר למקמה
(232813, 66, 4);50;נ;40027;(1, 29, 4, 34, 40027);10646;(1, 29, 4, 9, 10646);אנחנו;2;9;ויאמר להם יעקב אחי מאין אתם ויאמרו מחרן אנחנו
(232813, 66, 4);5;ה;40093;(1, 29, 6, 27, 40093);10662;(1, 29, 6, 7, 10662);והנה;2;7;ויאמר להם השלום לו ויאמרו שלום והנה רחל בתו באה עם הצאן
(232813, 66, 4);1;א;40159;(1, 29, 8, 3, 40159);10681;(1, 29, 8, 1, 10681);ויאמרו;3;1;ויאמרו לא נוכל עד אשר יאספו כל העדרים וגללו את האבן מעל פי הבאר והשקינו הצאן
(232813, 66, 4);2;ב;40225;(1, 29, 9, 8, 40225);10698;(1, 29, 9, 2, 10698);מדבר;3;2;עודנו מדבר עמם ורחל באה עם הצאן אשר לאביה כי רעה הוא
(232813, 66, 4);1;א;40291;(1, 29, 10, 33, 40291);10719;(1, 29, 10, 11, 10719);ואת;2;11;ויהי כאשר ראה יעקב את רחל בת לבן אחי אמו ואת צאן לבן אחי אמו ויגש יעקב ויגל את האבן מעל פי הבאר וישק את צאן לבן אחי אמו
(232813, 66, 4);2;ב;40357;(1, 29, 11, 8, 40357);10739;(1, 29, 11, 2, 10739);יעקב;4;2;וישק יעקב לרחל וישא את קלו ויבך
(232813, 66, 4);5;ה;40423;(1, 29, 12, 49, 40423);10758;(1, 29, 12, 14, 10758);לאביה;5;14;ויגד יעקב לרחל כי אחי אביה הוא וכי בן רבקה הוא ותרץ ותגד לאביה
(232813, 66, 4);60;ס;40489;(1, 29, 13, 66, 40489);10776;(1, 29, 13, 18, 10776);ויספר;3;18;ויהי כשמע לבן את שמע יעקב בן אחתו וירץ לקראתו ויחבק לו וינשק לו ויביאהו אל ביתו ויספר ללבן את כל הדברים האלה
(232813, 66, 4);50;ן;40555;(1, 29, 15, 8, 40555);10794;(1, 29, 15, 2, 10794);לבן;3;2;ויאמר לבן ליעקב הכי אחי אתה ועבדתני חנם הגידה לי מה משכרתך
(232813, 66, 4);100;ק;40621;(1, 29, 16, 27, 40621);10812;(1, 29, 16, 8, 10812);הקטנה;2;8;וללבן שתי בנות שם הגדלה לאה ושם הקטנה רחל
(232813, 66, 4);2;ב;40687;(1, 29, 18, 26, 40687);10829;(1, 29, 18, 7, 10829);שבע;2;7;ויאהב יעקב את רחל ויאמר אעבדך שבע שנים ברחל בתך הקטנה
(232813, 66, 4);2;ב;40753;(1, 29, 20, 9, 40753);10847;(1, 29, 20, 2, 10847);יעקב;4;2;ויעבד יעקב ברחל שבע שנים ויהיו בעיניו כימים אחדים באהבתו אתה
(232813, 66, 4);10;י;40819;(1, 29, 21, 25, 40819);10864;(1, 29, 21, 8, 10864);כי;2;8;ויאמר יעקב אל לבן הבה את אשתי כי מלאו ימי ואבואה אליה
(232813, 66, 4);6;ו;40885;(1, 29, 23, 20, 40885);10882;(1, 29, 23, 6, 10882);בתו;3;6;ויהי בערב ויקח את לאה בתו ויבא אתה אליו ויבא אליה
(232813, 66, 4);30;ל;40951;(1, 29, 25, 16, 40951);10901;(1, 29, 25, 5, 10901);לאה;1;5;ויהי בבקר והנה הוא לאה ויאמר אל לבן מה זאת עשית לי הלא ברחל עבדתי עמך ולמה רמיתני
(232813, 66, 4);40;מ;41017;(1, 29, 26, 18, 41017);10920;(1, 29, 26, 6, 10920);במקומנו;2;6;ויאמר לבן לא יעשה כן במקומנו לתת הצעירה לפני הבכירה
(232813, 66, 4);4;ד;41083;(1, 29, 27, 42, 41083);10937;(1, 29, 27, 13, 10937);עוד;3;13;מלא שבע זאת ונתנה לך גם את זאת בעבדה אשר תעבד עמדי עוד שבע שנים אחרות
(232813, 66, 4);400;ת;41149;(1, 29, 29, 13, 41149);10957;(1, 29, 29, 4, 10957);בתו;2;4;ויתן לבן לרחל בתו את בלהה שפחתו לה לשפחה
(232813, 66, 4);8;ח;41215;(1, 29, 30, 47, 41215);10977;(1, 29, 30, 15, 10977);אחרות;2;15;ויבא גם אל רחל ויאהב גם את רחל מלאה ויעבד עמו עוד שבע שנים אחרות
(232813, 66, 4);50;ן;41281;(1, 29, 32, 26, 41281);10994;(1, 29, 32, 7, 10994);ראובן;5;7;ותהר לאה ותלד בן ותקרא שמו ראובן כי אמרה כי ראה יהוה בעניי כי עתה יאהבני אישי
(232813, 66, 4);50;נ;41347;(1, 29, 33, 31, 41347);11014;(1, 29, 33, 10, 11014);שנואה;2;10;ותהר עוד ותלד בן ותאמר כי שמע יהוה כי שנואה אנכי ויתן לי גם את זה ותקרא שמו שמעון
(232813, 66, 4);1;א;41413;(1, 29, 34, 34, 41413);11033;(1, 29, 34, 10, 11033);אלי;1;10;ותהר עוד ותלד בן ותאמר עתה הפעם ילוה אישי אלי כי ילדתי לו שלשה בנים על כן קרא שמו לוי
(232813, 66, 4);30;ל;41479;(1, 29, 35, 34, 41479);11053;(1, 29, 35, 10, 11053);על;2;10;ותהר עוד ותלד בן ותאמר הפעם אודה את יהוה על כן קראה שמו יהודה ותעמד מלדת
(232813, 66, 4);100;ק;41545;(1, 30, 1, 43, 41545);11071;(1, 30, 1, 12, 11071);יעקב;3;12;ותרא רחל כי לא ילדה ליעקב ותקנא רחל באחתה ותאמר אל יעקב הבה לי בנים ואם אין מתה אנכי
(232813, 66, 4);200;ר;41611;(1, 30, 2, 43, 41611);11090;(1, 30, 2, 12, 11090);פרי;2;12;ויחר אף יעקב ברחל ויאמר התחת אלהים אנכי אשר מנע ממך פרי בטן
(232813, 66, 4);8;ח;41677;(1, 30, 4, 15, 41677);11109;(1, 30, 4, 5, 11109);שפחתה;3;5;ותתן לו את בלהה שפחתה לאשה ויבא אליה יעקב
(232813, 66, 4);10;י;41743;(1, 30, 6, 29, 41743);11126;(1, 30, 6, 8, 11126);ויתן;2;8;ותאמר רחל דנני אלהים וגם שמע בקלי ויתן לי בן על כן קראה שמו דן
(232813, 66, 4);1;א;41809;(1, 30, 8, 15, 41809);11146;(1, 30, 8, 4, 11146);אלהים;1;4;ותאמר רחל נפתולי אלהים נפתלתי עם אחתי גם יכלתי ותקרא שמו נפתלי
(232813, 66, 4);8;ח;41875;(1, 30, 9, 30, 41875);11163;(1, 30, 9, 9, 11163);שפחתה;3;9;ותרא לאה כי עמדה מלדת ותקח את זלפה שפחתה ותתן אתה ליעקב לאשה
(232813, 66, 4);30;ל;41941;(1, 30, 12, 3, 41941);11181;(1, 30, 12, 1, 11181);ותלד;3;1;ותלד זלפה שפחת לאה בן שני ליעקב
(232813, 66, 4);1;א;42007;(1, 30, 14, 6, 42007);11199;(1, 30, 14, 2, 11199);ראובן;2;2;וילך ראובן בימי קציר חטים וימצא דודאים בשדה ויבא אתם אל לאה אמו ותאמר רחל אל לאה תני נא לי מדודאי בנך
(232813, 66, 4);40;מ;42073;(1, 30, 14, 72, 42073);11218;(1, 30, 14, 21, 11218);מדודאי;1;21;וילך ראובן בימי קציר חטים וימצא דודאים בשדה ויבא אתם אל לאה אמו ותאמר רחל אל לאה תני נא לי מדודאי בנך
(232813, 66, 4);30;ל;42139;(1, 30, 15, 58, 42139);11236;(1, 30, 15, 17, 11236);הלילה;2;17;ותאמר לה המעט קחתך את אישי ולקחת גם את דודאי בני ותאמר רחל לכן ישכב עמך הלילה תחת דודאי בנך
(232813, 66, 4);400;ת;42205;(1, 30, 16, 52, 42205);11253;(1, 30, 16, 14, 11253);שכרתיך;4;14;ויבא יעקב מן השדה בערב ותצא לאה לקראתו ותאמר אלי תבוא כי שכר שכרתיך בדודאי בני וישכב עמה בלילה הוא
(232813, 66, 4);40;מ;42271;(1, 30, 18, 4, 42271);11269;(1, 30, 18, 1, 11269);ותאמר;4;1;ותאמר לאה נתן אלהים שכרי אשר נתתי שפחתי לאישי ותקרא שמו יששכר
(232813, 66, 4);30;ל;42337;(1, 30, 19, 20, 42337);11287;(1, 30, 19, 7, 11287);ליעקב;1;7;ותהר עוד לאה ותלד בן ששי ליעקב
(232813, 66, 4);1;א;42403;(1, 30, 20, 62, 42403);11303;(1, 30, 20, 16, 11303);ותקרא;5;16;ותאמר לאה זבדני אלהים אתי זבד טוב הפעם יזבלני אישי כי ילדתי לו ששה בנים ותקרא את שמו זבלון
(232813, 66, 4);80;פ;42469;(1, 30, 22, 32, 42469);11321;(1, 30, 22, 8, 11321);ויפתח;3;8;ויזכר אלהים את רחל וישמע אליה אלהים ויפתח את רחמה
(232813, 66, 4);2;ב;42535;(1, 30, 24, 28, 42535);11340;(1, 30, 24, 9, 11340);בן;1;9;ותקרא את שמו יוסף לאמר יסף יהוה לי בן אחר
(232813, 66, 4);1;א;42601;(1, 30, 26, 4, 42601);11358;(1, 30, 26, 2, 11358);את;1;2;תנה את נשי ואת ילדי אשר עבדתי אתך בהן ואלכה כי אתה ידעת את עבדתי אשר עבדתיך
(232813, 66, 4);2;ב;42667;(1, 30, 27, 11, 42667);11376;(1, 30, 27, 3, 11376);לבן;2;3;ויאמר אליו לבן אם נא מצאתי חן בעיניך נחשתי ויברכני יהוה בגללך
(232813, 66, 4);1;א;42733;(1, 30, 29, 6, 42733);11392;(1, 30, 29, 2, 11392);אליו;1;2;ויאמר אליו אתה ידעת את אשר עבדתיך ואת אשר היה מקנך אתי
(232813, 66, 4);200;ר;42799;(1, 30, 30, 29, 42799);11411;(1, 30, 30, 9, 11411);ויברך;4;9;כי מעט אשר היה לך לפני ויפרץ לרב ויברך יהוה אתך לרגלי ועתה מתי אעשה גם אנכי לביתי
(232813, 66, 4);6;ו;42865;(1, 30, 31, 31, 42865);11430;(1, 30, 31, 10, 11430);מאומה;3;10;ויאמר מה אתן לך ויאמר יעקב לא תתן לי מאומה אם תעשה לי הדבר הזה אשובה ארעה צאנך אשמר
(232813, 66, 4);6;ו;42931;(1, 30, 32, 32, 42931);11449;(1, 30, 32, 10, 11449);וטלוא;4;10;אעבר בכל צאנך היום הסר משם כל שה נקד וטלוא וכל שה חום בכשבים וטלוא ונקד בעזים והיה שכרי
(232813, 66, 4);20;כ;42997;(1, 30, 33, 29, 42997);11467;(1, 30, 33, 9, 11467);שכרי;2;9;וענתה בי צדקתי ביום מחר כי תבוא על שכרי לפניך כל אשר איננו נקד וטלוא בעזים וחום בכשבים גנוב הוא אתי
(232813, 66, 4);20;כ;43063;(1, 30, 34, 16, 43063);11485;(1, 30, 34, 6, 11485);כדברך;1;6;ויאמר לבן הן לו יהי כדברך
(232813, 66, 4);2;ב;43129;(1, 30, 35, 62, 43129);11500;(1, 30, 35, 15, 11500);לבן;2;15;ויסר ביום ההוא את התישים העקדים והטלאים ואת כל העזים הנקדות והטלאת כל אשר לבן בו וכל חום בכשבים ויתן ביד בניו
(232813, 66, 4);50;ן;43195;(1, 30, 36, 40, 43195);11518;(1, 30, 36, 11, 11518);צאן;3;11;וישם דרך שלשת ימים בינו ובין יעקב ויעקב רעה את צאן לבן הנותרת
(232813, 66, 4);300;ש;43261;(1, 30, 37, 57, 43261);11535;(1, 30, 37, 15, 11535);אשר;2;15;ויקח לו יעקב מקל לבנה לח ולוז וערמון ויפצל בהן פצלות לבנות מחשף הלבן אשר על המקלות
(232813, 66, 4);1;א;43327;(1, 30, 38, 57, 43327);11551;(1, 30, 38, 14, 11551);הצאן;3;14;ויצג את המקלות אשר פצל ברהטים בשקתות המים אשר תבאן הצאן לשתות לנכח הצאן ויחמנה בבאן לשתות
(232813, 66, 4);5;ה;43393;(1, 30, 40, 8, 43393);11565;(1, 30, 40, 2, 11565);הפריד;1;2;והכשבים הפריד יעקב ויתן פני הצאן אל עקד וכל חום בצאן לבן וישת לו עדרים לבדו ולא שתם על צאן לבן
(232813, 66, 4);50;ן;43459;(1, 30, 40, 74, 43459);11584;(1, 30, 40, 21, 11584);לבן;3;21;והכשבים הפריד יעקב ויתן פני הצאן אל עקד וכל חום בצאן לבן וישת לו עדרים לבדו ולא שתם על צאן לבן
(232813, 66, 4);5;ה;43525;(1, 30, 42, 3, 43525);11599;(1, 30, 42, 1, 11599);ובהעטיף;3;1;ובהעטיף הצאן לא ישים והיה העטפים ללבן והקשרים ליעקב
(232813, 66, 4);2;ב;43591;(1, 30, 43, 26, 43591);11615;(1, 30, 43, 8, 11615);רבות;2;8;ויפרץ האיש מאד מאד ויהי לו צאן רבות ושפחות ועבדים וגמלים וחמרים
(232813, 66, 4);50;נ;43657;(1, 31, 1, 40, 43657);11631;(1, 31, 1, 12, 11631);לאבינו;5;12;וישמע את דברי בני לבן לאמר לקח יעקב את כל אשר לאבינו ומאשר לאבינו עשה את כל הכבד הזה
(232813, 66, 4);10;י;43723;(1, 31, 3, 2, 43723);11649;(1, 31, 3, 1, 11649);ויאמר;2;1;ויאמר יהוה אל יעקב שוב אל ארץ אבותיך ולמולדתך ואהיה עמך
(232813, 66, 4);5;ה;43789;(1, 31, 4, 23, 43789);11664;(1, 31, 4, 5, 11664);וללאה;5;5;וישלח יעקב ויקרא לרחל וללאה השדה אל צאנו
(232813, 66, 4);40;מ;43855;(1, 31, 5, 56, 43855);11683;(1, 31, 5, 16, 11683);עמדי;2;16;ויאמר להן ראה אנכי את פני אביכן כי איננו אלי כתמל שלשם ואלהי אבי היה עמדי
(232813, 66, 4);30;ל;43921;(1, 31, 7, 34, 43921);11700;(1, 31, 7, 9, 11700);ולא;2;9;ואביכן התל בי והחלף את משכרתי עשרת מנים ולא נתנו אלהים להרע עמדי
(232813, 66, 4);100;ק;43987;(1, 31, 8, 48, 43987);11718;(1, 31, 8, 14, 11718);עקדים;2;14;אם כה יאמר נקדים יהיה שכרך וילדו כל הצאן נקדים ואם כה יאמר עקדים יהיה שכרך וילדו כל הצאן עקדים
(232813, 66, 4);1;א;44053;(1, 31, 10, 13, 44053);11735;(1, 31, 10, 4, 11735);הצאן;3;4;ויהי בעת יחם הצאן ואשא עיני וארא בחלום והנה העתדים העלים על הצאן עקדים נקדים וברדים
(232813, 66, 4);1;א;44119;(1, 31, 11, 11, 44119);11750;(1, 31, 11, 3, 11750);מלאך;3;3;ויאמר אלי מלאך האלהים בחלום יעקב ואמר הנני
(232813, 66, 4);40;ם;44185;(1, 31, 12, 42, 44185);11766;(1, 31, 12, 11, 11766);עקדים;5;11;ויאמר שא נא עיניך וראה כל העתדים העלים על הצאן עקדים נקדים וברדים כי ראיתי את כל אשר לבן עשה לך
(232813, 66, 4);30;ל;44251;(1, 31, 13, 33, 44251);11787;(1, 31, 13, 11, 11787);לי;1;11;אנכי האל בית אל אשר משחת שם מצבה אשר נדרת לי שם נדר עתה קום צא מן הארץ הזאת ושוב אל ארץ מולדתך
(232813, 66, 4);6;ו;44317;(1, 31, 14, 27, 44317);11806;(1, 31, 14, 7, 11806);לנו;3;7;ותען רחל ולאה ותאמרנה לו העוד לנו חלק ונחלה בבית אבינו
(232813, 66, 4);70;ע;44383;(1, 31, 16, 6, 44383);11824;(1, 31, 16, 3, 11824);העשר;2;3;כי כל העשר אשר הציל אלהים מאבינו לנו הוא ולבנינו ועתה כל אשר אמר אלהים אליך עשה
(232813, 66, 4);6;ו;44449;(1, 31, 17, 9, 44449);11841;(1, 31, 17, 3, 11841);וישא;1;3;ויקם יעקב וישא את בניו ואת נשיו על הגמלים
(232813, 66, 4);200;ר;44515;(1, 31, 18, 42, 44515);11860;(1, 31, 18, 13, 11860);רכש;1;13;וינהג את כל מקנהו ואת כל רכשו אשר רכש מקנה קנינו אשר רכש בפדן ארם לבוא אל יצחק אביו ארצה כנען
(232813, 66, 4);300;ש;44581;(1, 31, 19, 35, 44581);11878;(1, 31, 19, 10, 11878);אשר;2;10;ולבן הלך לגזז את צאנו ותגנב רחל את התרפים אשר לאביה
(232813, 66, 4);40;ם;44647;(1, 31, 21, 20, 44647);11898;(1, 31, 21, 6, 11898);ויקם;4;6;ויברח הוא וכל אשר לו ויקם ויעבר את הנהר וישם את פניו הר הגלעד
(232813, 66, 4);70;ע;44713;(1, 31, 23, 11, 44713);11917;(1, 31, 23, 4, 11917);עמו;1;4;ויקח את אחיו עמו וירדף אחריו דרך שבעת ימים וידבק אתו בהר הגלעד
(232813, 66, 4);30;ל;44779;(1, 31, 24, 27, 44779);11933;(1, 31, 24, 7, 11933);הלילה;4;7;ויבא אלהים אל לבן הארמי בחלם הלילה ויאמר לו השמר לך פן תדבר עם יעקב מטוב עד רע
(232813, 66, 4);30;ל;44845;(1, 31, 25, 32, 44845);11954;(1, 31, 25, 10, 11954);ולבן;2;10;וישג לבן את יעקב ויעקב תקע את אהלו בהר ולבן תקע את אחיו בהר הגלעד
(232813, 66, 4);400;ת;44911;(1, 31, 26, 47, 44911);11971;(1, 31, 26, 12, 11971);כשביות;6;12;ויאמר לבן ליעקב מה עשית ותגנב את לבבי ותנהג את בנתי כשביות חרב
(232813, 66, 4);50;נ;44977;(1, 31, 28, 8, 44977);11987;(1, 31, 28, 2, 11987);נטשתני;5;2;ולא נטשתני לנשק לבני ולבנתי עתה הסכלת עשו
(232813, 66, 4);1;א;45043;(1, 31, 29, 40, 45043);12005;(1, 31, 29, 12, 12005);לאמר;2;12;יש לאל ידי לעשות עמכם רע ואלהי אביכם אמש אמר אלי לאמר השמר לך מדבר עם יעקב מטוב עד רע
(232813, 66, 4);400;ת;45109;(1, 31, 30, 40, 45109);12024;(1, 31, 30, 11, 12024);את;2;11;ועתה הלך הלכת כי נכסף נכספתה לבית אביך למה גנבת את אלהי
(232813, 66, 4);30;ל;45175;(1, 31, 32, 13, 45175);12043;(1, 31, 32, 5, 12043);אלהיך;2;5;עם אשר תמצא את אלהיך לא יחיה נגד אחינו הכר לך מה עמדי וקח לך ולא ידע יעקב כי רחל גנבתם
(232813, 66, 4);70;ע;45241;(1, 31, 33, 13, 45241);12063;(1, 31, 33, 4, 12063);יעקב;2;4;ויבא לבן באהל יעקב ובאהל לאה ובאהל שתי האמהת ולא מצא ויצא מאהל לאה ויבא באהל רחל
(232813, 66, 4);10;י;45307;(1, 31, 34, 15, 45307);12080;(1, 31, 34, 4, 12080);התרפים;5;4;ורחל לקחה את התרפים ותשמם בכר הגמל ותשב עליהם וימשש לבן את כל האהל ולא מצא
(232813, 66, 4);1;א;45373;(1, 31, 35, 22, 45373);12099;(1, 31, 35, 7, 12099);אדני;1;7;ותאמר אל אביה אל יחר בעיני אדני כי לוא אוכל לקום מפניך כי דרך נשים לי ויחפש ולא מצא את התרפים
(232813, 66, 4);30;ל;45439;(1, 31, 36, 15, 45439);12117;(1, 31, 36, 4, 12117);בלבן;2;4;ויחר ליעקב וירב בלבן ויען יעקב ויאמר ללבן מה פשעי מה חטאתי כי דלקת אחרי
(232813, 66, 4);30;ל;45505;(1, 31, 37, 24, 45505);12137;(1, 31, 37, 9, 12137);כלי;2;9;כי מששת את כל כלי מה מצאת מכל כלי ביתך שים כה נגד אחי ואחיך ויוכיחו בין שנינו
(232813, 66, 4);300;ש;45571;(1, 31, 38, 30, 45571);12155;(1, 31, 38, 9, 12155);שכלו;1;9;זה עשרים שנה אנכי עמך רחליך ועזיך לא שכלו ואילי צאנך לא אכלתי
(232813, 66, 4);400;ת;45637;(1, 31, 39, 47, 45637);12170;(1, 31, 39, 11, 12170);וגנבתי;5;11;טרפה לא הבאתי אליך אנכי אחטנה מידי תבקשנה גנבתי יום וגנבתי לילה
(232813, 66, 4);10;י;45703;(1, 31, 41, 22, 45703);12186;(1, 31, 41, 6, 12186);עבדתיך;5;6;זה לי עשרים שנה בביתך עבדתיך ארבע עשרה שנה בשתי בנתיך ושש שנים בצאנך ותחלף את משכרתי עשרת מנים
(232813, 66, 4);1;א;45769;(1, 31, 42, 12, 45769);12203;(1, 31, 42, 4, 12203);אלהי;1;4;לולי אלהי אבי אלהי אברהם ופחד יצחק היה לי כי עתה ריקם שלחתני את עניי ואת יגיע כפי ראה אלהים ויוכח אמש
(232813, 66, 4);1;א;45835;(1, 31, 42, 78, 45835);12221;(1, 31, 42, 22, 12221);אמש;1;22;לולי אלהי אבי אלהי אברהם ופחד יצחק היה לי כי עתה ריקם שלחתני את עניי ואת יגיע כפי ראה אלהים ויוכח אמש
(232813, 66, 4);30;ל;45901;(1, 31, 43, 64, 45901);12239;(1, 31, 43, 18, 12239);ולבנתי;2;18;ויען לבן ויאמר אל יעקב הבנות בנתי והבנים בני והצאן צאני וכל אשר אתה ראה לי הוא ולבנתי מה אעשה לאלה היום או לבניהן אשר ילדו
(232813, 66, 4);50;נ;45967;(1, 31, 44, 33, 45967);12256;(1, 31, 44, 9, 12256);ביני;3;9;ועתה לכה נכרתה ברית אני ואתה והיה לעד ביני ובינך
(232813, 66, 4);3;ג;46033;(1, 31, 46, 39, 46033);12271;(1, 31, 46, 9, 12271);גל;1;9;ויאמר יעקב לאחיו לקטו אבנים ויקחו אבנים ויעשו גל ויאכלו שם על הגל
(232813, 66, 4);50;נ;46099;(1, 31, 48, 19, 46099);12290;(1, 31, 48, 6, 12290);ביני;3;6;ויאמר לבן הגל הזה עד ביני ובינך היום על כן קרא שמו גלעד
(232813, 66, 4);6;ו;46165;(1, 31, 49, 42, 46165);12308;(1, 31, 49, 11, 12308);מרעהו;5;11;והמצפה אשר אמר יצף יהוה ביני ובינך כי נסתר איש מרעהו
(232813, 66, 4);30;ל;46231;(1, 31, 51, 9, 46231);12328;(1, 31, 51, 3, 12328);ליעקב;1;3;ויאמר לבן ליעקב הנה הגל הזה והנה המצבה אשר יריתי ביני ובינך
(232813, 66, 4);2;ב;46297;(1, 31, 52, 27, 46297);12346;(1, 31, 52, 9, 12346);אעבר;3;9;עד הגל הזה ועדה המצבה אם אני לא אעבר אליך את הגל הזה ואם אתה לא תעבר אלי את הגל הזה ואת המצבה הזאת לרעה
(232813, 66, 4);10;י;46363;(1, 31, 53, 14, 46363);12365;(1, 31, 53, 3, 12365);ואלהי;5;3;אלהי אברהם ואלהי נחור ישפטו בינינו אלהי אביהם וישבע יעקב בפחד אביו יצחק
(232813, 66, 4);30;ל;46429;(1, 31, 54, 21, 46429);12381;(1, 31, 54, 6, 12381);לאחיו;1;6;ויזבח יעקב זבח בהר ויקרא לאחיו לאכל לחם ויאכלו לחם וילינו בהר
(232813, 66, 4);400;ת;46495;(1, 32, 1, 37, 46495);12395;(1, 32, 1, 8, 12395);אתהם;2;8;וישכם לבן בבקר וינשק לבניו ולבנותיו ויברך אתהם וילך וישב לבן למקמו
(232813, 66, 4);40;מ;46561;(1, 32, 3, 17, 46561);12411;(1, 32, 3, 5, 12411);מחנה;1;5;ויאמר יעקב כאשר ראם מחנה אלהים זה ויקרא שם המקום ההוא מחנים
(232813, 66, 4);70;ע;46627;(1, 32, 4, 35, 46627);12427;(1, 32, 4, 9, 12427);שעיר;2;9;וישלח יעקב מלאכים לפניו אל עשו אחיו ארצה שעיר שדה אדום
(232813, 66, 4);70;ע;46693;(1, 32, 5, 57, 46693);12446;(1, 32, 5, 17, 12446);עתה;1;17;ויצו אתם לאמר כה תאמרון לאדני לעשו כה אמר עבדך יעקב עם לבן גרתי ואחר עד עתה
(232813, 66, 4);20;כ;46759;(1, 32, 7, 10, 46759);12461;(1, 32, 7, 2, 12461);המלאכים;5;2;וישבו המלאכים אל יעקב לאמר באנו אל אחיך אל עשו וגם הלך לקראתך וארבע מאות איש עמו
(232813, 66, 4);4;ד;46825;(1, 32, 8, 12, 46825);12479;(1, 32, 8, 3, 12479);מאד;3;3;ויירא יעקב מאד ויצר לו ויחץ את העם אשר אתו ואת הצאן ואת הבקר והגמלים לשני מחנות
(232813, 66, 4);1;א;46891;(1, 32, 9, 15, 46891);12498;(1, 32, 9, 5, 12498);אל;1;5;ויאמר אם יבוא עשו אל המחנה האחת והכהו והיה המחנה הנשאר לפליטה
(232813, 66, 4);90;צ;46957;(1, 32, 10, 31, 46957);12513;(1, 32, 10, 8, 12513);יצחק;2;8;ויאמר יעקב אלהי אבי אברהם ואלהי אבי יצחק יהוה האמר אלי שוב לארצך ולמולדתך ואיטיבה עמך
(232813, 66, 4);300;ש;47023;(1, 32, 11, 27, 47023);12528;(1, 32, 11, 7, 12528);עשית;2;7;קטנתי מכל החסדים ומכל האמת אשר עשית את עבדך כי במקלי עברתי את הירדן הזה ועתה הייתי לשני מחנות
(232813, 66, 4);70;ע;47089;(1, 32, 12, 18, 47089);12546;(1, 32, 12, 6, 12546);עשו;1;6;הצילני נא מיד אחי מיד עשו כי ירא אנכי אתו פן יבוא והכני אם על בנים
(232813, 66, 4);8;ח;47155;(1, 32, 13, 33, 47155);12565;(1, 32, 13, 9, 12565);כחול;2;9;ואתה אמרת היטב איטיב עמך ושמתי את זרעך כחול הים אשר לא יספר מרב
(232813, 66, 4);40;ם;47221;(1, 32, 15, 9, 47221);12583;(1, 32, 15, 2, 12583);מאתים;5;2;עזים מאתים ותישים עשרים רחלים מאתים ואילים עשרים
(232813, 66, 4);6;ו;47287;(1, 32, 16, 34, 47287);12596;(1, 32, 16, 7, 12596);ופרים;1;7;גמלים מיניקות ובניהם שלשים פרות ארבעים ופרים עשרה אתנת עשרים ועירם עשרה
(232813, 66, 4);80;פ;47353;(1, 32, 17, 40, 47353);12612;(1, 32, 17, 11, 12612);לפני;2;11;ויתן ביד עבדיו עדר עדר לבדו ויאמר אל עבדיו עברו לפני ורוח תשימו בין עדר ובין עדר
(232813, 66, 4);1;א;47419;(1, 32, 18, 42, 47419);12630;(1, 32, 18, 12, 12630);אתה;1;12;ויצו את הראשון לאמר כי יפגשך עשו אחי ושאלך לאמר למי אתה ואנה תלך ולמי אלה לפניך
(232813, 66, 4);1;א;47485;(1, 32, 19, 45, 47485);12646;(1, 32, 19, 11, 12646);הוא;3;11;ואמרת לעבדך ליעקב מנחה הוא שלוחה לאדני לעשו והנה גם הוא אחרינו
(232813, 66, 4);6;ו;47551;(1, 32, 20, 60, 47551);12664;(1, 32, 20, 17, 12664);תדברון;5;17;ויצו גם את השני גם את השלישי גם את כל ההלכים אחרי העדרים לאמר כדבר הזה תדברון אל עשו במצאכם אתו
(232813, 66, 4);80;פ;47617;(1, 32, 21, 51, 47617);12681;(1, 32, 21, 13, 12681);לפני;2;13;ואמרתם גם הנה עבדך יעקב אחרינו כי אמר אכפרה פניו במנחה ההלכת לפני ואחרי כן אראה פניו אולי ישא פני
(232813, 66, 4);100;ק;47683;(1, 32, 23, 3, 47683);12698;(1, 32, 23, 1, 12698);ויקם;3;1;ויקם בלילה הוא ויקח את שתי נשיו ואת שתי שפחתיו ואת אחד עשר ילדיו ויעבר את מעבר יבק
(232813, 66, 4);8;ח;47749;(1, 32, 24, 4, 47749);12716;(1, 32, 24, 1, 12716);ויקחם;4;1;ויקחם ויעברם את הנחל ויעבר את אשר לו
(232813, 66, 4);30;ל;47815;(1, 32, 26, 7, 47815);12735;(1, 32, 26, 3, 12735);לא;1;3;וירא כי לא יכל לו ויגע בכף ירכו ותקע כף ירך יעקב בהאבקו עמו
(232813, 66, 4);1;א;47881;(1, 32, 27, 27, 47881);12754;(1, 32, 27, 8, 12754);אשלחך;1;8;ויאמר שלחני כי עלה השחר ויאמר לא אשלחך כי אם ברכתני
(232813, 66, 4);1;א;47947;(1, 32, 29, 29, 47947);12772;(1, 32, 29, 9, 12772);ישראל;4;9;ויאמר לא יעקב יאמר עוד שמך כי אם ישראל כי שרית עם אלהים ועם אנשים ותוכל
(232813, 66, 4);30;ל;48013;(1, 32, 30, 39, 48013);12790;(1, 32, 30, 11, 12790);לשמי;1;11;וישאל יעקב ויאמר הגידה נא שמך ויאמר למה זה תשאל לשמי ויברך אתו שם
(232813, 66, 4);6;ו;48079;(1, 32, 32, 1, 48079);12807;(1, 32, 32, 1, 12807);ויזרח;1;1;ויזרח לו השמש כאשר עבר את פנואל והוא צלע על ירכו
(232813, 66, 4);1;א;48145;(1, 32, 33, 29, 48145);12827;(1, 32, 33, 10, 12827);אשר;1;10;על כן לא יאכלו בני ישראל את גיד הנשה אשר על כף הירך עד היום הזה כי נגע בכף ירך יעקב בגיד הנשה
(232813, 66, 4);6;ו;48211;(1, 33, 1, 24, 48211);12846;(1, 33, 1, 6, 12846);עשו;3;6;וישא יעקב עיניו וירא והנה עשו בא ועמו ארבע מאות איש ויחץ את הילדים על לאה ועל רחל ועל שתי השפחות
(232813, 66, 4);1;א;48277;(1, 33, 2, 14, 48277);12865;(1, 33, 2, 4, 12865);ואת;2;4;וישם את השפחות ואת ילדיהן ראשנה ואת לאה וילדיה אחרנים ואת רחל ואת יוסף אחרנים
(232813, 66, 4);400;ת;48343;(1, 33, 3, 17, 48343);12880;(1, 33, 3, 4, 12880);וישתחו;4;4;והוא עבר לפניהם וישתחו ארצה שבע פעמים עד גשתו עד אחיו
(232813, 66, 4);2;ב;48409;(1, 33, 4, 40, 48409);12896;(1, 33, 4, 9, 12896);ויבכו;3;9;וירץ עשו לקראתו ויחבקהו ויפל על צוארו וישקהו ויבכו
(232813, 66, 4);10;י;48475;(1, 33, 5, 64, 48475);12913;(1, 33, 5, 17, 12913);אלהים;4;17;וישא את עיניו וירא את הנשים ואת הילדים ויאמר מי אלה לך ויאמר הילדים אשר חנן אלהים את עבדך
(232813, 66, 4);10;י;48541;(1, 33, 7, 30, 48541);12928;(1, 33, 7, 8, 12928);יוסף;1;8;ותגש גם לאה וילדיה וישתחוו ואחר נגש יוסף ורחל וישתחוו
(232813, 66, 4);200;ר;48607;(1, 33, 9, 5, 48607);12944;(1, 33, 9, 1, 12944);ויאמר;5;1;ויאמר עשו יש לי רב אחי יהי לך אשר לך
(232813, 66, 4);10;י;48673;(1, 33, 10, 44, 48673);12965;(1, 33, 10, 12, 12965);מידי;4;12;ויאמר יעקב אל נא אם נא מצאתי חן בעיניך ולקחת מנחתי מידי כי על כן ראיתי פניך כראת פני אלהים ותרצני
(232813, 66, 4);20;כ;48739;(1, 33, 11, 33, 48739);12985;(1, 33, 11, 11, 12985);וכי;2;11;קח נא את ברכתי אשר הבאת לך כי חנני אלהים וכי יש לי כל ויפצר בו ויקח
(232813, 66, 4);40;ם;48805;(1, 33, 13, 24, 48805);13002;(1, 33, 13, 6, 13002);הילדים;6;6;ויאמר אליו אדני ידע כי הילדים רכים והצאן והבקר עלות עלי ודפקום יום אחד ומתו כל הצאן
(232813, 66, 4);1;א;48871;(1, 33, 14, 23, 48871);13020;(1, 33, 14, 7, 13020);אתנהלה;1;7;יעבר נא אדני לפני עבדו ואני אתנהלה לאטי לרגל המלאכה אשר לפני ולרגל הילדים עד אשר אבא אל אדני שעירה
(232813, 66, 4);90;צ;48937;(1, 33, 15, 10, 48937);13036;(1, 33, 15, 3, 13036);אציגה;2;3;ויאמר עשו אציגה נא עמך מן העם אשר אתי ויאמר למה זה אמצא חן בעיני אדני
(232813, 66, 4);70;ע;49003;(1, 33, 16, 22, 49003);13055;(1, 33, 16, 6, 13055);שעירה;2;6;וישב ביום ההוא עשו לדרכו שעירה
(232813, 66, 4);40;ם;49069;(1, 33, 18, 11, 49069);13073;(1, 33, 18, 3, 13073);שלם;3;3;ויבא יעקב שלם עיר שכם אשר בארץ כנען בבאו מפדן ארם ויחן את פני העיר
(232813, 66, 4);30;ל;49135;(1, 33, 19, 25, 49135);13093;(1, 33, 19, 8, 13093);אהלו;3;8;ויקן את חלקת השדה אשר נטה שם אהלו מיד בני חמור אבי שכם במאה קשיטה
(232813, 66, 4);1;א;49201;(1, 34, 1, 12, 49201);13112;(1, 34, 1, 4, 13112);לאה;2;4;ותצא דינה בת לאה אשר ילדה ליעקב לראות בבנות הארץ
(232813, 66, 4);20;כ;49267;(1, 34, 2, 39, 49267);13129;(1, 34, 2, 11, 13129);וישכב;4;11;וירא אתה שכם בן חמור החוי נשיא הארץ ויקח אתה וישכב אתה ויענה
(232813, 66, 4);6;ו;49333;(1, 34, 4, 13, 49333);13147;(1, 34, 4, 4, 13147);חמור;3;4;ויאמר שכם אל חמור אביו לאמר קח לי את הילדה הזאת לאשה
(232813, 66, 4);2;ב;49399;(1, 34, 5, 38, 49399);13167;(1, 34, 5, 12, 13167);בשדה;1;12;ויעקב שמע כי טמא את דינה בתו ובניו היו את מקנהו בשדה והחרש יעקב עד באם
(232813, 66, 4);40;ם;49465;(1, 34, 7, 22, 49465);13185;(1, 34, 7, 6, 13185);כשמעם;5;6;ובני יעקב באו מן השדה כשמעם ויתעצבו האנשים ויחר להם מאד כי נבלה עשה בישראל לשכב את בת יעקב וכן לא יעשה
(232813, 66, 4);40;מ;49531;(1, 34, 8, 7, 49531);13203;(1, 34, 8, 2, 13203);חמור;2;2;וידבר חמור אתם לאמר שכם בני חשקה נפשו בבתכם תנו נא אתה לו לאשה
(232813, 66, 4);6;ו;49597;(1, 34, 9, 24, 49597);13220;(1, 34, 9, 5, 13220);לנו;3;5;והתחתנו אתנו בנתיכם תתנו לנו ואת בנתינו תקחו לכם
(232813, 66, 4);1;א;49663;(1, 34, 11, 9, 49663);13236;(1, 34, 11, 3, 13236);אל;1;3;ויאמר שכם אל אביה ואל אחיה אמצא חן בעיניכם ואשר תאמרו אלי אתן
(232813, 66, 4);200;ר;49729;(1, 34, 12, 26, 49729);13253;(1, 34, 12, 7, 13253);כאשר;4;7;הרבו עלי מאד מהר ומתן ואתנה כאשר תאמרו אלי ותנו לי את הנער לאשה
(232813, 66, 4);200;ר;49795;(1, 34, 13, 42, 49795);13271;(1, 34, 13, 11, 13271);אשר;3;11;ויענו בני יעקב את שכם ואת חמור אביו במרמה וידברו אשר טמא את דינה אחתם
(232813, 66, 4);20;כ;49861;(1, 34, 14, 53, 49861);13290;(1, 34, 14, 15, 13290);כי;1;15;ויאמרו אליהם לא נוכל לעשות הדבר הזה לתת את אחתנו לאיש אשר לו ערלה כי חרפה הוא לנו
(232813, 66, 4);2;ב;49927;(1, 34, 16, 20, 49927);13310;(1, 34, 16, 6, 13310);בנתיכם;1;6;ונתנו את בנתינו לכם ואת בנתיכם נקח לנו וישבנו אתכם והיינו לעם אחד
(232813, 66, 4);6;ו;49993;(1, 34, 17, 33, 49993);13326;(1, 34, 17, 9, 13326);והלכנו;1;9;ואם לא תשמעו אלינו להמול ולקחנו את בתנו והלכנו
(232813, 66, 4);2;ב;50059;(1, 34, 19, 25, 50059);13342;(1, 34, 19, 8, 13342);בבת;1;8;ולא אחר הנער לעשות הדבר כי חפץ בבת יעקב והוא נכבד מכל בית אביו
(232813, 66, 4);1;א;50125;(1, 34, 20, 42, 50125);13360;(1, 34, 20, 12, 13360);לאמר;2;12;ויבא חמור ושכם בנו אל שער עירם וידברו אל אנשי עירם לאמר
(232813, 66, 4);2;ב;50191;(1, 34, 21, 64, 50191);13376;(1, 34, 21, 16, 13376);בנתם;1;16;האנשים האלה שלמים הם אתנו וישבו בארץ ויסחרו אתה והארץ הנה רחבת ידים לפניהם את בנתם נקח לנו לנשים ואת בנתינו נתן להם
(232813, 66, 4);8;ח;50257;(1, 34, 22, 37, 50257);13393;(1, 34, 22, 10, 13393);אחד;2;10;אך בזאת יאתו לנו האנשים לשבת אתנו להיות לעם אחד בהמול לנו כל זכר כאשר הם נמלים
(232813, 66, 4);300;ש;50323;(1, 34, 23, 41, 50323);13411;(1, 34, 23, 11, 13411);וישבו;3;11;מקנהם וקנינם וכל בהמתם הלוא לנו הם אך נאותה להם וישבו אתנו
(232813, 66, 4);5;ה;50389;(1, 34, 25, 3, 50389);13430;(1, 34, 25, 1, 13430);ויהי;3;1;ויהי ביום השלישי בהיותם כאבים ויקחו שני בני יעקב שמעון ולוי אחי דינה איש חרבו ויבאו על העיר בטח ויהרגו כל זכר
(232813, 66, 4);70;ע;50455;(1, 34, 25, 69, 50455);13446;(1, 34, 25, 17, 13446);על;1;17;ויהי ביום השלישי בהיותם כאבים ויקחו שני בני יעקב שמעון ולוי אחי דינה איש חרבו ויבאו על העיר בטח ויהרגו כל זכר
(232813, 66, 4);90;צ;50521;(1, 34, 26, 47, 50521);13465;(1, 34, 26, 14, 13465);ויצאו;3;14;ואת חמור ואת שכם בנו הרגו לפי חרב ויקחו את דינה מבית שכם ויצאו
(232813, 66, 4);400;ת;50587;(1, 34, 28, 25, 50587);13482;(1, 34, 28, 7, 13482);ואת;3;7;את צאנם ואת בקרם ואת חמריהם ואת אשר בעיר ואת אשר בשדה לקחו
(232813, 66, 4);400;ת;50653;(1, 34, 29, 45, 50653);13502;(1, 34, 29, 14, 13502);בבית;4;14;ואת כל חילם ואת כל טפם ואת נשיהם שבו ויבזו ואת כל אשר בבית
(232813, 66, 4);40;מ;50719;(1, 34, 30, 66, 50719);13518;(1, 34, 30, 16, 13518);מספר;1;16;ויאמר יעקב אל שמעון ואל לוי עכרתם אתי להבאישני בישב הארץ בכנעני ובפרזי ואני מתי מספר ונאספו עלי והכוני ונשמדתי אני וביתי
(232813, 66, 4);10;י;50785;(1, 35, 1, 9, 50785);13531;(1, 35, 1, 2, 13531);אלהים;4;2;ויאמר אלהים אל יעקב קום עלה בית אל ושב שם ועשה שם מזבח לאל הנראה אליך בברחך מפני עשו אחיך
(232813, 66, 4);200;ר;50851;(1, 35, 2, 5, 50851);13550;(1, 35, 2, 1, 13550);ויאמר;5;1;ויאמר יעקב אל ביתו ואל כל אשר עמו הסרו את אלהי הנכר אשר בתככם והטהרו והחליפו שמלתיכם
(232813, 66, 4);100;ק;50917;(1, 35, 3, 3, 50917);13567;(1, 35, 3, 1, 13567);ונקומה;3;1;ונקומה ונעלה בית אל ואעשה שם מזבח לאל הענה אתי ביום צרתי ויהי עמדי בדרך אשר הלכתי
(232813, 66, 4);50;נ;50983;(1, 35, 4, 4, 50983);13584;(1, 35, 4, 1, 13584);ויתנו;4;1;ויתנו אל יעקב את כל אלהי הנכר אשר בידם ואת הנזמים אשר באזניהם ויטמן אתם יעקב תחת האלה אשר עם שכם
(232813, 66, 4);300;ש;51049;(1, 35, 4, 70, 51049);13602;(1, 35, 4, 19, 13602);אשר;2;19;ויתנו אל יעקב את כל אלהי הנכר אשר בידם ואת הנזמים אשר באזניהם ויטמן אתם יעקב תחת האלה אשר עם שכם
(232813, 66, 4);70;ע;51115;(1, 35, 6, 6, 51115);13619;(1, 35, 6, 2, 13619);יעקב;2;2;ויבא יעקב לוזה אשר בארץ כנען הוא בית אל הוא וכל העם אשר עמו
(232813, 66, 4);1;א;51181;(1, 35, 7, 26, 51181);13639;(1, 35, 7, 8, 13639);אל;1;8;ויבן שם מזבח ויקרא למקום אל בית אל כי שם נגלו אליו האלהים בברחו מפני אחיו
(232813, 66, 4);8;ח;51247;(1, 35, 8, 34, 51247);13656;(1, 35, 8, 9, 13656);תחת;2;9;ותמת דברה מינקת רבקה ותקבר מתחת לבית אל תחת האלון ויקרא שמו אלון בכות
(232813, 66, 4);6;ו;51313;(1, 35, 10, 7, 51313);13673;(1, 35, 10, 2, 13673);לו;2;2;ויאמר לו אלהים שמך יעקב לא יקרא שמך עוד יעקב כי אם ישראל יהיה שמך ויקרא את שמו ישראל
(232813, 66, 4);6;ו;51379;(1, 35, 11, 7, 51379);13692;(1, 35, 11, 2, 13692);לו;2;2;ויאמר לו אלהים אני אל שדי פרה ורבה גוי וקהל גוים יהיה ממך ומלכים מחלציך יצאו
(232813, 66, 4);400;ת;51445;(1, 35, 12, 12, 51445);13710;(1, 35, 12, 4, 13710);נתתי;2;4;ואת הארץ אשר נתתי לאברהם וליצחק לך אתננה ולזרעך אחריך אתן את הארץ
(232813, 66, 4);200;ר;51511;(1, 35, 13, 25, 51511);13725;(1, 35, 13, 6, 13725);דבר;3;6;ויעל מעליו אלהים במקום אשר דבר אתו
(232813, 66, 4);100;ק;51577;(1, 35, 15, 8, 51577);13743;(1, 35, 15, 2, 13743);יעקב;3;2;ויקרא יעקב את שם המקום אשר דבר אתו שם אלהים בית אל
(232813, 66, 4);5;ה;51643;(1, 35, 16, 35, 51643);13762;(1, 35, 16, 9, 13762);אפרתה;5;9;ויסעו מבית אל ויהי עוד כברת הארץ לבוא אפרתה ותלד רחל ותקש בלדתה
(232813, 66, 4);2;ב;51709;(1, 35, 18, 5, 51709);13781;(1, 35, 18, 2, 13781);בצאת;1;2;ויהי בצאת נפשה כי מתה ותקרא שמו בן אוני ואביו קרא לו בנימין
(232813, 66, 4);1;א;51775;(1, 35, 19, 24, 51775);13798;(1, 35, 19, 6, 13798);הוא;3;6;ותמת רחל ותקבר בדרך אפרתה הוא בית לחם
(232813, 66, 4);5;ה;51841;(1, 35, 21, 21, 51841);13816;(1, 35, 21, 5, 13816);מהלאה;5;5;ויסע ישראל ויט אהלה מהלאה למגדל עדר
(232813, 66, 4);200;ר;51907;(1, 35, 22, 58, 51907);13832;(1, 35, 22, 14, 13832);ישראל;3;14;ויהי בשכן ישראל בארץ ההוא וילך ראובן וישכב את בלהה פילגש אביו וישמע ישראל ויהיו בני יעקב שנים עשר
(232813, 66, 4);30;ל;51973;(1, 35, 23, 45, 51973);13847;(1, 35, 23, 10, 13847);וזבלון;4;10;בני לאה בכור יעקב ראובן ושמעון ולוי ויהודה ויששכר וזבלון
(232813, 66, 4);2;ב;52039;(1, 35, 26, 25, 52039);13865;(1, 35, 26, 8, 13865);בני;1;8;ובני זלפה שפחת לאה גד ואשר אלה בני יעקב אשר ילד לו בפדן ארם
(232813, 66, 4);300;ש;52105;(1, 35, 27, 45, 52105);13884;(1, 35, 27, 13, 13884);שם;1;13;ויבא יעקב אל יצחק אביו ממרא קרית הארבע הוא חברון אשר גר שם אברהם ויצחק
(232813, 66, 4);6;ו;52171;(1, 35, 29, 28, 52171);13901;(1, 35, 29, 8, 13901);ושבע;1;8;ויגוע יצחק וימת ויאסף אל עמיו זקן ושבע ימים ויקברו אתו עשו ויעקב בניו
(232813, 66, 4);50;נ;52237;(1, 36, 2, 19, 52237);13918;(1, 36, 2, 6, 13918);כנען;2;6;עשו לקח את נשיו מבנות כנען את עדה בת אילון החתי ואת אהליבמה בת ענה בת צבעון החוי
(232813, 66, 4);10;י;52303;(1, 36, 3, 22, 52303);13936;(1, 36, 3, 6, 13936);נביות;3;6;ואת בשמת בת ישמעאל אחות נביות
(232813, 66, 4);200;ר;52369;(1, 36, 5, 30, 52369);13953;(1, 36, 5, 8, 13953);קרח;2;8;ואהליבמה ילדה את יעיש ואת יעלם ואת קרח אלה בני עשו אשר ילדו לו בארץ כנען
(232813, 66, 4);2;ב;52435;(1, 36, 6, 39, 52435);13973;(1, 36, 6, 12, 13973);ביתו;1;12;ויקח עשו את נשיו ואת בניו ואת בנתיו ואת כל נפשות ביתו ואת מקנהו ואת כל בהמתו ואת כל קנינו אשר רכש בארץ כנען וילך אל ארץ מפני יעקב אחיו
(232813, 66, 4);6;ו;52501;(1, 36, 6, 105, 52501);13991;(1, 36, 6, 30, 13991);אחיו;4;30;ויקח עשו את נשיו ואת בניו ואת בנתיו ואת כל נפשות ביתו ואת מקנהו ואת כל בהמתו ואת כל קנינו אשר רכש בארץ כנען וילך אל ארץ מפני יעקב אחיו
(232813, 66, 4);70;ע;52567;(1, 36, 8, 12, 52567);14009;(1, 36, 8, 4, 14009);שעיר;2;4;וישב עשו בהר שעיר עשו הוא אדום
(232813, 66, 4);300;ש;52633;(1, 36, 10, 28, 52633);14028;(1, 36, 10, 9, 14028);עשו;2;9;אלה שמות בני עשו אליפז בן עדה אשת עשו רעואל בן בשמת אשת עשו
(232813, 66, 4);30;ל;52699;(1, 36, 12, 15, 52699);14045;(1, 36, 12, 4, 14045);לאליפז;1;4;ותמנע היתה פילגש לאליפז בן עשו ותלד לאליפז את עמלק אלה בני עדה אשת עשו
(232813, 66, 4);7;ז;52765;(1, 36, 13, 25, 52765);14063;(1, 36, 13, 7, 14063);ומזה;3;7;ואלה בני רעואל נחת וזרח שמה ומזה אלה היו בני בשמת אשת עשו
(232813, 66, 4);10;י;52831;(1, 36, 14, 46, 52831);14083;(1, 36, 14, 14, 14083);יעיש;1;14;ואלה היו בני אהליבמה בת ענה בת צבעון אשת עשו ותלד לעשו את יעיש ואת יעלם ואת קרח
(232813, 66, 4);90;צ;52897;(1, 36, 15, 50, 52897);14101;(1, 36, 15, 14, 14101);צפו;1;14;אלה אלופי בני עשו בני אליפז בכור עשו אלוף תימן אלוף אומר אלוף צפו אלוף קנז
(232813, 66, 4);5;ה;52963;(1, 36, 17, 4, 52963);14118;(1, 36, 17, 1, 14118);ואלה;4;1;ואלה בני רעואל בן עשו אלוף נחת אלוף זרח אלוף שמה אלוף מזה אלה אלופי רעואל בארץ אדום אלה בני בשמת אשת עשו
(232813, 66, 4);2;ב;53029;(1, 36, 17, 70, 53029);14137;(1, 36, 17, 20, 14137);בני;1;20;ואלה בני רעואל בן עשו אלוף נחת אלוף זרח אלוף שמה אלוף מזה אלה אלופי רעואל בארץ אדום אלה בני בשמת אשת עשו
(232813, 66, 4);30;ל;53095;(1, 36, 18, 54, 53095);14154;(1, 36, 18, 14, 14154);אהליבמה;3;14;ואלה בני אהליבמה אשת עשו אלוף יעוש אלוף יעלם אלוף קרח אלה אלופי אהליבמה בת ענה אשת עשו
(232813, 66, 4);6;ו;53161;(1, 36, 20, 24, 53161);14172;(1, 36, 20, 7, 14172);לוטן;2;7;אלה בני שעיר החרי ישבי הארץ לוטן ושובל וצבעון וענה
(232813, 66, 4);10;י;53227;(1, 36, 22, 8, 53227);14187;(1, 36, 22, 2, 14187);בני;3;2;ויהיו בני לוטן חרי והימם ואחות לוטן תמנע
(232813, 66, 4);90;צ;53293;(1, 36, 24, 8, 53293);14204;(1, 36, 24, 3, 14204);צבעון;1;3;ואלה בני צבעון ואיה וענה הוא ענה אשר מצא את הימם במדבר ברעתו את החמרים לצבעון אביו
(232813, 66, 4);70;ע;53359;(1, 36, 25, 8, 53359);14221;(1, 36, 25, 3, 14221);ענה;1;3;ואלה בני ענה דשן ואהליבמה בת ענה
(232813, 66, 4);6;ו;53425;(1, 36, 27, 19, 53425);14238;(1, 36, 27, 6, 14238);ועקן;1;6;אלה בני אצר בלהן וזעון ועקן
(232813, 66, 4);30;ל;53491;(1, 36, 30, 2, 53491);14255;(1, 36, 30, 1, 14255);אלוף;2;1;אלוף דשן אלוף אצר אלוף דישן אלה אלופי החרי לאלפיהם בארץ שעיר
(232813, 66, 4);1;א;53557;(1, 36, 31, 19, 53557);14271;(1, 36, 31, 5, 14271);בארץ;2;5;ואלה המלכים אשר מלכו בארץ אדום לפני מלך מלך לבני ישראל
(232813, 66, 4);40;מ;53623;(1, 36, 33, 10, 53623);14288;(1, 36, 33, 3, 14288);וימלך;3;3;וימת בלע וימלך תחתיו יובב בן זרח מבצרה
(232813, 66, 4);8;ח;53689;(1, 36, 35, 14, 53689);14304;(1, 36, 35, 4, 14304);תחתיו;2;4;וימת חשם וימלך תחתיו הדד בן בדד המכה את מדין בשדה מואב ושם עירו עוית
(232813, 66, 4);100;ק;53755;(1, 36, 36, 26, 53755);14321;(1, 36, 36, 6, 14321);ממשרקה;5;6;וימת הדד וימלך תחתיו שמלה ממשרקה
(232813, 66, 4);10;י;53821;(1, 36, 39, 2, 53821);14337;(1, 36, 39, 1, 14337);וימת;2;1;וימת בעל חנן בן עכבור וימלך תחתיו הדר ושם עירו פעו ושם אשתו מהיטבאל בת מטרד בת מי זהב
(232813, 66, 4);6;ו;53887;(1, 36, 40, 1, 53887);14356;(1, 36, 40, 1, 14356);ואלה;1;1;ואלה שמות אלופי עשו למשפחתם למקמתם בשמתם אלוף תמנע אלוף עלוה אלוף יתת
(232813, 66, 4);40;מ;53953;(1, 36, 41, 10, 53953);14370;(1, 36, 41, 2, 14370);אהליבמה;6;2;אלוף אהליבמה אלוף אלה אלוף פינן
(232813, 66, 4);1;א;54019;(1, 36, 43, 27, 54019);14387;(1, 36, 43, 7, 14387);אדום;1;7;אלוף מגדיאל אלוף עירם אלה אלופי אדום למשבתם בארץ אחזתם הוא עשו אבי אדום
(232813, 66, 4);4;ד;54085;(1, 37, 2, 6, 54085);14403;(1, 37, 2, 2, 14403);תלדות;3;2;אלה תלדות יעקב יוסף בן שבע עשרה שנה היה רעה את אחיו בצאן והוא נער את בני בלהה ואת בני זלפה נשי אביו ויבא יוסף את דבתם רעה אל אביהם
(232813, 66, 4);300;ש;54151;(1, 37, 2, 72, 54151);14423;(1, 37, 2, 22, 14423);נשי;2;22;אלה תלדות יעקב יוסף בן שבע עשרה שנה היה רעה את אחיו בצאן והוא נער את בני בלהה ואת בני זלפה נשי אביו ויבא יוסף את דבתם רעה אל אביהם
(232813, 66, 4);6;ו;54217;(1, 37, 3, 37, 54217);14443;(1, 37, 3, 12, 14443);ועשה;1;12;וישראל אהב את יוסף מכל בניו כי בן זקנים הוא לו ועשה לו כתנת פסים
(232813, 66, 4);40;ם;54283;(1, 37, 4, 53, 54283);14460;(1, 37, 4, 14, 14460);לשלם;4;14;ויראו אחיו כי אתו אהב אביהם מכל אחיו וישנאו אתו ולא יכלו דברו לשלם
(232813, 66, 4);30;ל;54349;(1, 37, 6, 29, 54349);14477;(1, 37, 6, 8, 14477);חלמתי;2;8;ויאמר אליהם שמעו נא החלום הזה אשר חלמתי
(232813, 66, 4);20;כ;54415;(1, 37, 7, 63, 54415);14491;(1, 37, 7, 14, 14491);אלמתיכם;6;14;והנה אנחנו מאלמים אלמים בתוך השדה והנה קמה אלמתי וגם נצבה והנה תסבינה אלמתיכם ותשתחוין לאלמתי
(232813, 66, 4);1;א;54481;(1, 37, 8, 51, 54481);14507;(1, 37, 8, 14, 14507);אתו;1;14;ויאמרו לו אחיו המלך תמלך עלינו אם משול תמשל בנו ויוספו עוד שנא אתו על חלמתיו ועל דבריו
(232813, 66, 4);4;ד;54547;(1, 37, 9, 48, 54547);14523;(1, 37, 9, 12, 14523);עוד;3;12;ויחלם עוד חלום אחר ויספר אתו לאחיו ויאמר הנה חלמתי חלום עוד והנה השמש והירח ואחד עשר כוכבים משתחוים לי
(232813, 66, 4);10;י;54613;(1, 37, 10, 31, 54613);14540;(1, 37, 10, 9, 14540);ויאמר;2;9;ויספר אל אביו ואל אחיו ויגער בו אביו ויאמר לו מה החלום הזה אשר חלמת הבוא נבוא אני ואמך ואחיך להשתחות לך ארצה
(232813, 66, 4);10;י;54679;(1, 37, 11, 11, 54679);14557;(1, 37, 11, 3, 14557);אחיו;3;3;ויקנאו בו אחיו ואביו שמר את הדבר
(232813, 66, 4);10;י;54745;(1, 37, 13, 23, 54745);14574;(1, 37, 13, 6, 14574);אחיך;3;6;ויאמר ישראל אל יוסף הלוא אחיך רעים בשכם לכה ואשלחך אליהם ויאמר לו הנני
(232813, 66, 4);5;ה;54811;(1, 37, 14, 32, 54811);14593;(1, 37, 14, 11, 14593);הצאן;1;11;ויאמר לו לך נא ראה את שלום אחיך ואת שלום הצאן והשבני דבר וישלחהו מעמק חברון ויבא שכמה
(232813, 66, 4);1;א;54877;(1, 37, 15, 30, 54877);14607;(1, 37, 15, 7, 14607);האיש;2;7;וימצאהו איש והנה תעה בשדה וישאלהו האיש לאמר מה תבקש
(232813, 66, 4);20;כ;54943;(1, 37, 17, 17, 54943);14626;(1, 37, 17, 5, 14626);כי;1;5;ויאמר האיש נסעו מזה כי שמעתי אמרים נלכה דתינה וילך יוסף אחר אחיו וימצאם בדתן
(232813, 66, 4);2;ב;55009;(1, 37, 18, 21, 55009);14641;(1, 37, 18, 5, 14641);יקרב;4;5;ויראו אתו מרחק ובטרם יקרב אליהם ויתנכלו אתו להמיתו
(232813, 66, 4);3;ג;55075;(1, 37, 20, 12, 55075);14657;(1, 37, 20, 3, 14657);ונהרגהו;5;3;ועתה לכו ונהרגהו ונשלכהו באחד הברות ואמרנו חיה רעה אכלתהו ונראה מה יהיו חלמתיו
(232813, 66, 4);90;צ;55141;(1, 37, 21, 13, 55141);14671;(1, 37, 21, 3, 14671);ויצלהו;3;3;וישמע ראובן ויצלהו מידם ויאמר לא נכנו נפש
(232813, 66, 4);2;ב;55207;(1, 37, 22, 45, 55207);14689;(1, 37, 22, 13, 14689);במדבר;1;13;ויאמר אלהם ראובן אל תשפכו דם השליכו אתו אל הבור הזה אשר במדבר ויד אל תשלחו בו למען הציל אתו מידם להשיבו אל אביו
(232813, 66, 4);80;פ;55273;(1, 37, 23, 23, 55273);14707;(1, 37, 23, 7, 14707);ויפשיטו;3;7;ויהי כאשר בא יוסף אל אחיו ויפשיטו את יוסף את כתנתו את כתנת הפסים אשר עליו
(232813, 66, 4);6;ו;55339;(1, 37, 24, 31, 55339);14724;(1, 37, 24, 8, 14724);בו;2;8;ויקחהו וישלכו אתו הברה והבור רק אין בו מים
(232813, 66, 4);10;י;55405;(1, 37, 25, 63, 55405);14738;(1, 37, 25, 13, 14738);נשאים;4;13;וישבו לאכל לחם וישאו עיניהם ויראו והנה ארחת ישמעאלים באה מגלעד וגמליהם נשאים נכאת וצרי ולט הולכים להוריד מצרימה
(232813, 66, 4);20;כ;55471;(1, 37, 26, 36, 55471);14755;(1, 37, 26, 11, 14755);וכסינו;2;11;ויאמר יהודה אל אחיו מה בצע כי נהרג את אחינו וכסינו את דמו
(232813, 66, 4);6;ו;55537;(1, 37, 28, 1, 55537);14771;(1, 37, 28, 1, 14771);ויעברו;1;1;ויעברו אנשים מדינים סחרים וימשכו ויעלו את יוסף מן הבור וימכרו את יוסף לישמעאלים בעשרים כסף ויביאו את יוסף מצרימה
(232813, 66, 4);2;ב;55603;(1, 37, 28, 67, 55603);14785;(1, 37, 28, 15, 14785);בעשרים;1;15;ויעברו אנשים מדינים סחרים וימשכו ויעלו את יוסף מן הבור וימכרו את יוסף לישמעאלים בעשרים כסף ויביאו את יוסף מצרימה
(232813, 66, 4);4;ד;55669;(1, 37, 29, 40, 55669);14801;(1, 37, 29, 11, 14801);בגדיו;3;11;וישב ראובן אל הבור והנה אין יוסף בבור ויקרע את בגדיו
(232813, 66, 4);10;י;55735;(1, 37, 31, 28, 55735);14818;(1, 37, 31, 7, 14818);עזים;3;7;ויקחו את כתנת יוסף וישחטו שעיר עזים ויטבלו את הכתנת בדם
(232813, 66, 4);1;א;55801;(1, 37, 32, 49, 55801);14834;(1, 37, 32, 12, 14834);נא;2;12;וישלחו את כתנת הפסים ויביאו אל אביהם ויאמרו זאת מצאנו הכר נא הכתנת בנך הוא אם לא
(232813, 66, 4);40;מ;55867;(1, 37, 34, 11, 55867);14852;(1, 37, 34, 3, 14852);שמלתיו;2;3;ויקרע יעקב שמלתיו וישם שק במתניו ויתאבל על בנו ימים רבים
(232813, 66, 4);5;ה;55933;(1, 37, 35, 31, 55933);14868;(1, 37, 35, 8, 14868);להתנחם;2;8;ויקמו כל בניו וכל בנתיו לנחמו וימאן להתנחם ויאמר כי ארד אל בני אבל שאלה ויבך אתו אביו
(232813, 66, 4);60;ס;55999;(1, 37, 36, 29, 55999);14885;(1, 37, 36, 7, 14885);סריס;1;7;והמדנים מכרו אתו אל מצרים לפוטיפר סריס פרעה שר הטבחים
(232813, 66, 4);200;ר;56065;(1, 38, 2, 3, 56065);14902;(1, 38, 2, 1, 14902);וירא;3;1;וירא שם יהודה בת איש כנעני ושמו שוע ויקחה ויבא אליה
(232813, 66, 4);6;ו;56131;(1, 38, 4, 6, 56131);14921;(1, 38, 4, 2, 14921);עוד;2;2;ותהר עוד ותלד בן ותקרא את שמו אונן
(232813, 66, 4);10;י;56197;(1, 38, 6, 2, 56197);14940;(1, 38, 6, 1, 14940);ויקח;2;1;ויקח יהודה אשה לער בכורו ושמה תמר
(232813, 66, 4);200;ר;56263;(1, 38, 8, 5, 56263);14956;(1, 38, 8, 1, 14956);ויאמר;5;1;ויאמר יהודה לאונן בא אל אשת אחיך ויבם אתה והקם זרע לאחיך
(232813, 66, 4);5;ה;56329;(1, 38, 9, 26, 56329);14975;(1, 38, 9, 8, 14975);והיה;4;8;וידע אונן כי לא לו יהיה הזרע והיה אם בא אל אשת אחיו ושחת ארצה לבלתי נתן זרע לאחיו
(232813, 66, 4);6;ו;56395;(1, 38, 11, 1, 56395);14995;(1, 38, 11, 1, 14995);ויאמר;1;1;ויאמר יהודה לתמר כלתו שבי אלמנה בית אביך עד יגדל שלה בני כי אמר פן ימות גם הוא כאחיו ותלך תמר ותשב בית אביה
(232813, 66, 4);6;ו;56461;(1, 38, 11, 67, 56461);15014;(1, 38, 11, 20, 15014);ותלך;1;20;ויאמר יהודה לתמר כלתו שבי אלמנה בית אביך עד יגדל שלה בני כי אמר פן ימות גם הוא כאחיו ותלך תמר ותשב בית אביה
(232813, 66, 4);1;א;56527;(1, 38, 12, 49, 56527);15031;(1, 38, 12, 13, 15031);צאנו;2;13;וירבו הימים ותמת בת שוע אשת יהודה וינחם יהודה ויעל על גזזי צאנו הוא וחירה רעהו העדלמי תמנתה
(232813, 66, 4);4;ד;56593;(1, 38, 14, 7, 56593);15047;(1, 38, 14, 2, 15047);בגדי;3;2;ותסר בגדי אלמנותה מעליה ותכס בצעיף ותתעלף ותשב בפתח עינים אשר על דרך תמנתה כי ראתה כי גדל שלה והוא לא נתנה לו לאשה
(232813, 66, 4);300;ש;56659;(1, 38, 14, 73, 56659);15064;(1, 38, 14, 19, 15064);שלה;1;19;ותסר בגדי אלמנותה מעליה ותכס בצעיף ותתעלף ותשב בפתח עינים אשר על דרך תמנתה כי ראתה כי גדל שלה והוא לא נתנה לו לאשה
(232813, 66, 4);40;מ;56725;(1, 38, 16, 17, 56725);15081;(1, 38, 16, 5, 15081);ויאמר;4;5;ויט אליה אל הדרך ויאמר הבה נא אבוא אליך כי לא ידע כי כלתו הוא ותאמר מה תתן לי כי תבוא אלי
(232813, 66, 4);4;ד;56791;(1, 38, 17, 15, 56791);15102;(1, 38, 17, 4, 15102);גדי;2;4;ויאמר אנכי אשלח גדי עזים מן הצאן ותאמר אם תתן ערבון עד שלחך
(232813, 66, 4);10;י;56857;(1, 38, 18, 34, 56857);15120;(1, 38, 18, 9, 15120);ופתילך;4;9;ויאמר מה הערבון אשר אתן לך ותאמר חתמך ופתילך ומטך אשר בידך ויתן לה ויבא אליה ותהר לו
(232813, 66, 4);30;ל;56923;(1, 38, 19, 33, 56923);15137;(1, 38, 19, 8, 15137);אלמנותה;2;8;ותקם ותלך ותסר צעיפה מעליה ותלבש בגדי אלמנותה
(232813, 66, 4);1;א;56989;(1, 38, 21, 4, 56989);15152;(1, 38, 21, 1, 15152);וישאל;4;1;וישאל את אנשי מקמה לאמר איה הקדשה הוא בעינים על הדרך ויאמרו לא היתה בזה קדשה
(232813, 66, 4);6;ו;57055;(1, 38, 22, 9, 57055);15170;(1, 38, 22, 3, 15170);יהודה;3;3;וישב אל יהודה ויאמר לא מצאתיה וגם אנשי המקום אמרו לא היתה בזה קדשה
(232813, 66, 4);30;ל;57121;(1, 38, 23, 22, 57121);15188;(1, 38, 23, 7, 15188);לבוז;1;7;ויאמר יהודה תקח לה פן נהיה לבוז הנה שלחתי הגדי הזה ואתה לא מצאתה
(232813, 66, 4);30;ל;57187;(1, 38, 24, 37, 57187);15204;(1, 38, 24, 9, 15204);כלתך;2;9;ויהי כמשלש חדשים ויגד ליהודה לאמר זנתה תמר כלתך וגם הנה הרה לזנונים ויאמר יהודה הוציאוה ותשרף
(232813, 66, 4);200;ר;57253;(1, 38, 25, 26, 57253);15219;(1, 38, 25, 7, 15219);לאמר;4;7;הוא מוצאת והיא שלחה אל חמיה לאמר לאיש אשר אלה לו אנכי הרה ותאמר הכר נא למי החתמת והפתילים והמטה האלה
(232813, 66, 4);1;א;57319;(1, 38, 26, 12, 57319);15236;(1, 38, 26, 3, 15236);ויאמר;3;3;ויכר יהודה ויאמר צדקה ממני כי על כן לא נתתיה לשלה בני ולא יסף עוד לדעתה
(232813, 66, 4);2;ב;57385;(1, 38, 27, 22, 57385);15255;(1, 38, 27, 6, 15255);בבטנה;1;6;ויהי בעת לדתה והנה תאומים בבטנה
(232813, 66, 4);10;י;57451;(1, 38, 29, 10, 57451);15272;(1, 38, 29, 3, 15272);ידו;1;3;ויהי כמשיב ידו והנה יצא אחיו ותאמר מה פרצת עליך פרץ ויקרא שמו פרץ
(232813, 66, 4);6;ו;57517;(1, 38, 30, 24, 57517);15291;(1, 38, 30, 8, 15291);ויקרא;1;8;ואחר יצא אחיו אשר על ידו השני ויקרא שמו זרח
(232813, 66, 4);300;ש;57583;(1, 39, 1, 56, 57583);15306;(1, 39, 1, 13, 15306);הישמעאלים;3;13;ויוסף הורד מצרימה ויקנהו פוטיפר סריס פרעה שר הטבחים איש מצרי מיד הישמעאלים אשר הורדהו שמה
(232813, 66, 4);1;א;57649;(1, 39, 3, 4, 57649);15321;(1, 39, 3, 1, 15321);וירא;4;1;וירא אדניו כי יהוה אתו וכל אשר הוא עשה יהוה מצליח בידו
(232813, 66, 4);10;י;57715;(1, 39, 4, 27, 57715);15339;(1, 39, 4, 7, 15339);ויפקדהו;2;7;וימצא יוסף חן בעיניו וישרת אתו ויפקדהו על ביתו וכל יש לו נתן בידו
(232813, 66, 4);5;ה;57781;(1, 39, 5, 41, 57781);15358;(1, 39, 5, 12, 15358);יהוה;4;12;ויהי מאז הפקיד אתו בביתו ועל כל אשר יש לו ויברך יהוה את בית המצרי בגלל יוסף ויהי ברכת יהוה בכל אשר יש לו בבית ובשדה
(232813, 66, 4);6;ו;57847;(1, 39, 6, 17, 57847);15378;(1, 39, 6, 6, 15378);יוסף;2;6;ויעזב כל אשר לו ביד יוסף ולא ידע אתו מאומה כי אם הלחם אשר הוא אוכל ויהי יוסף יפה תאר ויפה מראה
(232813, 66, 4);2;ב;57913;(1, 39, 7, 10, 57913);15397;(1, 39, 7, 3, 15397);הדברים;3;3;ויהי אחר הדברים האלה ותשא אשת אדניו את עיניה אל יוסף ותאמר שכבה עמי
(232813, 66, 4);50;ן;57979;(1, 39, 8, 22, 57979);15414;(1, 39, 8, 6, 15414);הן;2;6;וימאן ויאמר אל אשת אדניו הן אדני לא ידע אתי מה בבית וכל אשר יש לו נתן בידי
(232813, 66, 4);40;מ;58045;(1, 39, 9, 31, 58045);15435;(1, 39, 9, 9, 15435);מאומה;1;9;איננו גדול בבית הזה ממני ולא חשך ממני מאומה כי אם אותך באשר את אשתו ואיך אעשה הרעה הגדלה הזאת וחטאתי לאלהים
(232813, 66, 4);30;ל;58111;(1, 39, 10, 11, 58111);15451;(1, 39, 10, 3, 15451);אל;2;3;ויהי כדברה אל יוסף יום יום ולא שמע אליה לשכב אצלה להיות עמה
(232813, 66, 4);20;כ;58177;(1, 39, 11, 30, 58177);15468;(1, 39, 11, 7, 15468);מלאכתו;4;7;ויהי כהיום הזה ויבא הביתה לעשות מלאכתו ואין איש מאנשי הבית שם בבית
(232813, 66, 4);10;י;58243;(1, 39, 12, 42, 58243);15484;(1, 39, 12, 10, 15484);ויצא;2;10;ותתפשהו בבגדו לאמר שכבה עמי ויעזב בגדו בידה וינס ויצא החוצה
(232813, 66, 4);200;ר;58309;(1, 39, 14, 27, 58309);15500;(1, 39, 14, 7, 15500);ראו;1;7;ותקרא לאנשי ביתה ותאמר להם לאמר ראו הביא לנו איש עברי לצחק בנו בא אלי לשכב עמי ואקרא בקול גדול
(232813, 66, 4);100;ק;58375;(1, 39, 15, 18, 58375);15518;(1, 39, 15, 5, 15518);קולי;1;5;ויהי כשמעו כי הרימתי קולי ואקרא ויעזב בגדו אצלי וינס ויצא החוצה
(232813, 66, 4);2;ב;58441;(1, 39, 17, 4, 58441);15534;(1, 39, 17, 1, 15534);ותדבר;4;1;ותדבר אליו כדברים האלה לאמר בא אלי העבד העברי אשר הבאת לנו לצחק בי
(232813, 66, 4);100;ק;58507;(1, 39, 18, 17, 58507);15551;(1, 39, 18, 4, 15551);ואקרא;3;4;ויהי כהרימי קולי ואקרא ויעזב בגדו אצלי וינס החוצה
(232813, 66, 4);200;ר;58573;(1, 39, 19, 42, 58573);15567;(1, 39, 19, 11, 15567);כדברים;4;11;ויהי כשמע אדניו את דברי אשתו אשר דברה אליו לאמר כדברים האלה עשה לי עבדך ויחר אפו
(232813, 66, 4);40;מ;58639;(1, 39, 20, 44, 58639);15585;(1, 39, 20, 12, 15585);המלך;2;12;ויקח אדני יוסף אתו ויתנהו אל בית הסהר מקום אשר אסורי המלך אסורים ויהי שם בבית הסהר
(232813, 66, 4);5;ה;58705;(1, 39, 21, 44, 58705);15603;(1, 39, 21, 13, 15603);הסהר;3;13;ויהי יהוה את יוסף ויט אליו חסד ויתן חנו בעיני שר בית הסהר
(232813, 66, 4);1;א;58771;(1, 39, 23, 1, 58771);15624;(1, 39, 23, 1, 15624);אין;1;1;אין שר בית הסהר ראה את כל מאומה בידו באשר יהוה אתו ואשר הוא עשה יהוה מצליח
(232813, 66, 4);4;ד;58837;(1, 40, 1, 9, 58837);15643;(1, 40, 1, 3, 15643);הדברים;2;3;ויהי אחר הדברים האלה חטאו משקה מלך מצרים והאפה לאדניהם למלך מצרים
(232813, 66, 4);70;ע;58903;(1, 40, 2, 21, 58903);15658;(1, 40, 2, 6, 15658);על;1;6;ויקצף פרעה על שני סריסיו על שר המשקים ועל שר האופים
(232813, 66, 4);6;ו;58969;(1, 40, 3, 46, 58969);15676;(1, 40, 3, 13, 15676);אסור;3;13;ויתן אתם במשמר בית שר הטבחים אל בית הסהר מקום אשר יוסף אסור שם
(232813, 66, 4);8;ח;59035;(1, 40, 5, 19, 59035);15693;(1, 40, 5, 5, 15693);חלמו;1;5;ויחלמו חלום שניהם איש חלמו בלילה אחד איש כפתרון חלמו המשקה והאפה אשר למלך מצרים אשר אסורים בבית הסהר
(232813, 66, 4);2;ב;59101;(1, 40, 6, 3, 59101);15708;(1, 40, 6, 1, 15708);ויבא;3;1;ויבא אליהם יוסף בבקר וירא אתם והנם זעפים
(232813, 66, 4);30;ל;59167;(1, 40, 7, 36, 59167);15725;(1, 40, 7, 10, 15725);לאמר;1;10;וישאל את סריסי פרעה אשר אתו במשמר בית אדניו לאמר מדוע פניכם רעים היום
(232813, 66, 4);1;א;59233;(1, 40, 8, 46, 59233);15740;(1, 40, 8, 11, 15740);הלוא;4;11;ויאמרו אליו חלום חלמנו ופתר אין אתו ויאמר אלהם יוסף הלוא לאלהים פתרנים ספרו נא לי
(232813, 66, 4);80;פ;59299;(1, 40, 9, 46, 59299);15757;(1, 40, 9, 12, 15757);לפני;2;12;ויספר שר המשקים את חלמו ליוסף ויאמר לו בחלומי והנה גפן לפני
(232813, 66, 4);8;ח;59365;(1, 40, 11, 16, 59365);15771;(1, 40, 11, 4, 15771);ואקח;4;4;וכוס פרעה בידי ואקח את הענבים ואשחט אתם אל כוס פרעה ואתן את הכוס על כף פרעה
(232813, 66, 4);5;ה;59431;(1, 40, 12, 23, 59431);15791;(1, 40, 12, 7, 15791);השרגים;1;7;ויאמר לו יוסף זה פתרנו שלשת השרגים שלשת ימים הם
(232813, 66, 4);6;ו;59497;(1, 40, 13, 51, 59497);15808;(1, 40, 13, 14, 15808);בידו;4;14;בעוד שלשת ימים ישא פרעה את ראשך והשיבך על כנך ונתת כוס פרעה בידו כמשפט הראשון אשר היית משקהו
(232813, 66, 4);400;ת;59563;(1, 40, 14, 43, 59563);15825;(1, 40, 14, 12, 15825);והזכרתני;6;12;כי אם זכרתני אתך כאשר ייטב לך ועשית נא עמדי חסד והזכרתני אל פרעה והוצאתני מן הבית הזה
(232813, 66, 4);40;מ;59629;(1, 40, 15, 41, 59629);15843;(1, 40, 15, 12, 15843);שמו;2;12;כי גנב גנבתי מארץ העברים וגם פה לא עשיתי מאומה כי שמו אתי בבור
(232813, 66, 4);200;ר;59695;(1, 40, 16, 58, 59695);15863;(1, 40, 16, 18, 15863);ראשי;1;18;וירא שר האפים כי טוב פתר ויאמר אל יוסף אף אני בחלומי והנה שלשה סלי חרי על ראשי
(232813, 66, 4);40;מ;59761;(1, 40, 18, 12, 59761);15880;(1, 40, 18, 3, 15880);ויאמר;4;3;ויען יוסף ויאמר זה פתרנו שלשת הסלים שלשת ימים הם
(232813, 66, 4);70;ע;59827;(1, 40, 19, 39, 59827);15898;(1, 40, 19, 11, 15898);על;1;11;בעוד שלשת ימים ישא פרעה את ראשך מעליך ותלה אותך על עץ ואכל העוף את בשרך מעליך
(232813, 66, 4);6;ו;59893;(1, 40, 20, 44, 59893);15916;(1, 40, 20, 12, 15916);וישא;1;12;ויהי ביום השלישי יום הלדת את פרעה ויעש משתה לכל עבדיו וישא את ראש שר המשקים ואת ראש שר האפים בתוך עבדיו
(232813, 66, 4);6;ו;59959;(1, 40, 21, 28, 59959);15934;(1, 40, 21, 8, 15934);הכוס;3;8;וישב את שר המשקים על משקהו ויתן הכוס על כף פרעה
(232813, 66, 4);5;ה;60025;(1, 41, 1, 3, 60025);15953;(1, 41, 1, 1, 15953);ויהי;3;1;ויהי מקץ שנתים ימים ופרעה חלם והנה עמד על היאר
(232813, 66, 4);10;י;60091;(1, 41, 2, 32, 60091);15971;(1, 41, 2, 9, 15971);ובריאת;4;9;והנה מן היאר עלת שבע פרות יפות מראה ובריאת בשר ותרעינה באחו
(232813, 66, 4);400;ת;60157;(1, 41, 3, 50, 60157);15987;(1, 41, 3, 13, 15987);ותעמדנה;2;13;והנה שבע פרות אחרות עלות אחריהן מן היאר רעות מראה ודקות בשר ותעמדנה אצל הפרות על שפת היאר
(232813, 66, 4);40;מ;60223;(1, 41, 4, 44, 60223);16003;(1, 41, 4, 11, 16003);המראה;2;11;ותאכלנה הפרות רעות המראה ודקת הבשר את שבע הפרות יפת המראה והבריאת וייקץ פרעה
(232813, 66, 4);6;ו;60289;(1, 41, 5, 47, 60289);16017;(1, 41, 5, 11, 16017);וטבות;4;11;ויישן ויחלם שנית והנה שבע שבלים עלות בקנה אחד בריאות וטבות
(232813, 66, 4);10;י;60355;(1, 41, 7, 28, 60355);16031;(1, 41, 7, 6, 16031);השבלים;5;6;ותבלענה השבלים הדקות את שבע השבלים הבריאות והמלאות וייקץ פרעה והנה חלום
(232813, 66, 4);9;ט;60421;(1, 41, 8, 34, 60421);16046;(1, 41, 8, 9, 16046);חרטמי;3;9;ויהי בבקר ותפעם רוחו וישלח ויקרא את כל חרטמי מצרים ואת כל חכמיה ויספר פרעה להם את חלמו ואין פותר אותם לפרעה
(232813, 66, 4);1;א;60487;(1, 41, 9, 14, 60487);16063;(1, 41, 9, 4, 16063);את;1;4;וידבר שר המשקים את פרעה לאמר את חטאי אני מזכיר היום
(232813, 66, 4);400;ת;60553;(1, 41, 10, 39, 60553);16081;(1, 41, 10, 11, 16081);אתי;2;11;פרעה קצף על עבדיו ויתן אתי במשמר בית שר הטבחים אתי ואת שר האפים
(232813, 66, 4);2;ב;60619;(1, 41, 12, 12, 60619);16098;(1, 41, 12, 4, 16098);עברי;2;4;ושם אתנו נער עברי עבד לשר הטבחים ונספר לו ויפתר לנו את חלמתינו איש כחלמו פתר
(232813, 66, 4);5;ה;60685;(1, 41, 13, 17, 60685);16116;(1, 41, 13, 6, 16116);היה;1;6;ויהי כאשר פתר לנו כן היה אתי השיב על כני ואתו תלה
(232813, 66, 4);40;מ;60751;(1, 41, 14, 45, 60751);16133;(1, 41, 14, 11, 16133);שמלתיו;2;11;וישלח פרעה ויקרא את יוסף ויריצהו מן הבור ויגלח ויחלף שמלתיו ויבא אל פרעה
(232813, 66, 4);400;ת;60817;(1, 41, 15, 52, 60817);16150;(1, 41, 15, 14, 16150);תשמע;1;14;ויאמר פרעה אל יוסף חלום חלמתי ופתר אין אתו ואני שמעתי עליך לאמר תשמע חלום לפתר אתו
(232813, 66, 4);1;א;60883;(1, 41, 17, 10, 60883);16167;(1, 41, 17, 3, 16167);אל;1;3;וידבר פרעה אל יוסף בחלמי הנני עמד על שפת היאר
(232813, 66, 4);70;ע;60949;(1, 41, 18, 40, 60949);16185;(1, 41, 18, 11, 16185);ותרעינה;4;11;והנה מן היאר עלת שבע פרות בריאות בשר ויפת תאר ותרעינה באחו
(232813, 66, 4);50;נ;61015;(1, 41, 19, 59, 61015);16201;(1, 41, 19, 15, 16201);כהנה;3;15;והנה שבע פרות אחרות עלות אחריהן דלות ורעות תאר מאד ורקות בשר לא ראיתי כהנה בכל ארץ מצרים לרע
(232813, 66, 4);50;נ;61081;(1, 41, 21, 5, 61081);16215;(1, 41, 21, 1, 16215);ותבאנה;5;1;ותבאנה אל קרבנה ולא נודע כי באו אל קרבנה ומראיהן רע כאשר בתחלה ואיקץ
(232813, 66, 4);70;ע;61147;(1, 41, 22, 16, 61147);16232;(1, 41, 22, 4, 16232);שבע;3;4;וארא בחלמי והנה שבע שבלים עלת בקנה אחד מלאת וטבות
(232813, 66, 4);6;ו;61213;(1, 41, 24, 1, 61213);16248;(1, 41, 24, 1, 16248);ותבלען;1;1;ותבלען השבלים הדקת את שבע השבלים הטבות ואמר אל החרטמים ואין מגיד לי
(232813, 66, 4);80;פ;61279;(1, 41, 25, 12, 61279);16264;(1, 41, 25, 4, 16264);פרעה;1;4;ויאמר יוסף אל פרעה חלום פרעה אחד הוא את אשר האלהים עשה הגיד לפרעה
(232813, 66, 4);300;ש;61345;(1, 41, 26, 26, 61345);16282;(1, 41, 26, 8, 16282);השבלים;2;8;שבע פרת הטבת שבע שנים הנה ושבע השבלים הטבת שבע שנים הנה חלום אחד הוא
(232813, 66, 4);50;נ;61411;(1, 41, 27, 38, 61411);16298;(1, 41, 27, 9, 16298);הנה;2;9;ושבע הפרות הרקות והרעת העלת אחריהן שבע שנים הנה ושבע השבלים הרקות שדפות הקדים יהיו שבע שני רעב
(232813, 66, 4);30;ל;61477;(1, 41, 28, 27, 61477);16315;(1, 41, 28, 8, 16315);האלהים;3;8;הוא הדבר אשר דברתי אל פרעה אשר האלהים עשה הראה את פרעה
(232813, 66, 4);5;ה;61543;(1, 41, 30, 18, 61543);16333;(1, 41, 30, 5, 16333);אחריהן;5;5;וקמו שבע שני רעב אחריהן ונשכח כל השבע בארץ מצרים וכלה הרעב את הארץ
(232813, 66, 4);10;י;61609;(1, 41, 31, 31, 61609);16350;(1, 41, 31, 8, 16350);אחרי;4;8;ולא יודע השבע בארץ מפני הרעב ההוא אחרי כן כי כבד הוא מאד
(232813, 66, 4);10;י;61675;(1, 41, 32, 53, 61675);16368;(1, 41, 32, 13, 16368);האלהים;5;13;ועל השנות החלום אל פרעה פעמים כי נכון הדבר מעם האלהים וממהר האלהים לעשתו
(232813, 66, 4);5;ה;61741;(1, 41, 34, 21, 61741);16385;(1, 41, 34, 6, 16385);הארץ;1;6;יעשה פרעה ויפקד פקדים על הארץ וחמש את ארץ מצרים בשבע שני השבע
(232813, 66, 4);2;ב;61807;(1, 41, 35, 38, 61807);16402;(1, 41, 35, 10, 16402);בר;1;10;ויקבצו את כל אכל השנים הטבות הבאת האלה ויצברו בר תחת יד פרעה אכל בערים ושמרו
(232813, 66, 4);90;צ;61873;(1, 41, 36, 43, 61873);16419;(1, 41, 36, 11, 16419);מצרים;2;11;והיה האכל לפקדון לארץ לשבע שני הרעב אשר תהיין בארץ מצרים ולא תכרת הארץ ברעב
(232813, 66, 4);5;ה;61939;(1, 41, 38, 17, 61939);16435;(1, 41, 38, 5, 16435);הנמצא;1;5;ויאמר פרעה אל עבדיו הנמצא כזה איש אשר רוח אלהים בו
(232813, 66, 4);50;ן;62005;(1, 41, 39, 43, 62005);16453;(1, 41, 39, 12, 16453);אין;3;12;ויאמר פרעה אל יוסף אחרי הודיע אלהים אותך את כל זאת אין נבון וחכם כמוך
(232813, 66, 4);60;ס;62071;(1, 41, 41, 14, 62071);16473;(1, 41, 41, 4, 16473);יוסף;3;4;ויאמר פרעה אל יוסף ראה נתתי אתך על כל ארץ מצרים
(232813, 66, 4);400;ת;62137;(1, 41, 42, 43, 62137);16493;(1, 41, 42, 13, 16493);אתו;2;13;ויסר פרעה את טבעתו מעל ידו ויתן אתה על יד יוסף וילבש אתו בגדי שש וישם רבד הזהב על צוארו
(232813, 66, 4);50;נ;62203;(1, 41, 43, 41, 62203);16510;(1, 41, 43, 10, 16510);ונתון;2;10;וירכב אתו במרכבת המשנה אשר לו ויקראו לפניו אברך ונתון אתו על כל ארץ מצרים
(232813, 66, 4);3;ג;62269;(1, 41, 44, 48, 62269);16529;(1, 41, 44, 14, 16529);רגלו;2;14;ויאמר פרעה אל יוסף אני פרעה ובלעדיך לא ירים איש את ידו ואת רגלו בכל ארץ מצרים
(232813, 66, 4);5;ה;62335;(1, 41, 45, 53, 62335);16548;(1, 41, 45, 16, 16548);לאשה;4;16;ויקרא פרעה שם יוסף צפנת פענח ויתן לו את אסנת בת פוטי פרע כהן אן לאשה ויצא יוסף על ארץ מצרים
(232813, 66, 4);50;נ;62401;(1, 41, 46, 48, 62401);16565;(1, 41, 46, 12, 16565);מלפני;4;12;ויוסף בן שלשים שנה בעמדו לפני פרעה מלך מצרים ויצא יוסף מלפני פרעה ויעבר בכל ארץ מצרים
(232813, 66, 4);1;א;62467;(1, 41, 48, 20, 62467);16583;(1, 41, 48, 7, 16583);אשר;1;7;ויקבץ את כל אכל שבע שנים אשר היו בארץ מצרים ויתן אכל בערים אכל שדה העיר אשר סביבתיה נתן בתוכה
(232813, 66, 4);20;כ;62533;(1, 41, 49, 12, 62533);16600;(1, 41, 49, 4, 16600);כחול;1;4;ויצבר יוסף בר כחול הים הרבה מאד עד כי חדל לספר כי אין מספר
(232813, 66, 4);300;ש;62599;(1, 41, 50, 33, 62599);16619;(1, 41, 50, 9, 16619);אשר;2;9;וליוסף ילד שני בנים בטרם תבוא שנת הרעב אשר ילדה לו אסנת בת פוטי פרע כהן און
(232813, 66, 4);30;ל;62665;(1, 41, 51, 40, 62665);16639;(1, 41, 51, 12, 16639);עמלי;3;12;ויקרא יוסף את שם הבכור מנשה כי נשני אלהים את כל עמלי ואת כל בית אבי
(232813, 66, 4);70;ע;62731;(1, 41, 53, 17, 62731);16657;(1, 41, 53, 4, 16657);השבע;4;4;ותכלינה שבע שני השבע אשר היה בארץ מצרים
(232813, 66, 4);20;כ;62797;(1, 41, 54, 51, 62797);16674;(1, 41, 54, 13, 16674);ובכל;3;13;ותחלינה שבע שני הרעב לבוא כאשר אמר יוסף ויהי רעב בכל הארצות ובכל ארץ מצרים היה לחם
(232813, 66, 4);30;ל;62863;(1, 41, 55, 51, 62863);16692;(1, 41, 55, 14, 16692);לכו;1;14;ותרעב כל ארץ מצרים ויצעק העם אל פרעה ללחם ויאמר פרעה לכל מצרים לכו אל יוסף אשר יאמר לכם תעשו
(232813, 66, 4);30;ל;62929;(1, 41, 56, 44, 62929);16712;(1, 41, 56, 14, 16712);למצרים;1;14;והרעב היה על כל פני הארץ ויפתח יוסף את כל אשר בהם וישבר למצרים ויחזק הרעב בארץ מצרים
(232813, 66, 4);6;ו;62995;(1, 42, 1, 1, 62995);16729;(1, 42, 1, 1, 16729);וירא;1;1;וירא יעקב כי יש שבר במצרים ויאמר יעקב לבניו למה תתראו
(232813, 66, 4);200;ר;63061;(1, 42, 2, 24, 63061);16746;(1, 42, 2, 7, 16746);במצרים;4;7;ויאמר הנה שמעתי כי יש שבר במצרים רדו שמה ושברו לנו משם ונחיה ולא נמות
(232813, 66, 4);40;מ;63127;(1, 42, 4, 7, 63127);16763;(1, 42, 4, 2, 16763);בנימין;4;2;ואת בנימין אחי יוסף לא שלח יעקב את אחיו כי אמר פן יקראנו אסון
(232813, 66, 4);10;י;63193;(1, 42, 5, 25, 63193);16781;(1, 42, 5, 6, 16781);הבאים;4;6;ויבאו בני ישראל לשבר בתוך הבאים כי היה הרעב בארץ כנען
(232813, 66, 4);60;ס;63259;(1, 42, 6, 48, 63259);16799;(1, 42, 6, 13, 16799);יוסף;3;13;ויוסף הוא השליט על הארץ הוא המשביר לכל עם הארץ ויבאו אחי יוסף וישתחוו לו אפים ארצה
(232813, 66, 4);1;א;63325;(1, 42, 7, 48, 63325);16815;(1, 42, 7, 12, 16815);אלהם;1;12;וירא יוסף את אחיו ויכרם ויתנכר אליהם וידבר אתם קשות ויאמר אלהם מאין באתם ויאמרו מארץ כנען לשבר אכל
(232813, 66, 4);1;א;63391;(1, 42, 9, 10, 63391);16832;(1, 42, 9, 3, 16832);את;1;3;ויזכר יוסף את החלמות אשר חלם להם ויאמר אלהם מרגלים אתם לראות את ערות הארץ באתם
(232813, 66, 4);1;א;63457;(1, 42, 10, 13, 63457);16849;(1, 42, 10, 4, 16849);אדני;1;4;ויאמרו אליו לא אדני ועבדיך באו לשבר אכל
(232813, 66, 4);200;ר;63523;(1, 42, 12, 5, 63523);16865;(1, 42, 12, 1, 16865);ויאמר;5;1;ויאמר אלהם לא כי ערות הארץ באתם לראות
(232813, 66, 4);20;כ;63589;(1, 42, 13, 41, 63589);16883;(1, 42, 13, 11, 16883);כנען;1;11;ויאמרו שנים עשר עבדיך אחים אנחנו בני איש אחד בארץ כנען והנה הקטן את אבינו היום והאחד איננו
(232813, 66, 4);200;ר;63655;(1, 42, 14, 34, 63655);16899;(1, 42, 14, 9, 16899);מרגלים;2;9;ויאמר אלהם יוסף הוא אשר דברתי אלכם לאמר מרגלים אתם
(232813, 66, 4);1;א;63721;(1, 42, 16, 15, 63721);16918;(1, 42, 16, 5, 16918);את;1;5;שלחו מכם אחד ויקח את אחיכם ואתם האסרו ויבחנו דבריכם האמת אתכם ואם לא חי פרעה כי מרגלים אתם
(232813, 66, 4);1;א;63787;(1, 42, 17, 9, 63787);16935;(1, 42, 17, 3, 16935);אל;1;3;ויאסף אתם אל משמר שלשת ימים
(232813, 66, 4);40;ם;63853;(1, 42, 19, 6, 63853);16952;(1, 42, 19, 2, 16952);כנים;4;2;אם כנים אתם אחיכם אחד יאסר בבית משמרכם ואתם לכו הביאו שבר רעבון בתיכם
(232813, 66, 4);1;א;63919;(1, 42, 20, 16, 63919);16968;(1, 42, 20, 4, 16968);תביאו;4;4;ואת אחיכם הקטן תביאו אלי ויאמנו דבריכם ולא תמותו ויעשו כן
(232813, 66, 4);6;ו;63985;(1, 42, 21, 35, 63985);16984;(1, 42, 21, 9, 16984);אחינו;5;9;ויאמרו איש אל אחיו אבל אשמים אנחנו על אחינו אשר ראינו צרת נפשו בהתחננו אלינו ולא שמענו על כן באה אלינו הצרה הזאת
(232813, 66, 4);400;ת;64051;(1, 42, 22, 11, 64051);17001;(1, 42, 22, 3, 17001);אתם;2;3;ויען ראובן אתם לאמר הלוא אמרתי אליכם לאמר אל תחטאו בילד ולא שמעתם וגם דמו הנה נדרש
(232813, 66, 4);10;י;64117;(1, 42, 23, 11, 64117);17019;(1, 42, 23, 4, 17019);כי;2;4;והם לא ידעו כי שמע יוסף כי המליץ בינתם
(232813, 66, 4);6;ו;64183;(1, 42, 24, 47, 64183);17036;(1, 42, 24, 12, 17036);ויאסר;1;12;ויסב מעליהם ויבך וישב אלהם וידבר אלהם ויקח מאתם את שמעון ויאסר אתו לעיניהם
(232813, 66, 4);4;ד;64249;(1, 42, 25, 52, 64249);17052;(1, 42, 25, 14, 17052);צדה;2;14;ויצו יוסף וימלאו את כליהם בר ולהשיב כספיהם איש אל שקו ולתת להם צדה לדרך ויעש להם כן
(232813, 66, 4);40;מ;64315;(1, 42, 27, 25, 64315);17070;(1, 42, 27, 7, 17070);לחמרו;3;7;ויפתח האחד את שקו לתת מספוא לחמרו במלון וירא את כספו והנה הוא בפי אמתחתו
(232813, 66, 4);6;ו;64381;(1, 42, 28, 33, 64381);17087;(1, 42, 28, 9, 17087);ויצא;1;9;ויאמר אל אחיו הושב כספי וגם הנה באמתחתי ויצא לבם ויחרדו איש אל אחיו לאמר מה זאת עשה אלהים לנו
(232813, 66, 4);6;ו;64447;(1, 42, 29, 25, 64447);17105;(1, 42, 29, 7, 17105);ויגידו;1;7;ויבאו אל יעקב אביהם ארצה כנען ויגידו לו את כל הקרת אתם לאמר
(232813, 66, 4);90;ץ;64513;(1, 42, 30, 44, 64513);17122;(1, 42, 30, 11, 17122);הארץ;4;11;דבר האיש אדני הארץ אתנו קשות ויתן אתנו כמרגלים את הארץ
(232813, 66, 4);5;ה;64579;(1, 42, 32, 35, 64579);17138;(1, 42, 32, 9, 17138);והקטן;2;9;שנים עשר אנחנו אחים בני אבינו האחד איננו והקטן היום את אבינו בארץ כנען
(232813, 66, 4);5;ה;64645;(1, 42, 33, 44, 64645);17155;(1, 42, 33, 12, 17155);האחד;1;12;ויאמר אלינו האיש אדני הארץ בזאת אדע כי כנים אתם אחיכם האחד הניחו אתי ואת רעבון בתיכם קחו ולכו
(232813, 66, 4);40;ם;64711;(1, 42, 34, 35, 64711);17171;(1, 42, 34, 9, 17171);מרגלים;6;9;והביאו את אחיכם הקטן אלי ואדעה כי לא מרגלים אתם כי כנים אתם את אחיכם אתן לכם ואת הארץ תסחרו
(232813, 66, 4);20;כ;64777;(1, 42, 35, 29, 64777);17190;(1, 42, 35, 8, 17190);כספו;1;8;ויהי הם מריקים שקיהם והנה איש צרור כספו בשקו ויראו את צררות כספיהם המה ואביהם וייראו
(232813, 66, 4);40;ם;64843;(1, 42, 36, 26, 64843);17204;(1, 42, 36, 6, 17204);שכלתם;5;6;ויאמר אלהם יעקב אביהם אתי שכלתם יוסף איננו ושמעון איננו ואת בנימן תקחו עלי היו כלנה
(232813, 66, 4);50;נ;64909;(1, 42, 37, 24, 64909);17221;(1, 42, 37, 7, 17221);שני;2;7;ויאמר ראובן אל אביו לאמר את שני בני תמית אם לא אביאנו אליך תנה אתו על ידי ואני אשיבנו אליך
(232813, 66, 4);10;י;64975;(1, 42, 38, 19, 64975);17240;(1, 42, 38, 6, 17240);כי;2;6;ויאמר לא ירד בני עמכם כי אחיו מת והוא לבדו נשאר וקראהו אסון בדרך אשר תלכו בה והורדתם את שיבתי ביגון שאולה
(232813, 66, 4);6;ו;65041;(1, 43, 1, 1, 65041);17257;(1, 43, 1, 1, 17257);והרעב;1;1;והרעב כבד בארץ
(232813, 66, 4);2;ב;65107;(1, 43, 2, 55, 65107);17273;(1, 43, 2, 14, 17273);שברו;2;14;ויהי כאשר כלו לאכל את השבר אשר הביאו ממצרים ויאמר אליהם אביהם שבו שברו לנו מעט אכל
(232813, 66, 4);400;ת;65173;(1, 43, 3, 55, 65173);17291;(1, 43, 3, 15, 17291);אתכם;2;15;ויאמר אליו יהודה לאמר העד העד בנו האיש לאמר לא תראו פני בלתי אחיכם אתכם
(232813, 66, 4);50;נ;65239;(1, 43, 5, 29, 65239);17310;(1, 43, 5, 9, 17310);אלינו;4;9;ואם אינך משלח לא נרד כי האיש אמר אלינו לא תראו פני בלתי אחיכם אתכם
(232813, 66, 4);200;ר;65305;(1, 43, 7, 5, 65305);17327;(1, 43, 7, 1, 17327);ויאמרו;5;1;ויאמרו שאול שאל האיש לנו ולמולדתנו לאמר העוד אביכם חי היש לכם אח ונגד לו על פי הדברים האלה הידוע נדע כי יאמר הורידו את אחיכם
(232813, 66, 4);30;ל;65371;(1, 43, 7, 71, 65371);17345;(1, 43, 7, 19, 17345);האלה;3;19;ויאמרו שאול שאל האיש לנו ולמולדתנו לאמר העוד אביכם חי היש לכם אח ונגד לו על פי הדברים האלה הידוע נדע כי יאמר הורידו את אחיכם
(232813, 66, 4);5;ה;65437;(1, 43, 8, 38, 65437);17361;(1, 43, 8, 9, 17361);ונקומה;6;9;ויאמר יהודה אל ישראל אביו שלחה הנער אתי ונקומה ונלכה ונחיה ולא נמות גם אנחנו גם אתה גם טפנו
(232813, 66, 4);6;ו;65503;(1, 43, 9, 31, 65503);17378;(1, 43, 9, 7, 17378);הביאתיו;7;7;אנכי אערבנו מידי תבקשנו אם לא הביאתיו אליך והצגתיו לפניך וחטאתי לך כל הימים
(232813, 66, 4);200;ר;65569;(1, 43, 11, 5, 65569);17394;(1, 43, 11, 1, 17394);ויאמר;5;1;ויאמר אלהם ישראל אביהם אם כן אפוא זאת עשו קחו מזמרת הארץ בכליכם והורידו לאיש מנחה מעט צרי ומעט דבש נכאת ולט בטנים ושקדים
(232813, 66, 4);200;ר;65635;(1, 43, 11, 71, 65635);17411;(1, 43, 11, 18, 17411);צרי;2;18;ויאמר אלהם ישראל אביהם אם כן אפוא זאת עשו קחו מזמרת הארץ בכליכם והורידו לאיש מנחה מעט צרי ומעט דבש נכאת ולט בטנים ושקדים
(232813, 66, 4);400;ת;65701;(1, 43, 12, 40, 65701);17427;(1, 43, 12, 10, 17427);תשיבו;1;10;וכסף משנה קחו בידכם ואת הכסף המושב בפי אמתחתיכם תשיבו בידכם אולי משגה הוא
(232813, 66, 4);50;נ;65767;(1, 43, 14, 20, 65767);17444;(1, 43, 14, 6, 17444);לפני;3;6;ואל שדי יתן לכם רחמים לפני האיש ושלח לכם את אחיכם אחר ואת בנימין ואני כאשר שכלתי שכלתי
(232813, 66, 4);8;ח;65833;(1, 43, 15, 17, 65833);17460;(1, 43, 15, 4, 17460);המנחה;4;4;ויקחו האנשים את המנחה הזאת ומשנה כסף לקחו בידם ואת בנימן ויקמו וירדו מצרים ויעמדו לפני יוסף
(232813, 66, 4);80;ף;65899;(1, 43, 16, 8, 65899);17475;(1, 43, 16, 2, 17475);יוסף;4;2;וירא יוסף אתם את בנימין ויאמר לאשר על ביתו הבא את האנשים הביתה וטבח טבח והכן כי אתי יאכלו האנשים בצהרים
(232813, 66, 4);50;נ;65965;(1, 43, 16, 74, 65965);17493;(1, 43, 16, 20, 17493);האנשים;3;20;וירא יוסף אתם את בנימין ויאמר לאשר על ביתו הבא את האנשים הביתה וטבח טבח והכן כי אתי יאכלו האנשים בצהרים
(232813, 66, 4);10;י;66031;(1, 43, 18, 14, 66031);17508;(1, 43, 18, 3, 17508);כי;2;3;וייראו האנשים כי הובאו בית יוסף ויאמרו על דבר הכסף השב באמתחתינו בתחלה אנחנו מובאים להתגלל עלינו ולהתנפל עלינו ולקחת אתנו לעבדים ואת חמרינו
(232813, 66, 4);6;ו;66097;(1, 43, 18, 80, 66097);17522;(1, 43, 18, 17, 17522);עלינו;5;17;וייראו האנשים כי הובאו בית יוסף ויאמרו על דבר הכסף השב באמתחתינו בתחלה אנחנו מובאים להתגלל עלינו ולהתנפל עלינו ולקחת אתנו לעבדים ואת חמרינו
(232813, 66, 4);1;א;66163;(1, 43, 19, 30, 66163);17538;(1, 43, 19, 9, 17538);אליו;1;9;ויגשו אל האיש אשר על בית יוסף וידברו אליו פתח הבית
(232813, 66, 4);1;א;66229;(1, 43, 21, 24, 66229);17555;(1, 43, 21, 7, 17555);את;1;7;ויהי כי באנו אל המלון ונפתחה את אמתחתינו והנה כסף איש בפי אמתחתו כספנו במשקלו ונשב אתו בידנו
(232813, 66, 4);10;י;66295;(1, 43, 22, 15, 66295);17570;(1, 43, 22, 4, 17570);בידנו;2;4;וכסף אחר הורדנו בידנו לשבר אכל לא ידענו מי שם כספנו באמתחתינו
(232813, 66, 4);1;א;66361;(1, 43, 23, 31, 66361);17586;(1, 43, 23, 8, 17586);אביכם;1;8;ויאמר שלום לכם אל תיראו אלהיכם ואלהי אביכם נתן לכם מטמון באמתחתיכם כספכם בא אלי ויוצא אלהם את שמעון
(232813, 66, 4);40;ם;66427;(1, 43, 24, 16, 66427);17601;(1, 43, 24, 4, 17601);האנשים;6;4;ויבא האיש את האנשים ביתה יוסף ויתן מים וירחצו רגליהם ויתן מספוא לחמריהם
(232813, 66, 4);2;ב;66493;(1, 43, 25, 23, 66493);17617;(1, 43, 25, 7, 17617);בצהרים;1;7;ויכינו את המנחה עד בוא יוסף בצהרים כי שמעו כי שם יאכלו לחם
(232813, 66, 4);300;ש;66559;(1, 43, 26, 43, 66559);17634;(1, 43, 26, 11, 17634);וישתחוו;3;11;ויבא יוסף הביתה ויביאו לו את המנחה אשר בידם הביתה וישתחוו לו ארצה
(232813, 66, 4);30;ל;66625;(1, 43, 28, 8, 66625);17649;(1, 43, 28, 2, 17649);שלום;2;2;ויאמרו שלום לעבדך לאבינו עודנו חי ויקדו וישתחו
(232813, 66, 4);200;ר;66691;(1, 43, 29, 35, 66691);17664;(1, 43, 29, 9, 17664);ויאמר;5;9;וישא עיניו וירא את בנימין אחיו בן אמו ויאמר הזה אחיכם הקטן אשר אמרתם אלי ויאמר אלהים יחנך בני
(232813, 66, 4);10;י;66757;(1, 43, 30, 26, 66757);17681;(1, 43, 30, 7, 17681);אחיו;3;7;וימהר יוסף כי נכמרו רחמיו אל אחיו ויבקש לבכות ויבא החדרה ויבך שמה
(232813, 66, 4);6;ו;66823;(1, 43, 32, 8, 66823);17696;(1, 43, 32, 2, 17696);לו;2;2;וישימו לו לבדו ולהם לבדם ולמצרים האכלים אתו לבדם כי לא יוכלון המצרים לאכל את העברים לחם כי תועבה הוא למצרים
(232813, 66, 4);400;ת;66889;(1, 43, 32, 74, 66889);17713;(1, 43, 32, 19, 17713);תועבה;1;19;וישימו לו לבדו ולהם לבדם ולמצרים האכלים אתו לבדם כי לא יוכלון המצרים לאכל את העברים לחם כי תועבה הוא למצרים
(232813, 66, 4);6;ו;66955;(1, 43, 33, 53, 66955);17726;(1, 43, 33, 11, 17726);רעהו;4;11;וישבו לפניו הבכר כבכרתו והצעיר כצערתו ויתמהו האנשים איש אל רעהו
(232813, 66, 4);1;א;67021;(1, 44, 1, 5, 67021);17743;(1, 44, 1, 2, 17743);את;1;2;ויצו את אשר על ביתו לאמר מלא את אמתחת האנשים אכל כאשר יוכלון שאת ושים כסף איש בפי אמתחתו
(232813, 66, 4);6;ו;67087;(1, 44, 2, 1, 67087);17761;(1, 44, 2, 1, 17761);ואת;1;1;ואת גביעי גביע הכסף תשים בפי אמתחת הקטן ואת כסף שברו ויעש כדבר יוסף אשר דבר
(232813, 66, 4);200;ר;67153;(1, 44, 3, 7, 67153);17778;(1, 44, 3, 2, 17778);אור;3;2;הבקר אור והאנשים שלחו המה וחמריהם
(232813, 66, 4);1;א;67219;(1, 44, 4, 45, 67219);17796;(1, 44, 4, 14, 17796);אחרי;1;14;הם יצאו את העיר לא הרחיקו ויוסף אמר לאשר על ביתו קום רדף אחרי האנשים והשגתם ואמרת אלהם למה שלמתם רעה תחת טובה
(232813, 66, 4);50;נ;67285;(1, 44, 5, 24, 67285);17813;(1, 44, 5, 8, 17813);נחש;1;8;הלוא זה אשר ישתה אדני בו והוא נחש ינחש בו הרעתם אשר עשיתם
(232813, 66, 4);4;ד;67351;(1, 44, 7, 19, 67351);17829;(1, 44, 7, 5, 17829);אדני;2;5;ויאמרו אליו למה ידבר אדני כדברים האלה חלילה לעבדיך מעשות כדבר הזה
(232813, 66, 4);1;א;67417;(1, 44, 8, 31, 67417);17844;(1, 44, 8, 8, 17844);אליך;1;8;הן כסף אשר מצאנו בפי אמתחתינו השיבנו אליך מארץ כנען ואיך נגנב מבית אדניך כסף או זהב
(232813, 66, 4);10;י;67483;(1, 44, 9, 30, 67483);17861;(1, 44, 9, 8, 17861);נהיה;3;8;אשר ימצא אתו מעבדיך ומת וגם אנחנו נהיה לאדני לעבדים
(232813, 66, 4);6;ו;67549;(1, 44, 11, 1, 67549);17879;(1, 44, 11, 1, 17879);וימהרו;1;1;וימהרו ויורדו איש את אמתחתו ארצה ויפתחו איש אמתחתו
(232813, 66, 4);90;צ;67615;(1, 44, 12, 25, 67615);17893;(1, 44, 12, 6, 17893);וימצא;4;6;ויחפש בגדול החל ובקטן כלה וימצא הגביע באמתחת בנימן
(232813, 66, 4);6;ו;67681;(1, 44, 14, 14, 67681);17907;(1, 44, 14, 3, 17907);ואחיו;5;3;ויבא יהודה ואחיו ביתה יוסף והוא עודנו שם ויפלו לפניו ארצה
(232813, 66, 4);6;ו;67747;(1, 44, 15, 33, 67747);17924;(1, 44, 15, 9, 17924);הלוא;3;9;ויאמר להם יוסף מה המעשה הזה אשר עשיתם הלוא ידעתם כי נחש ינחש איש אשר כמני
(232813, 66, 4);40;ם;67813;(1, 44, 16, 41, 67813);17941;(1, 44, 16, 10, 17941);האלהים;6;10;ויאמר יהודה מה נאמר לאדני מה נדבר ומה נצטדק האלהים מצא את עון עבדיך הננו עבדים לאדני גם אנחנו גם אשר נמצא הגביע בידו
(232813, 66, 4);70;ע;67879;(1, 44, 17, 14, 67879);17959;(1, 44, 17, 4, 17959);מעשות;2;4;ויאמר חלילה לי מעשות זאת האיש אשר נמצא הגביע בידו הוא יהיה לי עבד ואתם עלו לשלום אל אביכם
(232813, 66, 4);10;י;67945;(1, 44, 18, 9, 67945);17977;(1, 44, 18, 3, 17977);יהודה;1;3;ויגש אליו יהודה ויאמר בי אדני ידבר נא עבדך דבר באזני אדני ואל יחר אפך בעבדך כי כמוך כפרעה
(232813, 66, 4);10;י;68011;(1, 44, 19, 4, 68011);17994;(1, 44, 19, 1, 17994);אדני;4;1;אדני שאל את עבדיו לאמר היש לכם אב או אח
(232813, 66, 4);400;ת;68077;(1, 44, 20, 40, 68077);18015;(1, 44, 20, 12, 18015);מת;2;12;ונאמר אל אדני יש לנו אב זקן וילד זקנים קטן ואחיו מת ויותר הוא לבדו לאמו ואביו אהבו
(232813, 66, 4);1;א;68143;(1, 44, 22, 6, 68143);18031;(1, 44, 22, 2, 18031);אל;1;2;ונאמר אל אדני לא יוכל הנער לעזב את אביו ועזב את אביו ומת
(232813, 66, 4);50;ן;68209;(1, 44, 23, 28, 68209);18050;(1, 44, 23, 8, 18050);הקטן;4;8;ותאמר אל עבדיך אם לא ירד אחיכם הקטן אתכם לא תספון לראות פני
(232813, 66, 4);300;ש;68275;(1, 44, 25, 11, 68275);18069;(1, 44, 25, 3, 18069);שבו;1;3;ויאמר אבינו שבו שברו לנו מעט אכל
(232813, 66, 4);400;ת;68341;(1, 44, 26, 51, 68341);18087;(1, 44, 26, 14, 18087);לראות;5;14;ונאמר לא נוכל לרדת אם יש אחינו הקטן אתנו וירדנו כי לא נוכל לראות פני האיש ואחינו הקטן איננו אתנו
(232813, 66, 4);400;ת;68407;(1, 44, 27, 40, 68407);18104;(1, 44, 27, 11, 18104);אשתי;3;11;ויאמר עבדך אבי אלינו אתם ידעתם כי שנים ילדה לי אשתי
(232813, 66, 4);50;ן;68473;(1, 44, 29, 27, 68473);18123;(1, 44, 29, 8, 18123);אסון;4;8;ולקחתם גם את זה מעם פני וקרהו אסון והורדתם את שיבתי ברעה שאלה
(232813, 66, 4);80;פ;68539;(1, 44, 30, 44, 68539);18139;(1, 44, 30, 11, 18139);בנפשו;3;11;ועתה כבאי אל עבדך אבי והנער איננו אתנו ונפשו קשורה בנפשו
(232813, 66, 4);20;ך;68605;(1, 44, 32, 6, 68605);18155;(1, 44, 32, 2, 18155);עבדך;4;2;כי עבדך ערב את הנער מעם אבי לאמר אם לא אביאנו אליך וחטאתי לאבי כל הימים
(232813, 66, 4);400;ת;68671;(1, 44, 33, 16, 68671);18174;(1, 44, 33, 5, 18174);תחת;3;5;ועתה ישב נא עבדך תחת הנער עבד לאדני והנער יעל עם אחיו
(232813, 66, 4);10;י;68737;(1, 44, 34, 40, 68737);18194;(1, 44, 34, 13, 18194);ימצא;1;13;כי איך אעלה אל אבי והנער איננו אתי פן אראה ברע אשר ימצא את אבי
(232813, 66, 4);300;ש;68803;(1, 45, 1, 58, 68803);18211;(1, 45, 1, 15, 18211);איש;3;15;ולא יכל יוסף להתאפק לכל הנצבים עליו ויקרא הוציאו כל איש מעלי ולא עמד איש אתו בהתודע יוסף אל אחיו
(232813, 66, 4);30;ל;68869;(1, 45, 3, 11, 68869);18228;(1, 45, 3, 3, 18228);אל;2;3;ויאמר יוסף אל אחיו אני יוסף העוד אבי חי ולא יכלו אחיו לענות אתו כי נבהלו מפניו
(232813, 66, 4);6;ו;68935;(1, 45, 4, 15, 68935);18246;(1, 45, 4, 4, 18246);אחיו;4;4;ויאמר יוסף אל אחיו גשו נא אלי ויגשו ויאמר אני יוסף אחיכם אשר מכרתם אתי מצרימה
(232813, 66, 4);70;ע;69001;(1, 45, 5, 19, 69001);18264;(1, 45, 5, 6, 18264);בעיניכם;2;6;ועתה אל תעצבו ואל יחר בעיניכם כי מכרתם אתי הנה כי למחיה שלחני אלהים לפניכם
(232813, 66, 4);4;ד;69067;(1, 45, 6, 25, 69067);18280;(1, 45, 6, 7, 18280);ועוד;4;7;כי זה שנתים הרעב בקרב הארץ ועוד חמש שנים אשר אין חריש וקציר
(232813, 66, 4);40;ם;69133;(1, 45, 7, 44, 69133);18295;(1, 45, 7, 9, 18295);לכם;3;9;וישלחני אלהים לפניכם לשום לכם שארית בארץ ולהחיות לכם לפליטה גדלה
(232813, 66, 4);6;ו;69199;(1, 45, 8, 56, 69199);18311;(1, 45, 8, 14, 18311);ביתו;4;14;ועתה לא אתם שלחתם אתי הנה כי האלהים וישימני לאב לפרעה ולאדון לכל ביתו ומשל בכל ארץ מצרים
(232813, 66, 4);20;כ;69265;(1, 45, 9, 51, 69265);18329;(1, 45, 9, 14, 18329);לכל;2;14;מהרו ועלו אל אבי ואמרתם אליו כה אמר בנך יוסף שמני אלהים לאדון לכל מצרים רדה אלי אל תעמד
(232813, 66, 4);100;ק;69331;(1, 45, 10, 48, 69331);18346;(1, 45, 10, 12, 18346);ובקרך;3;12;וישבת בארץ גשן והיית קרוב אלי אתה ובניך ובני בניך וצאנך ובקרך וכל אשר לך
(232813, 66, 4);50;נ;69397;(1, 45, 12, 7, 69397);18366;(1, 45, 12, 2, 18366);עיניכם;3;2;והנה עיניכם ראות ועיני אחי בנימין כי פי המדבר אליכם
(232813, 66, 4);1;א;69463;(1, 45, 13, 31, 69463);18383;(1, 45, 13, 9, 18383);אשר;1;9;והגדתם לאבי את כל כבודי במצרים ואת כל אשר ראיתם ומהרתם והורדתם את אבי הנה
(232813, 66, 4);1;א;69529;(1, 45, 14, 38, 69529);18399;(1, 45, 14, 10, 18399);צואריו;3;10;ויפל על צוארי בנימן אחיו ויבך ובנימן בכה על צואריו
(232813, 66, 4);10;י;69595;(1, 45, 16, 25, 69595);18416;(1, 45, 16, 7, 18416);אחי;3;7;והקל נשמע בית פרעה לאמר באו אחי יוסף וייטב בעיני פרעה ובעיני עבדיו
(232813, 66, 4);2;ב;69661;(1, 45, 17, 37, 69661);18434;(1, 45, 17, 12, 18434);בעירכם;1;12;ויאמר פרעה אל יוסף אמר אל אחיך זאת עשו טענו את בעירכם ולכו באו ארצה כנען
(232813, 66, 4);10;י;69727;(1, 45, 18, 46, 69727);18451;(1, 45, 18, 13, 18451);מצרים;4;13;וקחו את אביכם ואת בתיכם ובאו אלי ואתנה לכם את טוב ארץ מצרים ואכלו את חלב הארץ
(232813, 66, 4);1;א;69793;(1, 45, 19, 51, 69793);18467;(1, 45, 19, 12, 18467);ונשאתם;4;12;ואתה צויתה זאת עשו קחו לכם מארץ מצרים עגלות לטפכם ולנשיכם ונשאתם את אביכם ובאתם
(232813, 66, 4);200;ר;69859;(1, 45, 21, 13, 69859);18486;(1, 45, 21, 4, 18486);ישראל;3;4;ויעשו כן בני ישראל ויתן להם יוסף עגלות על פי פרעה ויתן להם צדה לדרך
(232813, 66, 4);40;מ;69925;(1, 45, 22, 26, 69925);18503;(1, 45, 22, 6, 18503);ולבנימן;6;6;לכלם נתן לאיש חלפות שמלת ולבנימן נתן שלש מאות כסף וחמש חלפת שמלת
(232813, 66, 4);200;ר;69991;(1, 45, 23, 40, 69991);18519;(1, 45, 23, 9, 18519);ועשר;4;9;ולאביו שלח כזאת עשרה חמרים נשאים מטוב מצרים ועשר אתנת נשאת בר ולחם ומזון לאביו לדרך
(232813, 66, 4);10;י;70057;(1, 45, 25, 2, 70057);18536;(1, 45, 25, 1, 18536);ויעלו;2;1;ויעלו ממצרים ויבאו ארץ כנען אל יעקב אביהם
(232813, 66, 4);200;ר;70123;(1, 45, 26, 34, 70123);18554;(1, 45, 26, 11, 18554);ארץ;2;11;ויגדו לו לאמר עוד יוסף חי וכי הוא משל בכל ארץ מצרים ויפג לבו כי לא האמין להם
(232813, 66, 4);3;ג;70189;(1, 45, 27, 41, 70189);18573;(1, 45, 27, 12, 18573);העגלות;3;12;וידברו אליו את כל דברי יוסף אשר דבר אלהם וירא את העגלות אשר שלח יוסף לשאת אתו ותחי רוח יעקב אביהם
(232813, 66, 4);1;א;70255;(1, 45, 28, 30, 70255);18591;(1, 45, 28, 9, 18591);ואראנו;2;9;ויאמר ישראל רב עוד יוסף בני חי אלכה ואראנו בטרם אמות
(232813, 66, 4);1;א;70321;(1, 46, 2, 3, 70321);18607;(1, 46, 2, 1, 18607);ויאמר;3;1;ויאמר אלהים לישראל במראת הלילה ויאמר יעקב יעקב ויאמר הנני
(232813, 66, 4);1;א;70387;(1, 46, 3, 21, 70387);18622;(1, 46, 3, 6, 18622);אל;1;6;ויאמר אנכי האל אלהי אביך אל תירא מרדה מצרימה כי לגוי גדול אשימך שם
(232813, 66, 4);60;ס;70453;(1, 46, 4, 34, 70453);18639;(1, 46, 4, 9, 18639);ויוסף;4;9;אנכי ארד עמך מצרימה ואנכי אעלך גם עלה ויוסף ישית ידו על עיניך
(232813, 66, 4);10;י;70519;(1, 46, 5, 51, 70519);18657;(1, 46, 5, 14, 18657);נשיהם;3;14;ויקם יעקב מבאר שבע וישאו בני ישראל את יעקב אביהם ואת טפם ואת נשיהם בעגלות אשר שלח פרעה לשאת אתו
(232813, 66, 4);6;ו;70585;(1, 46, 6, 41, 70585);18673;(1, 46, 6, 10, 18673);ויבאו;5;10;ויקחו את מקניהם ואת רכושם אשר רכשו בארץ כנען ויבאו מצרימה יעקב וכל זרעו אתו
(232813, 66, 4);200;ר;70651;(1, 46, 7, 46, 70651);18690;(1, 46, 7, 12, 18690);מצרימה;3;12;בניו ובני בניו אתו בנתיו ובנות בניו וכל זרעו הביא אתו מצרימה
(232813, 66, 4);80;פ;70717;(1, 46, 9, 15, 70717);18705;(1, 46, 9, 4, 18705);ופלוא;2;4;ובני ראובן חנוך ופלוא וחצרן וכרמי
(232813, 66, 4);10;י;70783;(1, 46, 11, 7, 70783);18719;(1, 46, 11, 2, 18719);לוי;3;2;ובני לוי גרשון קהת ומררי
(232813, 66, 4);2;ב;70849;(1, 46, 12, 53, 70849);18736;(1, 46, 12, 14, 18736);בני;1;14;ובני יהודה ער ואונן ושלה ופרץ וזרח וימת ער ואונן בארץ כנען ויהיו בני פרץ חצרן וחמול
(232813, 66, 4);5;ה;70915;(1, 46, 15, 3, 70915);18751;(1, 46, 15, 1, 18751);אלה;3;1;אלה בני לאה אשר ילדה ליעקב בפדן ארם ואת דינה בתו כל נפש בניו ובנותיו שלשים ושלש
(232813, 66, 4);4;ד;70981;(1, 46, 16, 6, 70981);18769;(1, 46, 16, 2, 18769);גד;2;2;ובני גד צפיון וחגי שוני ואצבן ערי וארודי ואראלי
(232813, 66, 4);8;ח;71047;(1, 46, 17, 33, 71047);18784;(1, 46, 17, 8, 18784);אחתם;2;8;ובני אשר ימנה וישוה וישוי ובריעה ושרח אחתם ובני בריעה חבר ומלכיאל
(232813, 66, 4);200;ר;71113;(1, 46, 18, 45, 71113);18802;(1, 46, 18, 14, 18802);עשרה;3;14;אלה בני זלפה אשר נתן לבן ללאה בתו ותלד את אלה ליעקב שש עשרה נפש
(232813, 66, 4);80;פ;71179;(1, 46, 20, 39, 71179);18820;(1, 46, 20, 11, 18820);פרע;1;11;ויולד ליוסף בארץ מצרים אשר ילדה לו אסנת בת פוטי פרע כהן אן את מנשה ואת אפרים
(232813, 66, 4);40;ם;71245;(1, 46, 21, 45, 71245);18837;(1, 46, 21, 11, 18837);וחפים;5;11;ובני בנימן בלע ובכר ואשבל גרא ונעמן אחי וראש מפים וחפים וארד
(232813, 66, 4);10;י;71311;(1, 46, 24, 19, 71311);18855;(1, 46, 24, 4, 18855);וגוני;5;4;ובני נפתלי יחצאל וגוני ויצר ושלם
(232813, 66, 4);1;א;71377;(1, 46, 26, 9, 71377);18875;(1, 46, 26, 3, 18875);הבאה;3;3;כל הנפש הבאה ליעקב מצרימה יצאי ירכו מלבד נשי בני יעקב כל נפש ששים ושש
(232813, 66, 4);200;ר;71443;(1, 46, 27, 20, 71443);18893;(1, 46, 27, 6, 18893);במצרים;4;6;ובני יוסף אשר ילד לו במצרים נפש שנים כל הנפש לבית יעקב הבאה מצרימה שבעים
(232813, 66, 4);30;ל;71509;(1, 46, 28, 28, 71509);18910;(1, 46, 28, 8, 18910);לפניו;1;8;ואת יהודה שלח לפניו אל יוסף להורת לפניו גשנה ויבאו ארצה גשן
(232813, 66, 4);6;ו;71575;(1, 46, 29, 46, 71575);18925;(1, 46, 29, 11, 18925);ויפל;1;11;ויאסר יוסף מרכבתו ויעל לקראת ישראל אביו גשנה וירא אליו ויפל על צואריו ויבך על צואריו עוד
(232813, 66, 4);20;ך;71641;(1, 46, 30, 40, 71641);18941;(1, 46, 30, 10, 18941);פניך;4;10;ויאמר ישראל אל יוסף אמותה הפעם אחרי ראותי את פניך כי עודך חי
(232813, 66, 4);2;ב;71707;(1, 46, 31, 58, 71707);18959;(1, 46, 31, 15, 18959);אבי;2;15;ויאמר יוסף אל אחיו ואל בית אביו אעלה ואגידה לפרעה ואמרה אליו אחי ובית אבי אשר בארץ כנען באו אלי
(232813, 66, 4);10;י;71773;(1, 46, 32, 48, 71773);18977;(1, 46, 32, 13, 18977);הביאו;3;13;והאנשים רעי צאן כי אנשי מקנה היו וצאנם ובקרם וכל אשר להם הביאו
(232813, 66, 4);400;ת;71839;(1, 46, 34, 35, 71839);18993;(1, 46, 34, 8, 18993);עתה;2;8;ואמרתם אנשי מקנה היו עבדיך מנעורינו ועד עתה גם אנחנו גם אבתינו בעבור תשבו בארץ גשן כי תועבת מצרים כל רעה צאן
(232813, 66, 4);80;פ;71905;(1, 47, 1, 14, 71905);19011;(1, 47, 1, 4, 19011);לפרעה;2;4;ויבא יוסף ויגד לפרעה ויאמר אבי ואחי וצאנם ובקרם וכל אשר להם באו מארץ כנען והנם בארץ גשן
(232813, 66, 4);30;ל;71971;(1, 47, 2, 10, 71971);19028;(1, 47, 2, 3, 19028);לקח;1;3;ומקצה אחיו לקח חמשה אנשים ויצגם לפני פרעה
(232813, 66, 4);70;ע;72037;(1, 47, 3, 42, 72037);19045;(1, 47, 3, 12, 19045);עבדיך;1;12;ויאמר פרעה אל אחיו מה מעשיכם ויאמרו אל פרעה רעה צאן עבדיך גם אנחנו גם אבותינו
(232813, 66, 4);20;ך;72103;(1, 47, 4, 46, 72103);19061;(1, 47, 4, 12, 19061);לעבדיך;6;12;ויאמרו אל פרעה לגור בארץ באנו כי אין מרעה לצאן אשר לעבדיך כי כבד הרעב בארץ כנען ועתה ישבו נא עבדיך בארץ גשן
(232813, 66, 4);10;י;72169;(1, 47, 5, 27, 72169);19079;(1, 47, 5, 7, 19079);ואחיך;4;7;ויאמר פרעה אל יוסף לאמר אביך ואחיך באו אליך
(232813, 66, 4);4;ד;72235;(1, 47, 6, 58, 72235);19097;(1, 47, 6, 16, 19097);ידעת;2;16;ארץ מצרים לפניך הוא במיטב הארץ הושב את אביך ואת אחיך ישבו בארץ גשן ואם ידעת ויש בם אנשי חיל ושמתם שרי מקנה על אשר לי
(232813, 66, 4);5;ה;72301;(1, 47, 7, 33, 72301);19115;(1, 47, 7, 8, 19115);פרעה;4;8;ויבא יוסף את יעקב אביו ויעמדהו לפני פרעה ויברך יעקב את פרעה
(232813, 66, 4);3;ג;72367;(1, 47, 9, 23, 72367);19134;(1, 47, 9, 7, 19134);מגורי;2;7;ויאמר יעקב אל פרעה ימי שני מגורי שלשים ומאת שנה מעט ורעים היו ימי שני חיי ולא השיגו את ימי שני חיי אבתי בימי מגוריהם
(232813, 66, 4);200;ר;72433;(1, 47, 9, 89, 72433);19152;(1, 47, 9, 25, 19152);מגוריהם;4;25;ויאמר יעקב אל פרעה ימי שני מגורי שלשים ומאת שנה מעט ורעים היו ימי שני חיי ולא השיגו את ימי שני חיי אבתי בימי מגוריהם
(232813, 66, 4);1;א;72499;(1, 47, 11, 35, 72499);19169;(1, 47, 11, 10, 19169);בארץ;2;10;ויושב יוסף את אביו ואת אחיו ויתן להם אחזה בארץ מצרים במיטב הארץ בארץ רעמסס כאשר צוה פרעה
(232813, 66, 4);10;י;72565;(1, 47, 12, 30, 72565);19186;(1, 47, 12, 9, 19186);בית;2;9;ויכלכל יוסף את אביו ואת אחיו ואת כל בית אביו לחם לפי הטף
(232813, 66, 4);200;ר;72631;(1, 47, 13, 52, 72631);19205;(1, 47, 13, 15, 19205);הרעב;2;15;ולחם אין בכל הארץ כי כבד הרעב מאד ותלה ארץ מצרים וארץ כנען מפני הרעב
(232813, 66, 4);400;ת;72697;(1, 47, 14, 64, 72697);19222;(1, 47, 14, 17, 19222);את;2;17;וילקט יוסף את כל הכסף הנמצא בארץ מצרים ובארץ כנען בשבר אשר הם שברים ויבא יוסף את הכסף ביתה פרעה
(232813, 66, 4);6;ו;72763;(1, 47, 15, 54, 72763);19239;(1, 47, 15, 14, 19239);לנו;3;14;ויתם הכסף מארץ מצרים ומארץ כנען ויבאו כל מצרים אל יוסף לאמר הבה לנו לחם ולמה נמות נגדך כי אפס כסף
(232813, 66, 4);10;י;72829;(1, 47, 17, 2, 72829);19257;(1, 47, 17, 1, 19257);ויביאו;2;1;ויביאו את מקניהם אל יוסף ויתן להם יוסף לחם בסוסים ובמקנה הצאן ובמקנה הבקר ובחמרים וינהלם בלחם בכל מקנהם בשנה ההוא
(232813, 66, 4);6;ו;72895;(1, 47, 17, 68, 72895);19272;(1, 47, 17, 16, 19272);וינהלם;1;16;ויביאו את מקניהם אל יוסף ויתן להם יוסף לחם בסוסים ובמקנה הצאן ובמקנה הבקר ובחמרים וינהלם בלחם בכל מקנהם בשנה ההוא
(232813, 66, 4);50;נ;72961;(1, 47, 18, 41, 72961);19288;(1, 47, 18, 11, 19288);נכחד;1;11;ותתם השנה ההוא ויבאו אליו בשנה השנית ויאמרו לו לא נכחד מאדני כי אם תם הכסף ומקנה הבהמה אל אדני לא נשאר לפני אדני בלתי אם גויתנו ואדמתנו
(232813, 66, 4);50;נ;73027;(1, 47, 18, 107, 73027);19305;(1, 47, 18, 28, 19305);ואדמתנו;6;28;ותתם השנה ההוא ויבאו אליו בשנה השנית ויאמרו לו לא נכחד מאדני כי אם תם הכסף ומקנה הבהמה אל אדני לא נשאר לפני אדני בלתי אם גויתנו ואדמתנו
(232813, 66, 4);6;ו;73093;(1, 47, 19, 65, 73093);19320;(1, 47, 19, 15, 19320);ואדמתנו;7;15;למה נמות לעיניך גם אנחנו גם אדמתנו קנה אתנו ואת אדמתנו בלחם ונהיה אנחנו ואדמתנו עבדים לפרעה ותן זרע ונחיה ולא נמות והאדמה לא תשם
(232813, 66, 4);20;כ;73159;(1, 47, 20, 27, 73159);19338;(1, 47, 20, 8, 19338);כי;1;8;ויקן יוסף את כל אדמת מצרים לפרעה כי מכרו מצרים איש שדהו כי חזק עלהם הרעב ותהי הארץ לפרעה
(232813, 66, 4);5;ה;73225;(1, 47, 21, 23, 73225);19355;(1, 47, 21, 6, 19355);מקצה;4;6;ואת העם העביר אתו לערים מקצה גבול מצרים ועד קצהו
(232813, 66, 4);50;ן;73291;(1, 47, 22, 50, 73291);19374;(1, 47, 22, 15, 19374);נתן;3;15;רק אדמת הכהנים לא קנה כי חק לכהנים מאת פרעה ואכלו את חקם אשר נתן להם פרעה על כן לא מכרו את אדמתם
(232813, 66, 4);70;ע;73357;(1, 47, 23, 42, 73357);19393;(1, 47, 23, 11, 19393);לפרעה;4;11;ויאמר יוסף אל העם הן קניתי אתכם היום ואת אדמתכם לפרעה הא לכם זרע וזרעתם את האדמה
(232813, 66, 4);7;ז;73423;(1, 47, 24, 44, 73423);19409;(1, 47, 24, 10, 19409);לזרע;2;10;והיה בתבואת ונתתם חמישית לפרעה וארבע הידת יהיה לכם לזרע השדה ולאכלכם ולאשר בבתיכם ולאכל לטפכם
(232813, 66, 4);50;נ;73489;(1, 47, 25, 32, 73489);19422;(1, 47, 25, 7, 19422);והיינו;5;7;ויאמרו החיתנו נמצא חן בעיני אדני והיינו עבדים לפרעה
(232813, 66, 4);40;ם;73555;(1, 47, 26, 55, 73555);19439;(1, 47, 26, 15, 19439);הכהנים;6;15;וישם אתה יוסף לחק עד היום הזה על אדמת מצרים לפרעה לחמש רק אדמת הכהנים לבדם לא היתה לפרעה
(232813, 66, 4);10;י;73621;(1, 47, 28, 5, 73621);19456;(1, 47, 28, 2, 19456);יעקב;1;2;ויחי יעקב בארץ מצרים שבע עשרה שנה ויהי ימי יעקב שני חייו שבע שנים וארבעים ומאת שנה
(232813, 66, 4);2;ב;73687;(1, 47, 29, 5, 73687);19472;(1, 47, 29, 1, 19472);ויקרבו;5;1;ויקרבו ימי ישראל למות ויקרא לבנו ליוסף ויאמר לו אם נא מצאתי חן בעיניך שים נא ידך תחת ירכי ועשית עמדי חסד ואמת אל נא תקברני במצרים
(232813, 66, 4);10;י;73753;(1, 47, 29, 71, 73753);19490;(1, 47, 29, 19, 19490);ירכי;4;19;ויקרבו ימי ישראל למות ויקרא לבנו ליוסף ויאמר לו אם נא מצאתי חן בעיניך שים נא ידך תחת ירכי ועשית עמדי חסד ואמת אל נא תקברני במצרים
(232813, 66, 4);100;ק;73819;(1, 47, 30, 34, 73819);19505;(1, 47, 30, 7, 19505);בקברתם;2;7;ושכבתי עם אבתי ונשאתני ממצרים וקברתני בקברתם ויאמר אנכי אעשה כדברך
(232813, 66, 4);1;א;73885;(1, 48, 1, 5, 73885);19521;(1, 48, 1, 2, 19521);אחרי;1;2;ויהי אחרי הדברים האלה ויאמר ליוסף הנה אביך חלה ויקח את שני בניו עמו את מנשה ואת אפרים
(232813, 66, 4);3;ג;73951;(1, 48, 2, 3, 73951);19538;(1, 48, 2, 1, 19538);ויגד;3;1;ויגד ליעקב ויאמר הנה בנך יוסף בא אליך ויתחזק ישראל וישב על המטה
(232813, 66, 4);300;ש;74017;(1, 48, 3, 18, 74017);19556;(1, 48, 3, 6, 19556);שדי;1;6;ויאמר יעקב אל יוסף אל שדי נראה אלי בלוז בארץ כנען ויברך אתי
(232813, 66, 4);40;ם;74083;(1, 48, 4, 37, 74083);19571;(1, 48, 4, 8, 19571);עמים;4;8;ויאמר אלי הנני מפרך והרביתך ונתתיך לקהל עמים ונתתי את הארץ הזאת לזרעך אחריך אחזת עולם
(232813, 66, 4);1;א;74149;(1, 48, 5, 33, 74149);19588;(1, 48, 5, 9, 19588);באי;2;9;ועתה שני בניך הנולדים לך בארץ מצרים עד באי אליך מצרימה לי הם אפרים ומנשה כראובן ושמעון יהיו לי
(232813, 66, 4);20;ך;74215;(1, 48, 6, 23, 74215);19603;(1, 48, 6, 5, 19603);לך;2;5;ומולדתך אשר הולדת אחריהם לך יהיו על שם אחיהם יקראו בנחלתם
(232813, 66, 4);1;א;74281;(1, 48, 7, 42, 74281);19621;(1, 48, 7, 12, 19621);ארץ;1;12;ואני בבאי מפדן מתה עלי רחל בארץ כנען בדרך בעוד כברת ארץ לבא אפרתה ואקברה שם בדרך אפרת הוא בית לחם
(232813, 66, 4);1;א;74347;(1, 48, 9, 3, 74347);19639;(1, 48, 9, 1, 19639);ויאמר;3;1;ויאמר יוסף אל אביו בני הם אשר נתן לי אלהים בזה ויאמר קחם נא אלי ואברכם
(232813, 66, 4);6;ו;74413;(1, 48, 10, 14, 74413);19657;(1, 48, 10, 3, 19657);כבדו;4;3;ועיני ישראל כבדו מזקן לא יוכל לראות ויגש אתם אליו וישק להם ויחבק להם
(232813, 66, 4);1;א;74479;(1, 48, 11, 25, 74479);19675;(1, 48, 11, 7, 19675);לא;2;7;ויאמר ישראל אל יוסף ראה פניך לא פללתי והנה הראה אתי אלהים גם את זרעך
(232813, 66, 4);10;י;74545;(1, 48, 13, 2, 74545);19692;(1, 48, 13, 1, 19692);ויקח;2;1;ויקח יוסף את שניהם את אפרים בימינו משמאל ישראל ואת מנשה בשמאלו מימין ישראל ויגש אליו
(232813, 66, 4);10;י;74611;(1, 48, 13, 68, 74611);19707;(1, 48, 13, 16, 19707);אליו;3;16;ויקח יוסף את שניהם את אפרים בימינו משמאל ישראל ואת מנשה בשמאלו מימין ישראל ויגש אליו
(232813, 66, 4);10;י;74677;(1, 48, 14, 65, 74677);19725;(1, 48, 14, 18, 19725);ידיו;3;18;וישלח ישראל את ימינו וישת על ראש אפרים והוא הצעיר ואת שמאלו על ראש מנשה שכל את ידיו כי מנשה הבכור
(232813, 66, 4);5;ה;74743;(1, 48, 15, 54, 74743);19740;(1, 48, 15, 12, 19740);האלהים;4;12;ויברך את יוסף ויאמר האלהים אשר התהלכו אבתי לפניו אברהם ויצחק האלהים הרעה אתי מעודי עד היום הזה
(232813, 66, 4);40;ם;74809;(1, 48, 16, 43, 74809);19758;(1, 48, 16, 12, 19758);ושם;3;12;המלאך הגאל אתי מכל רע יברך את הנערים ויקרא בהם שמי ושם אבתי אברהם ויצחק וידגו לרב בקרב הארץ
(232813, 66, 4);6;ו;74875;(1, 48, 17, 36, 74875);19776;(1, 48, 17, 11, 19776);וירע;1;11;וירא יוסף כי ישית אביו יד ימינו על ראש אפרים וירע בעיניו ויתמך יד אביו להסיר אתה מעל ראש אפרים על ראש מנשה
(232813, 66, 4);20;כ;74941;(1, 48, 18, 18, 74941);19794;(1, 48, 18, 6, 19794);כן;1;6;ויאמר יוסף אל אביו לא כן אבי כי זה הבכר שים ימינך על ראשו
(232813, 66, 4);6;ו;75007;(1, 48, 19, 40, 75007);19813;(1, 48, 19, 11, 19813);וגם;1;11;וימאן אביו ויאמר ידעתי בני ידעתי גם הוא יהיה לעם וגם הוא יגדל ואולם אחיו הקטן יגדל ממנו וזרעו יהיה מלא הגוים
(232813, 66, 4);200;ר;75073;(1, 48, 20, 19, 75073);19828;(1, 48, 20, 4, 19828);לאמור;5;4;ויברכם ביום ההוא לאמור בך יברך ישראל לאמר ישמך אלהים כאפרים וכמנשה וישם את אפרים לפני מנשה
(232813, 66, 4);1;א;75139;(1, 48, 21, 11, 75139);19844;(1, 48, 21, 3, 19844);אל;1;3;ויאמר ישראל אל יוסף הנה אנכי מת והיה אלהים עמכם והשיב אתכם אל ארץ אבתיכם
(232813, 66, 4);1;א;75205;(1, 48, 22, 19, 75205);19863;(1, 48, 22, 7, 19863);אחיך;1;7;ואני נתתי לך שכם אחד על אחיך אשר לקחתי מיד האמרי בחרבי ובקשתי
(232813, 66, 4);400;ת;75271;(1, 49, 1, 36, 75271);19878;(1, 49, 1, 9, 19878);את;2;9;ויקרא יעקב אל בניו ויאמר האספו ואגידה לכם את אשר יקרא אתכם באחרית הימים
(232813, 66, 4);1;א;75337;(1, 49, 3, 10, 75337);19894;(1, 49, 3, 3, 19894);אתה;1;3;ראובן בכרי אתה כחי וראשית אוני יתר שאת ויתר עז
(232813, 66, 4);10;י;75403;(1, 49, 4, 39, 75403);19912;(1, 49, 4, 11, 19912);יצועי;5;11;פחז כמים אל תותר כי עלית משכבי אביך אז חללת יצועי עלה
(232813, 66, 4);6;ו;75469;(1, 49, 6, 37, 75469);19930;(1, 49, 6, 11, 19930);הרגו;4;11;בסדם אל תבא נפשי בקהלם אל תחד כבדי כי באפם הרגו איש וברצנם עקרו שור
(232813, 66, 4);5;ה;75535;(1, 49, 8, 5, 75535);19946;(1, 49, 8, 1, 19946);יהודה;5;1;יהודה אתה יודוך אחיך ידך בערף איביך ישתחוו לך בני אביך
(232813, 66, 4);200;ר;75601;(1, 49, 9, 27, 75601);19964;(1, 49, 9, 8, 19964);רבץ;1;8;גור אריה יהודה מטרף בני עלית כרע רבץ כאריה וכלביא מי יקימנו
(232813, 66, 4);100;ק;75667;(1, 49, 10, 45, 75667);19981;(1, 49, 10, 13, 19981);יקהת;2;13;לא יסור שבט מיהודה ומחקק מבין רגליו עד כי יבא שילה ולו יקהת עמים
(232813, 66, 4);40;ם;75733;(1, 49, 12, 11, 75733);19996;(1, 49, 12, 2, 19996);עינים;5;2;חכלילי עינים מיין ולבן שנים מחלב
(232813, 66, 4);3;ג;75799;(1, 49, 14, 9, 75799);20013;(1, 49, 14, 3, 20013);גרם;1;3;יששכר חמר גרם רבץ בין המשפתים
(232813, 66, 4);4;ד;75865;(1, 49, 16, 4, 75865);20032;(1, 49, 16, 2, 20032);ידין;2;2;דן ידין עמו כאחד שבטי ישראל
(232813, 66, 4);200;ר;75931;(1, 49, 17, 48, 75931);20050;(1, 49, 17, 14, 20050);אחור;4;14;יהי דן נחש עלי דרך שפיפן עלי ארח הנשך עקבי סוס ויפל רכבו אחור
(232813, 66, 4);50;נ;75997;(1, 49, 21, 1, 75997);20067;(1, 49, 21, 1, 20067);נפתלי;1;1;נפתלי אילה שלחה הנתן אמרי שפר
(232813, 66, 4);200;ר;76063;(1, 49, 23, 9, 76063);20085;(1, 49, 23, 2, 20085);ורבו;2;2;וימררהו ורבו וישטמהו בעלי חצים
(232813, 66, 4);300;ש;76129;(1, 49, 24, 49, 76129);20101;(1, 49, 24, 13, 20101);ישראל;2;13;ותשב באיתן קשתו ויפזו זרעי ידיו מידי אביר יעקב משם רעה אבן ישראל
(232813, 66, 4);40;ם;76195;(1, 49, 25, 63, 76195);20117;(1, 49, 25, 16, 20117);ורחם;4;16;מאל אביך ויעזרך ואת שדי ויברכך ברכת שמים מעל ברכת תהום רבצת תחת ברכת שדים ורחם
(232813, 66, 4);10;י;76261;(1, 49, 27, 3, 76261);20134;(1, 49, 27, 1, 20134);בנימין;3;1;בנימין זאב יטרף בבקר יאכל עד ולערב יחלק שלל
(232813, 66, 4);40;ם;76327;(1, 49, 28, 34, 76327);20152;(1, 49, 28, 10, 20152);להם;3;10;כל אלה שבטי ישראל שנים עשר וזאת אשר דבר להם אביהם ויברך אותם איש אשר כברכתו ברך אתם
(232813, 66, 4);1;א;76393;(1, 49, 29, 34, 76393);20170;(1, 49, 29, 10, 20170);אתי;1;10;ויצו אותם ויאמר אלהם אני נאסף אל עמי קברו אתי אל אבתי אל המערה אשר בשדה עפרון החתי
(232813, 66, 4);20;כ;76459;(1, 49, 30, 35, 76459);20188;(1, 49, 30, 10, 20188);כנען;1;10;במערה אשר בשדה המכפלה אשר על פני ממרא בארץ כנען אשר קנה אברהם את השדה מאת עפרן החתי לאחזת קבר
(232813, 66, 4);5;ה;76525;(1, 49, 31, 27, 76525);20206;(1, 49, 31, 8, 20206);שמה;3;8;שמה קברו את אברהם ואת שרה אשתו שמה קברו את יצחק ואת רבקה אשתו ושמה קברתי את לאה
(232813, 66, 4);30;ל;76591;(1, 49, 33, 4, 76591);20225;(1, 49, 33, 1, 20225);ויכל;4;1;ויכל יעקב לצות את בניו ויאסף רגליו אל המטה ויגוע ויאסף אל עמיו
(232813, 66, 4);2;ב;76657;(1, 50, 1, 20, 76657);20243;(1, 50, 1, 6, 20243);ויבך;3;6;ויפל יוסף על פני אביו ויבך עליו וישק לו
(232813, 66, 4);40;מ;76723;(1, 50, 3, 3, 76723);20260;(1, 50, 3, 1, 20260);וימלאו;3;1;וימלאו לו ארבעים יום כי כן ימלאו ימי החנטים ויבכו אתו מצרים שבעים יום
(232813, 66, 4);400;ת;76789;(1, 50, 4, 13, 76789);20276;(1, 50, 4, 3, 20276);בכיתו;4;3;ויעברו ימי בכיתו וידבר יוסף אל בית פרעה לאמר אם נא מצאתי חן בעיניכם דברו נא באזני פרעה לאמר
(232813, 66, 4);2;ב;76855;(1, 50, 5, 6, 76855);20294;(1, 50, 5, 2, 20294);השביעני;3;2;אבי השביעני לאמר הנה אנכי מת בקברי אשר כריתי לי בארץ כנען שמה תקברני ועתה אעלה נא ואקברה את אבי ואשובה
(232813, 66, 4);1;א;76921;(1, 50, 5, 72, 76921);20311;(1, 50, 5, 19, 20311);את;1;19;אבי השביעני לאמר הנה אנכי מת בקברי אשר כריתי לי בארץ כנען שמה תקברני ועתה אעלה נא ואקברה את אבי ואשובה
(232813, 66, 4);1;א;76987;(1, 50, 7, 24, 76987);20328;(1, 50, 7, 7, 20328);אתו;1;7;ויעל יוסף לקבר את אביו ויעלו אתו כל עבדי פרעה זקני ביתו וכל זקני ארץ מצרים
(232813, 66, 4);1;א;77053;(1, 50, 8, 31, 77053);20346;(1, 50, 8, 9, 20346);וצאנם;3;9;וכל בית יוסף ואחיו ובית אביו רק טפם וצאנם ובקרם עזבו בארץ גשן
(232813, 66, 4);4;ד;77119;(1, 50, 10, 14, 77119);20364;(1, 50, 10, 4, 20364);האטד;4;4;ויבאו עד גרן האטד אשר בעבר הירדן ויספדו שם מספד גדול וכבד מאד ויעש לאביו אבל שבעת ימים
(232813, 66, 4);200;ר;77185;(1, 50, 11, 11, 77185);20381;(1, 50, 11, 3, 20381);הארץ;3;3;וירא יושב הארץ הכנעני את האבל בגרן האטד ויאמרו אבל כבד זה למצרים על כן קרא שמה אבל מצרים אשר בעבר הירדן
(232813, 66, 4);200;ר;77251;(1, 50, 11, 77, 77251);20399;(1, 50, 11, 21, 20399);בעבר;4;21;וירא יושב הארץ הכנעני את האבל בגרן האטד ויאמרו אבל כבד זה למצרים על כן קרא שמה אבל מצרים אשר בעבר הירדן
(232813, 66, 4);80;פ;77317;(1, 50, 13, 41, 77317);20416;(1, 50, 13, 10, 20416);המכפלה;4;10;וישאו אתו בניו ארצה כנען ויקברו אתו במערת שדה המכפלה אשר קנה אברהם את השדה לאחזת קבר מאת עפרן החתי על פני ממרא
(232813, 66, 4);1;א;77383;(1, 50, 14, 19, 77383);20434;(1, 50, 14, 5, 20434);ואחיו;2;5;וישב יוסף מצרימה הוא ואחיו וכל העלים אתו לקבר את אביו אחרי קברו את אביו
(232813, 66, 4);30;ל;77449;(1, 50, 15, 28, 77449);20452;(1, 50, 15, 8, 20452);לו;1;8;ויראו אחי יוסף כי מת אביהם ויאמרו לו ישטמנו יוסף והשב ישיב לנו את כל הרעה אשר גמלנו אתו
(232813, 66, 4);50;נ;77515;(1, 50, 16, 25, 77515);20470;(1, 50, 16, 7, 20470);לפני;3;7;ויצוו אל יוסף לאמר אביך צוה לפני מותו לאמר
(232813, 66, 4);4;ד;77581;(1, 50, 17, 57, 77581);20489;(1, 50, 17, 17, 20489);עבדי;3;17;כה תאמרו ליוסף אנא שא נא פשע אחיך וחטאתם כי רעה גמלוך ועתה שא נא לפשע עבדי אלהי אביך ויבך יוסף בדברם אליו
(232813, 66, 4);6;ו;77647;(1, 50, 19, 1, 77647);20505;(1, 50, 19, 1, 20505);ויאמר;1;1;ויאמר אלהם יוסף אל תיראו כי התחת אלהים אני
(232813, 66, 4);70;ע;77713;(1, 50, 20, 33, 77713);20522;(1, 50, 20, 9, 20522);עשה;1;9;ואתם חשבתם עלי רעה אלהים חשבה לטבה למען עשה כיום הזה להחית עם רב
(232813, 66, 4);30;ל;77779;(1, 50, 21, 48, 77779);20540;(1, 50, 21, 13, 20540);לבם;1;13;ועתה אל תיראו אנכי אכלכל אתכם ואת טפכם וינחם אותם וידבר על לבם
(232813, 66, 4);300;ש;77845;(1, 50, 23, 20, 77845);20556;(1, 50, 23, 5, 20556);שלשים;3;5;וירא יוסף לאפרים בני שלשים גם בני מכיר בן מנשה ילדו על ברכי יוסף
(232813, 66, 4);1;א;77911;(1, 50, 24, 35, 77911);20575;(1, 50, 24, 10, 20575);אתכם;1;10;ויאמר יוסף אל אחיו אנכי מת ואלהים פקד יפקד אתכם והעלה אתכם מן הארץ הזאת אל הארץ אשר נשבע לאברהם ליצחק וליעקב
(232813, 66, 4);10;י;77977;(1, 50, 25, 14, 77977);20591;(1, 50, 25, 4, 20591);בני;3;4;וישבע יוסף את בני ישראל לאמר פקד יפקד אלהים אתכם והעלתם את עצמתי מזה
(232813, 66, 4);50;נ;78043;(1, 50, 26, 25, 78043);20608;(1, 50, 26, 7, 20608);ויחנטו;4;7;וימת יוסף בן מאה ועשר שנים ויחנטו אתו ויישם בארון במצרים
(232813, 66, 4);200;ר;78109;(2, 1, 2, 1, 78109);20624;(2, 1, 2, 1, 20624);ראובן;1;1;ראובן שמעון לוי ויהודה
(232813, 66, 4);70;ע;78175;(2, 1, 5, 18, 78175);20640;(2, 1, 5, 6, 20640);יעקב;2;6;ויהי כל נפש יצאי ירך יעקב שבעים נפש ויוסף היה במצרים
(232813, 66, 4);200;ר;78241;(2, 1, 7, 16, 78241);20656;(2, 1, 7, 4, 20656);וישרצו;4;4;ובני ישראל פרו וישרצו וירבו ויעצמו במאד מאד ותמלא הארץ אתם
(232813, 66, 4);1;א;78307;(2, 1, 9, 3, 78307);20674;(2, 1, 9, 1, 20674);ויאמר;3;1;ויאמר אל עמו הנה עם בני ישראל רב ועצום ממנו
(232813, 66, 4);6;ו;78373;(2, 1, 10, 35, 78373);20693;(2, 1, 10, 10, 20693);ונוסף;1;10;הבה נתחכמה לו פן ירבה והיה כי תקראנה מלחמה ונוסף גם הוא על שנאינו ונלחם בנו ועלה מן הארץ
(232813, 66, 4);40;ם;78439;(2, 1, 11, 31, 78439);20709;(2, 1, 11, 7, 20709);בסבלתם;6;7;וישימו עליו שרי מסים למען ענתו בסבלתם ויבן ערי מסכנות לפרעה את פתם ואת רעמסס
(232813, 66, 4);2;ב;78505;(2, 1, 12, 35, 78505);20727;(2, 1, 12, 10, 20727);בני;1;10;וכאשר יענו אתו כן ירבה וכן יפרץ ויקצו מפני בני ישראל
(232813, 66, 4);2;ב;78571;(2, 1, 14, 34, 78571);20742;(2, 1, 14, 8, 20742);ובכל;2;8;וימררו את חייהם בעבדה קשה בחמר ובלבנים ובכל עבדה בשדה את כל עבדתם אשר עבדו בהם בפרך
(232813, 66, 4);8;ח;78637;(2, 1, 15, 33, 78637);20759;(2, 1, 15, 8, 20759);האחת;3;8;ויאמר מלך מצרים למילדת העברית אשר שם האחת שפרה ושם השנית פועה
(232813, 66, 4);6;ו;78703;(2, 1, 16, 49, 78703);20775;(2, 1, 16, 12, 20775);אתו;3;12;ויאמר בילדכן את העבריות וראיתן על האבנים אם בן הוא והמתן אתו ואם בת הוא וחיה
(232813, 66, 4);400;ת;78769;(2, 1, 17, 54, 78769);20792;(2, 1, 17, 13, 20792);את;2;13;ותיראן המילדת את האלהים ולא עשו כאשר דבר אליהן מלך מצרים ותחיין את הילדים
(232813, 66, 4);1;א;78835;(2, 1, 19, 3, 78835);20807;(2, 1, 19, 1, 20807);ותאמרן;3;1;ותאמרן המילדת אל פרעה כי לא כנשים המצרית העברית כי חיות הנה בטרם תבוא אלהן המילדת וילדו
(232813, 66, 4);30;ל;78901;(2, 1, 19, 69, 78901);20823;(2, 1, 19, 17, 20823);וילדו;3;17;ותאמרן המילדת אל פרעה כי לא כנשים המצרית העברית כי חיות הנה בטרם תבוא אלהן המילדת וילדו
(232813, 66, 4);2;ב;78967;(2, 1, 21, 32, 78967);20839;(2, 1, 21, 9, 20839);בתים;1;9;ויהי כי יראו המילדת את האלהים ויעש להם בתים
(232813, 66, 4);30;ל;79033;(2, 2, 1, 12, 79033);20856;(2, 2, 1, 4, 20856);לוי;1;4;וילך איש מבית לוי ויקח את בת לוי
(232813, 66, 4);70;ע;79099;(2, 2, 3, 8, 79099);20875;(2, 2, 3, 3, 20875);עוד;1;3;ולא יכלה עוד הצפינו ותקח לו תבת גמא ותחמרה בחמר ובזפת ותשם בה את הילד ותשם בסוף על שפת היאר
(232813, 66, 4);400;ת;79165;(2, 2, 4, 2, 79165);20893;(2, 2, 4, 1, 20893);ותתצב;2;1;ותתצב אחתו מרחק לדעה מה יעשה לו
(232813, 66, 4);1;א;79231;(2, 2, 5, 43, 79231);20911;(2, 2, 5, 12, 20911);ותרא;4;12;ותרד בת פרעה לרחץ על היאר ונערתיה הלכת על יד היאר ותרא את התבה בתוך הסוף ותשלח את אמתה ותקחה
(232813, 66, 4);6;ו;79297;(2, 2, 6, 36, 79297);20928;(2, 2, 6, 9, 20928);עליו;4;9;ותפתח ותראהו את הילד והנה נער בכה ותחמל עליו ותאמר מילדי העברים זה
(232813, 66, 4);10;י;79363;(2, 2, 7, 48, 79363);20945;(2, 2, 7, 13, 20945);ותינק;3;13;ותאמר אחתו אל בת פרעה האלך וקראתי לך אשה מינקת מן העברית ותינק לך את הילד
(232813, 66, 4);20;כ;79429;(2, 2, 9, 18, 79429);20964;(2, 2, 9, 5, 20964);היליכי;5;5;ותאמר לה בת פרעה היליכי את הילד הזה והינקהו לי ואני אתן את שכרך ותקח האשה הילד ותניקהו
(232813, 66, 4);6;ו;79495;(2, 2, 10, 15, 79495);20980;(2, 2, 10, 3, 20980);ותבאהו;6;3;ויגדל הילד ותבאהו לבת פרעה ויהי לה לבן ותקרא שמו משה ותאמר כי מן המים משיתהו
(232813, 66, 4);5;ה;79561;(2, 2, 11, 20, 79561);20998;(2, 2, 11, 5, 20998);משה;3;5;ויהי בימים ההם ויגדל משה ויצא אל אחיו וירא בסבלתם וירא איש מצרי מכה איש עברי מאחיו
(232813, 66, 4);10;י;79627;(2, 2, 12, 20, 79627);21017;(2, 2, 12, 7, 21017);איש;2;7;ויפן כה וכה וירא כי אין איש ויך את המצרי ויטמנהו בחול
(232813, 66, 4);40;מ;79693;(2, 2, 13, 44, 79693);21033;(2, 2, 13, 11, 21033);למה;2;11;ויצא ביום השני והנה שני אנשים עברים נצים ויאמר לרשע למה תכה רעך
(232813, 66, 4);40;מ;79759;(2, 2, 14, 59, 79759);21051;(2, 2, 14, 16, 21051);משה;1;16;ויאמר מי שמך לאיש שר ושפט עלינו הלהרגני אתה אמר כאשר הרגת את המצרי ויירא משה ויאמר אכן נודע הדבר
(232813, 66, 4);5;ה;79825;(2, 2, 15, 48, 79825);21068;(2, 2, 15, 13, 21068);פרעה;4;13;וישמע פרעה את הדבר הזה ויבקש להרג את משה ויברח משה מפני פרעה וישב בארץ מדין וישב על הבאר
(232813, 66, 4);30;ל;79891;(2, 2, 16, 44, 79891);21084;(2, 2, 16, 10, 21084);להשקות;1;10;ולכהן מדין שבע בנות ותבאנה ותדלנה ותמלאנה את הרהטים להשקות צאן אביהן
(232813, 66, 4);30;ל;79957;(2, 2, 18, 13, 79957);21098;(2, 2, 18, 3, 21098);רעואל;5;3;ותבאנה אל רעואל אביהן ויאמר מדוע מהרתן בא היום
(232813, 66, 4);10;י;80023;(2, 2, 19, 41, 80023);21115;(2, 2, 19, 11, 21115);וישק;2;11;ותאמרן איש מצרי הצילנו מיד הרעים וגם דלה דלה לנו וישק את הצאן
(232813, 66, 4);400;ת;80089;(2, 2, 21, 12, 80089);21133;(2, 2, 21, 3, 21133);לשבת;4;3;ויואל משה לשבת את האיש ויתן את צפרה בתו למשה
(232813, 66, 4);10;י;80155;(2, 2, 23, 2, 80155);21153;(2, 2, 23, 1, 21153);ויהי;2;1;ויהי בימים הרבים ההם וימת מלך מצרים ויאנחו בני ישראל מן העבדה ויזעקו ותעל שועתם אל האלהים מן העבדה
(232813, 66, 4);5;ה;80221;(2, 2, 23, 68, 80221);21169;(2, 2, 23, 17, 21169);האלהים;1;17;ויהי בימים הרבים ההם וימת מלך מצרים ויאנחו בני ישראל מן העבדה ויזעקו ותעל שועתם אל האלהים מן העבדה
(232813, 66, 4);2;ב;80287;(2, 2, 24, 54, 80287);21185;(2, 2, 24, 14, 21185);יעקב;4;14;וישמע אלהים את נאקתם ויזכר אלהים את בריתו את אברהם את יצחק ואת יעקב
(232813, 66, 4);5;ה;80353;(2, 3, 1, 38, 80353);21204;(2, 3, 1, 12, 21204);הצאן;1;12;ומשה היה רעה את צאן יתרו חתנו כהן מדין וינהג את הצאן אחר המדבר ויבא אל הר האלהים חרבה
(232813, 66, 4);50;נ;80419;(2, 3, 2, 37, 80419);21221;(2, 3, 2, 10, 21221);והנה;3;10;וירא מלאך יהוה אליו בלבת אש מתוך הסנה וירא והנה הסנה בער באש והסנה איננו אכל
(232813, 66, 4);70;ע;80485;(2, 3, 3, 42, 80485);21239;(2, 3, 3, 12, 21239);יבער;3;12;ויאמר משה אסרה נא ואראה את המראה הגדל הזה מדוע לא יבער הסנה
(232813, 66, 4);10;י;80551;(2, 3, 5, 2, 80551);21256;(2, 3, 5, 1, 21256);ויאמר;2;1;ויאמר אל תקרב הלם של נעליך מעל רגליך כי המקום אשר אתה עומד עליו אדמת קדש הוא
(232813, 66, 4);20;כ;80617;(2, 3, 6, 8, 80617);21274;(2, 3, 6, 2, 21274);אנכי;3;2;ויאמר אנכי אלהי אביך אלהי אברהם אלהי יצחק ואלהי יעקב ויסתר משה פניו כי ירא מהביט אל האלהים
(232813, 66, 4);6;ו;80683;(2, 3, 7, 1, 80683);21291;(2, 3, 7, 1, 21291);ויאמר;1;1;ויאמר יהוה ראה ראיתי את עני עמי אשר במצרים ואת צעקתם שמעתי מפני נגשיו כי ידעתי את מכאביו
(232813, 66, 4);20;כ;80749;(2, 3, 7, 67, 80749);21308;(2, 3, 7, 18, 21308);מכאביו;2;18;ויאמר יהוה ראה ראיתי את עני עמי אשר במצרים ואת צעקתם שמעתי מפני נגשיו כי ידעתי את מכאביו
(232813, 66, 4);4;ד;80815;(2, 3, 8, 62, 80815);21325;(2, 3, 8, 17, 21325);ודבש;2;17;וארד להצילו מיד מצרים ולהעלתו מן הארץ ההוא אל ארץ טובה ורחבה אל ארץ זבת חלב ודבש אל מקום הכנעני והחתי והאמרי והפרזי והחוי והיבוסי
(232813, 66, 4);1;א;80881;(2, 3, 9, 23, 80881);21340;(2, 3, 9, 7, 21340);אלי;1;7;ועתה הנה צעקת בני ישראל באה אלי וגם ראיתי את הלחץ אשר מצרים לחצים אתם
(232813, 66, 4);300;ש;80947;(2, 3, 10, 34, 80947);21358;(2, 3, 10, 10, 21358);ישראל;2;10;ועתה לכה ואשלחך אל פרעה והוצא את עמי בני ישראל ממצרים
(232813, 66, 4);40;ם;81013;(2, 3, 11, 57, 81013);21375;(2, 3, 11, 16, 21375);ממצרים;6;16;ויאמר משה אל האלהים מי אנכי כי אלך אל פרעה וכי אוציא את בני ישראל ממצרים
(232813, 66, 4);10;י;81079;(2, 3, 12, 66, 81079);21392;(2, 3, 12, 17, 21392);האלהים;5;17;ויאמר כי אהיה עמך וזה לך האות כי אנכי שלחתיך בהוציאך את העם ממצרים תעבדון את האלהים על ההר הזה
(232813, 66, 4);30;ל;81145;(2, 3, 13, 57, 81145);21410;(2, 3, 13, 15, 21410);שלחני;2;15;ויאמר משה אל האלהים הנה אנכי בא אל בני ישראל ואמרתי להם אלהי אבותיכם שלחני אליכם ואמרו לי מה שמו מה אמר אלהם
(232813, 66, 4);200;ר;81211;(2, 3, 14, 37, 81211);21428;(2, 3, 14, 10, 21428);תאמר;4;10;ויאמר אלהים אל משה אהיה אשר אהיה ויאמר כה תאמר לבני ישראל אהיה שלחני אליכם
(232813, 66, 4);1;א;81277;(2, 3, 15, 43, 81277);21446;(2, 3, 15, 13, 21446);אבתיכם;1;13;ויאמר עוד אלהים אל משה כה תאמר אל בני ישראל יהוה אלהי אבתיכם אלהי אברהם אלהי יצחק ואלהי יעקב שלחני אליכם זה שמי לעלם וזה זכרי לדר דר
(232813, 66, 4);1;א;81343;(2, 3, 16, 4, 81343);21463;(2, 3, 16, 2, 21463);ואספת;2;2;לך ואספת את זקני ישראל ואמרת אלהם יהוה אלהי אבתיכם נראה אלי אלהי אברהם יצחק ויעקב לאמר פקד פקדתי אתכם ואת העשוי לכם במצרים
(232813, 66, 4);200;ר;81409;(2, 3, 16, 70, 81409);21478;(2, 3, 16, 17, 21478);לאמר;4;17;לך ואספת את זקני ישראל ואמרת אלהם יהוה אלהי אבתיכם נראה אלי אלהי אברהם יצחק ויעקב לאמר פקד פקדתי אתכם ואת העשוי לכם במצרים
(232813, 66, 4);10;י;81475;(2, 3, 17, 37, 81475);21494;(2, 3, 17, 9, 21494);והחתי;5;9;ואמר אעלה אתכם מעני מצרים אל ארץ הכנעני והחתי והאמרי והפרזי והחוי והיבוסי אל ארץ זבת חלב ודבש
(232813, 66, 4);1;א;81541;(2, 3, 18, 27, 81541);21510;(2, 3, 18, 7, 21510);אל;1;7;ושמעו לקלך ובאת אתה וזקני ישראל אל מלך מצרים ואמרתם אליו יהוה אלהי העבריים נקרה עלינו ועתה נלכה נא דרך שלשת ימים במדבר ונזבחה ליהוה אלהינו
(232813, 66, 4);40;מ;81607;(2, 3, 18, 93, 81607);21526;(2, 3, 18, 23, 21526);במדבר;2;23;ושמעו לקלך ובאת אתה וזקני ישראל אל מלך מצרים ואמרתם אליו יהוה אלהי העבריים נקרה עלינו ועתה נלכה נא דרך שלשת ימים במדבר ונזבחה ליהוה אלהינו
(232813, 66, 4);8;ח;81673;(2, 3, 20, 4, 81673);21542;(2, 3, 20, 1, 21542);ושלחתי;4;1;ושלחתי את ידי והכיתי את מצרים בכל נפלאתי אשר אעשה בקרבו ואחרי כן ישלח אתכם
(232813, 66, 4);5;ה;81739;(2, 3, 21, 10, 81739);21560;(2, 3, 21, 4, 21560);העם;1;4;ונתתי את חן העם הזה בעיני מצרים והיה כי תלכון לא תלכו ריקם
(232813, 66, 4);6;ו;81805;(2, 3, 22, 30, 81805);21577;(2, 3, 22, 8, 21577);וכלי;1;8;ושאלה אשה משכנתה ומגרת ביתה כלי כסף וכלי זהב ושמלת ושמתם על בניכם ועל בנתיכם ונצלתם את מצרים
(232813, 66, 4);10;י;81871;(2, 4, 1, 21, 81871);21593;(2, 4, 1, 6, 21593);יאמינו;4;6;ויען משה ויאמר והן לא יאמינו לי ולא ישמעו בקלי כי יאמרו לא נראה אליך יהוה
(232813, 66, 4);6;ו;81937;(2, 4, 3, 1, 81937);21611;(2, 4, 3, 1, 21611);ויאמר;1;1;ויאמר השליכהו ארצה וישלכהו ארצה ויהי לנחש וינס משה מפניו
(232813, 66, 4);20;ך;82003;(2, 4, 4, 20, 82003);21626;(2, 4, 4, 6, 21626);ידך;3;6;ויאמר יהוה אל משה שלח ידך ואחז בזנבו וישלח ידו ויחזק בו ויהי למטה בכפו
(232813, 66, 4);2;ב;82069;(2, 4, 5, 30, 82069);21643;(2, 4, 5, 8, 21643);אבתם;2;8;למען יאמינו כי נראה אליך יהוה אלהי אבתם אלהי אברהם אלהי יצחק ואלהי יעקב
(232813, 66, 4);100;ק;82135;(2, 4, 6, 38, 82135);21660;(2, 4, 6, 11, 21660);בחיקו;4;11;ויאמר יהוה לו עוד הבא נא ידך בחיקך ויבא ידו בחיקו ויוצאה והנה ידו מצרעת כשלג
(232813, 66, 4);5;ה;82201;(2, 4, 7, 43, 82201);21677;(2, 4, 7, 12, 21677);והנה;2;12;ויאמר השב ידך אל חיקך וישב ידו אל חיקו ויוצאה מחיקו והנה שבה כבשרו
(232813, 66, 4);6;ו;82267;(2, 4, 9, 1, 82267);21694;(2, 4, 9, 1, 21694);והיה;1;1;והיה אם לא יאמינו גם לשני האתות האלה ולא ישמעון לקלך ולקחת ממימי היאר ושפכת היבשה והיו המים אשר תקח מן היאר והיו לדם ביבשת
(232813, 66, 4);6;ו;82333;(2, 4, 9, 67, 82333);21710;(2, 4, 9, 17, 21710);והיו;1;17;והיה אם לא יאמינו גם לשני האתות האלה ולא ישמעון לקלך ולקחת ממימי היאר ושפכת היבשה והיו המים אשר תקח מן היאר והיו לדם ביבשת
(232813, 66, 4);3;ג;82399;(2, 4, 10, 35, 82399);21729;(2, 4, 10, 11, 21729);גם;1;11;ויאמר משה אל יהוה בי אדני לא איש דברים אנכי גם מתמול גם משלשם גם מאז דברך אל עבדך כי כבד פה וכבד לשון אנכי
(232813, 66, 4);5;ה;82465;(2, 4, 11, 19, 82465);21749;(2, 4, 11, 6, 21749);פה;2;6;ויאמר יהוה אליו מי שם פה לאדם או מי ישום אלם או חרש או פקח או עור הלא אנכי יהוה
(232813, 66, 4);10;י;82531;(2, 4, 12, 25, 82531);21770;(2, 4, 12, 7, 21770);והוריתיך;5;7;ועתה לך ואנכי אהיה עם פיך והוריתיך אשר תדבר
(232813, 66, 4);6;ו;82597;(2, 4, 14, 33, 82597);21788;(2, 4, 14, 9, 21788);הלוי;3;9;ויחר אף יהוה במשה ויאמר הלא אהרן אחיך הלוי ידעתי כי דבר ידבר הוא וגם הנה הוא יצא לקראתך וראך ושמח בלבו
(232813, 66, 4);2;ב;82663;(2, 4, 15, 18, 82663);21806;(2, 4, 15, 5, 21806);הדברים;3;5;ודברת אליו ושמת את הדברים בפיו ואנכי אהיה עם פיך ועם פיהו והוריתי אתכם את אשר תעשון
(232813, 66, 4);10;י;82729;(2, 4, 16, 17, 82729);21824;(2, 4, 16, 6, 21824);והיה;3;6;ודבר הוא לך אל העם והיה הוא יהיה לך לפה ואתה תהיה לו לאלהים
(232813, 66, 4);40;מ;82795;(2, 4, 18, 5, 82795);21844;(2, 4, 18, 2, 21844);משה;1;2;וילך משה וישב אל יתר חתנו ויאמר לו אלכה נא ואשובה אל אחי אשר במצרים ואראה העודם חיים ויאמר יתרו למשה לך לשלום
(232813, 66, 4);40;מ;82861;(2, 4, 18, 71, 82861);21861;(2, 4, 18, 19, 21861);ויאמר;4;19;וילך משה וישב אל יתר חתנו ויאמר לו אלכה נא ואשובה אל אחי אשר במצרים ואראה העודם חיים ויאמר יתרו למשה לך לשלום
(232813, 66, 4);400;ת;82927;(2, 4, 19, 50, 82927);21879;(2, 4, 19, 14, 21879);את;2;14;ויאמר יהוה אל משה במדין לך שב מצרים כי מתו כל האנשים המבקשים את נפשך
(232813, 66, 4);10;י;82993;(2, 4, 20, 62, 82993);21897;(2, 4, 20, 17, 21897);האלהים;5;17;ויקח משה את אשתו ואת בניו וירכבם על החמר וישב ארצה מצרים ויקח משה את מטה האלהים בידו
(232813, 66, 4);10;י;83059;(2, 4, 21, 61, 83059);21913;(2, 4, 21, 15, 21913);לפני;4;15;ויאמר יהוה אל משה בלכתך לשוב מצרימה ראה כל המפתים אשר שמתי בידך ועשיתם לפני פרעה ואני אחזק את לבו ולא ישלח את העם
(232813, 66, 4);1;א;83125;(2, 4, 23, 5, 83125);21933;(2, 4, 23, 2, 21933);אליך;1;2;ואמר אליך שלח את בני ויעבדני ותמאן לשלחו הנה אנכי הרג את בנך בכרך
(232813, 66, 4);5;ה;83191;(2, 4, 24, 19, 83191);21949;(2, 4, 24, 4, 21949);ויפגשהו;6;4;ויהי בדרך במלון ויפגשהו יהוה ויבקש המיתו
(232813, 66, 4);5;ה;83257;(2, 4, 25, 51, 83257);21966;(2, 4, 25, 14, 21966);אתה;3;14;ותקח צפרה צר ותכרת את ערלת בנה ותגע לרגליו ותאמר כי חתן דמים אתה לי
(232813, 66, 4);80;פ;83323;(2, 4, 27, 38, 83323);21984;(2, 4, 27, 10, 21984);ויפגשהו;3;10;ויאמר יהוה אל אהרן לך לקראת משה המדברה וילך ויפגשהו בהר האלהים וישק לו
(232813, 66, 4);6;ו;83389;(2, 4, 28, 47, 83389);22002;(2, 4, 28, 14, 22002);צוהו;4;14;ויגד משה לאהרן את כל דברי יהוה אשר שלחו ואת כל האתת אשר צוהו
(232813, 66, 4);40;מ;83455;(2, 4, 30, 32, 83455);22021;(2, 4, 30, 10, 22021);משה;1;10;וידבר אהרן את כל הדברים אשר דבר יהוה אל משה ויעש האתת לעיני העם
(232813, 66, 4);100;ק;83521;(2, 4, 31, 48, 83521);22039;(2, 4, 31, 14, 22039);ויקדו;3;14;ויאמן העם וישמעו כי פקד יהוה את בני ישראל וכי ראה את ענים ויקדו וישתחוו
(232813, 66, 4);3;ג;83587;(2, 5, 1, 57, 83587);22056;(2, 5, 1, 16, 22056);ויחגו;4;16;ואחר באו משה ואהרן ויאמרו אל פרעה כה אמר יהוה אלהי ישראל שלח את עמי ויחגו לי במדבר
(232813, 66, 4);200;ר;83653;(2, 5, 2, 58, 83653);22075;(2, 5, 2, 17, 22075);ישראל;3;17;ויאמר פרעה מי יהוה אשר אשמע בקלו לשלח את ישראל לא ידעתי את יהוה וגם את ישראל לא אשלח
(232813, 66, 4);5;ה;83719;(2, 5, 3, 58, 83719);22090;(2, 5, 3, 13, 22090);ליהוה;5;13;ויאמרו אלהי העברים נקרא עלינו נלכה נא דרך שלשת ימים במדבר ונזבחה ליהוה אלהינו פן יפגענו בדבר או בחרב
(232813, 66, 4);70;ע;83785;(2, 5, 4, 42, 83785);22107;(2, 5, 4, 11, 22107);ממעשיו;3;11;ויאמר אלהם מלך מצרים למה משה ואהרן תפריעו את העם ממעשיו לכו לסבלתיכם
(232813, 66, 4);5;ה;83851;(2, 5, 6, 13, 83851);22123;(2, 5, 6, 4, 22123);ההוא;1;4;ויצו פרעה ביום ההוא את הנגשים בעם ואת שטריו לאמר
(232813, 66, 4);30;ל;83917;(2, 5, 7, 40, 83917);22140;(2, 5, 7, 11, 22140);ילכו;2;11;לא תאספון לתת תבן לעם ללבן הלבנים כתמול שלשם הם ילכו וקששו להם תבן
(232813, 66, 4);20;כ;83983;(2, 5, 8, 53, 83983);22157;(2, 5, 8, 14, 22157);כי;1;14;ואת מתכנת הלבנים אשר הם עשים תמול שלשם תשימו עליהם לא תגרעו ממנו כי נרפים הם על כן הם צעקים לאמר נלכה נזבחה לאלהינו
(232813, 66, 4);30;ל;84049;(2, 5, 9, 27, 84049);22174;(2, 5, 9, 7, 22174);ואל;3;7;תכבד העבדה על האנשים ויעשו בה ואל ישעו בדברי שקר
(232813, 66, 4);400;ת;84115;(2, 5, 10, 54, 84115);22192;(2, 5, 10, 15, 22192);תבן;1;15;ויצאו נגשי העם ושטריו ויאמרו אל העם לאמר כה אמר פרעה אינני נתן לכם תבן
(232813, 66, 4);300;ש;84181;(2, 5, 12, 21, 84181);22210;(2, 5, 12, 6, 22210);לקשש;3;6;ויפץ העם בכל ארץ מצרים לקשש קש לתבן
(232813, 66, 4);10;י;84247;(2, 5, 14, 11, 84247);22226;(2, 5, 14, 3, 22226);בני;3;3;ויכו שטרי בני ישראל אשר שמו עלהם נגשי פרעה לאמר מדוע לא כליתם חקכם ללבן כתמול שלשם גם תמול גם היום
(232813, 66, 4);6;ו;84313;(2, 5, 14, 77, 84313);22244;(2, 5, 14, 21, 22244);היום;3;21;ויכו שטרי בני ישראל אשר שמו עלהם נגשי פרעה לאמר מדוע לא כליתם חקכם ללבן כתמול שלשם גם תמול גם היום
(232813, 66, 4);30;ל;84379;(2, 5, 16, 17, 84379);22261;(2, 5, 16, 5, 22261);ולבנים;2;5;תבן אין נתן לעבדיך ולבנים אמרים לנו עשו והנה עבדיך מכים וחטאת עמך
(232813, 66, 4);40;ם;84445;(2, 5, 17, 30, 84445);22277;(2, 5, 17, 8, 22277);אמרים;5;8;ויאמר נרפים אתם נרפים על כן אתם אמרים נלכה נזבחה ליהוה
(232813, 66, 4);200;ר;84511;(2, 5, 19, 15, 84511);22294;(2, 5, 19, 4, 22294);ישראל;3;4;ויראו שטרי בני ישראל אתם ברע לאמר לא תגרעו מלבניכם דבר יום ביומו
(232813, 66, 4);40;ם;84577;(2, 5, 20, 29, 84577);22310;(2, 5, 20, 7, 22310);לקראתם;6;7;ויפגעו את משה ואת אהרן נצבים לקראתם בצאתם מאת פרעה
(232813, 66, 4);2;ב;84643;(2, 5, 21, 54, 84643);22326;(2, 5, 21, 13, 22326);ובעיני;2;13;ויאמרו אלהם ירא יהוה עליכם וישפט אשר הבאשתם את ריחנו בעיני פרעה ובעיני עבדיו לתת חרב בידם להרגנו
(232813, 66, 4);5;ה;84709;(2, 5, 22, 41, 84709);22343;(2, 5, 22, 12, 22343);זה;2;12;וישב משה אל יהוה ויאמר אדני למה הרעתה לעם הזה למה זה שלחתני
(232813, 66, 4);5;ה;84775;(2, 6, 1, 14, 84775);22362;(2, 6, 1, 4, 22362);משה;3;4;ויאמר יהוה אל משה עתה תראה אשר אעשה לפרעה כי ביד חזקה ישלחם וביד חזקה יגרשם מארצו
(232813, 66, 4);5;ה;84841;(2, 6, 2, 15, 84841);22379;(2, 6, 2, 4, 22379);משה;3;4;וידבר אלהים אל משה ויאמר אליו אני יהוה
(232813, 66, 4);6;ו;84907;(2, 6, 4, 1, 84907);22398;(2, 6, 4, 1, 22398);וגם;1;1;וגם הקמתי את בריתי אתם לתת להם את ארץ כנען את ארץ מגריהם אשר גרו בה
(232813, 66, 4);1;א;84973;(2, 6, 5, 15, 84973);22418;(2, 6, 5, 5, 22418);נאקת;2;5;וגם אני שמעתי את נאקת בני ישראל אשר מצרים מעבדים אתם ואזכר את בריתי
(232813, 66, 4);1;א;85039;(2, 6, 6, 27, 85039);22434;(2, 6, 6, 7, 22434);והוצאתי;5;7;לכן אמר לבני ישראל אני יהוה והוצאתי אתכם מתחת סבלת מצרים והצלתי אתכם מעבדתם וגאלתי אתכם בזרוע נטויה ובשפטים גדלים
(232813, 66, 4);10;י;85105;(2, 6, 6, 93, 85105);22447;(2, 6, 6, 20, 22447);גדלים;4;20;לכן אמר לבני ישראל אני יהוה והוצאתי אתכם מתחת סבלת מצרים והצלתי אתכם מעבדתם וגאלתי אתכם בזרוע נטויה ובשפטים גדלים
(232813, 66, 4);400;ת;85171;(2, 6, 7, 65, 85171);22462;(2, 6, 7, 15, 22462);מתחת;4;15;ולקחתי אתכם לי לעם והייתי לכם לאלהים וידעתם כי אני יהוה אלהיכם המוציא אתכם מתחת סבלות מצרים
(232813, 66, 4);400;ת;85237;(2, 6, 8, 56, 85237);22478;(2, 6, 8, 14, 22478);ונתתי;4;14;והבאתי אתכם אל הארץ אשר נשאתי את ידי לתת אתה לאברהם ליצחק וליעקב ונתתי אתה לכם מורשה אני יהוה
(232813, 66, 4);300;ש;85303;(2, 6, 9, 47, 85303);22497;(2, 6, 9, 14, 22497);קשה;2;14;וידבר משה כן אל בני ישראל ולא שמעו אל משה מקצר רוח ומעבדה קשה
(232813, 66, 4);5;ה;85369;(2, 6, 12, 8, 85369);22515;(2, 6, 12, 2, 22515);משה;3;2;וידבר משה לפני יהוה לאמר הן בני ישראל לא שמעו אלי ואיך ישמעני פרעה ואני ערל שפתים
(232813, 66, 4);5;ה;85435;(2, 6, 13, 9, 85435);22532;(2, 6, 13, 2, 22532);יהוה;4;2;וידבר יהוה אל משה ואל אהרן ויצום אל בני ישראל ואל פרעה מלך מצרים להוציא את בני ישראל מארץ מצרים
(232813, 66, 4);10;י;85501;(2, 6, 13, 75, 85501);22550;(2, 6, 13, 20, 22550);מצרים;4;20;וידבר יהוה אל משה ואל אהרן ויצום אל בני ישראל ואל פרעה מלך מצרים להוציא את בני ישראל מארץ מצרים
(232813, 66, 4);10;י;85567;(2, 6, 15, 4, 85567);22566;(2, 6, 15, 1, 22566);ובני;4;1;ובני שמעון ימואל וימין ואהד ויכין וצחר ושאול בן הכנענית אלה משפחת שמעון
(232813, 66, 4);10;י;85633;(2, 6, 16, 11, 85633);22581;(2, 6, 16, 3, 22581);בני;3;3;ואלה שמות בני לוי לתלדתם גרשון וקהת ומררי ושני חיי לוי שבע ושלשים ומאת שנה
(232813, 66, 4);10;י;85699;(2, 6, 17, 17, 85699);22597;(2, 6, 17, 4, 22597);ושמעי;5;4;בני גרשון לבני ושמעי למשפחתם
(232813, 66, 4);40;מ;85765;(2, 6, 19, 5, 85765);22613;(2, 6, 19, 2, 22613);מררי;1;2;ובני מררי מחלי ומושי אלה משפחת הלוי לתלדתם
(232813, 66, 4);200;ר;85831;(2, 6, 20, 36, 85831);22630;(2, 6, 20, 11, 22630);אהרן;3;11;ויקח עמרם את יוכבד דדתו לו לאשה ותלד לו את אהרן ואת משה ושני חיי עמרם שבע ושלשים ומאת שנה
(232813, 66, 4);300;ש;85897;(2, 6, 22, 12, 85897);22647;(2, 6, 22, 3, 22647);מישאל;3;3;ובני עזיאל מישאל ואלצפן וסתרי
(232813, 66, 4);400;ת;85963;(2, 6, 23, 53, 85963);22664;(2, 6, 23, 15, 22664);ואת;3;15;ויקח אהרן את אלישבע בת עמינדב אחות נחשון לו לאשה ותלד לו את נדב ואת אביהוא את אלעזר ואת איתמר
(232813, 66, 4);50;ן;86029;(2, 6, 25, 8, 86029);22679;(2, 6, 25, 2, 22679);בן;2;2;ואלעזר בן אהרן לקח לו מבנות פוטיאל לו לאשה ותלד לו את פינחס אלה ראשי אבות הלוים למשפחתם
(232813, 66, 4);1;א;86095;(2, 6, 26, 4, 86095);22697;(2, 6, 26, 2, 22697);אהרן;1;2;הוא אהרן ומשה אשר אמר יהוה להם הוציאו את בני ישראל מארץ מצרים על צבאתם
(232813, 66, 4);70;ע;86161;(2, 6, 27, 14, 86161);22714;(2, 6, 27, 4, 22714);פרעה;3;4;הם המדברים אל פרעה מלך מצרים להוציא את בני ישראל ממצרים הוא משה ואהרן
(232813, 66, 4);90;ץ;86227;(2, 6, 28, 24, 86227);22731;(2, 6, 28, 7, 22731);בארץ;4;7;ויהי ביום דבר יהוה אל משה בארץ מצרים
(232813, 66, 4);10;י;86293;(2, 6, 30, 2, 86293);22751;(2, 6, 30, 1, 22751);ויאמר;2;1;ויאמר משה לפני יהוה הן אני ערל שפתים ואיך ישמע אלי פרעה
(232813, 66, 4);30;ל;86359;(2, 7, 1, 24, 86359);22769;(2, 7, 1, 7, 22769);אלהים;2;7;ויאמר יהוה אל משה ראה נתתיך אלהים לפרעה ואהרן אחיך יהיה נביאך
(232813, 66, 4);30;ל;86425;(2, 7, 2, 40, 86425);22786;(2, 7, 2, 12, 22786);ושלח;3;12;אתה תדבר את כל אשר אצוך ואהרן אחיך ידבר אל פרעה ושלח את בני ישראל מארצו
(232813, 66, 4);10;י;86491;(2, 7, 4, 4, 86491);22804;(2, 7, 4, 2, 22804);ישמע;1;2;ולא ישמע אלכם פרעה ונתתי את ידי במצרים והוצאתי את צבאתי את עמי בני ישראל מארץ מצרים בשפטים גדלים
(232813, 66, 4);80;פ;86557;(2, 7, 4, 70, 86557);22820;(2, 7, 4, 18, 22820);בשפטים;3;18;ולא ישמע אלכם פרעה ונתתי את ידי במצרים והוצאתי את צבאתי את עמי בני ישראל מארץ מצרים בשפטים גדלים
(232813, 66, 4);40;ם;86623;(2, 7, 5, 58, 86623);22836;(2, 7, 5, 15, 22836);מתוכם;5;15;וידעו מצרים כי אני יהוה בנטתי את ידי על מצרים והוצאתי את בני ישראל מתוכם
(232813, 66, 4);4;ד;86689;(2, 7, 7, 35, 86689);22855;(2, 7, 7, 10, 22855);בדברם;2;10;ומשה בן שמנים שנה ואהרן בן שלש ושמנים שנה בדברם אל פרעה
(232813, 66, 4);200;ר;86755;(2, 7, 9, 32, 86755);22873;(2, 7, 9, 9, 22873);ואמרת;4;9;כי ידבר אלכם פרעה לאמר תנו לכם מופת ואמרת אל אהרן קח את מטך והשלך לפני פרעה יהי לתנין
(232813, 66, 4);6;ו;86821;(2, 7, 10, 31, 86821);22892;(2, 7, 10, 9, 22892);צוה;2;9;ויבא משה ואהרן אל פרעה ויעשו כן כאשר צוה יהוה וישלך אהרן את מטהו לפני פרעה ולפני עבדיו ויהי לתנין
(232813, 66, 4);30;ל;86887;(2, 7, 11, 19, 86887);22908;(2, 7, 11, 5, 22908);ולמכשפים;2;5;ויקרא גם פרעה לחכמים ולמכשפים ויעשו גם הם חרטמי מצרים בלהטיהם כן
(232813, 66, 4);9;ט;86953;(2, 7, 12, 32, 86953);22922;(2, 7, 12, 7, 22922);מטה;2;7;וישליכו איש מטהו ויהיו לתנינם ויבלע מטה אהרן את מטתם
(232813, 66, 4);5;ה;87019;(2, 7, 14, 23, 87019);22941;(2, 7, 14, 7, 22941);פרעה;4;7;ויאמר יהוה אל משה כבד לב פרעה מאן לשלח העם
(232813, 66, 4);30;ל;87085;(2, 7, 15, 56, 87085);22960;(2, 7, 15, 16, 22960);לנחש;1;16;לך אל פרעה בבקר הנה יצא המימה ונצבת לקראתו על שפת היאר והמטה אשר נהפך לנחש תקח בידך
(232813, 66, 4);200;ר;87151;(2, 7, 16, 56, 87151);22975;(2, 7, 16, 13, 22975);במדבר;5;13;ואמרת אליו יהוה אלהי העברים שלחני אליך לאמר שלח את עמי ויעבדני במדבר והנה לא שמעת עד כה
(232813, 66, 4);40;ם;87217;(2, 7, 17, 52, 87217);22996;(2, 7, 17, 16, 22996);המים;4;16;כה אמר יהוה בזאת תדע כי אני יהוה הנה אנכי מכה במטה אשר בידי על המים אשר ביאר ונהפכו לדם
(232813, 66, 4);10;י;87283;(2, 7, 19, 2, 87283);23013;(2, 7, 19, 1, 23013);ויאמר;2;1;ויאמר יהוה אל משה אמר אל אהרן קח מטך ונטה ידך על מימי מצרים על נהרתם על יאריהם ועל אגמיהם ועל כל מקוה מימיהם ויהיו דם והיה דם בכל ארץ מצרים ובעצים ובאבנים
(232813, 66, 4);10;י;87349;(2, 7, 19, 68, 87349);23032;(2, 7, 19, 20, 23032);אגמיהם;4;20;ויאמר יהוה אל משה אמר אל אהרן קח מטך ונטה ידך על מימי מצרים על נהרתם על יאריהם ועל אגמיהם ועל כל מקוה מימיהם ויהיו דם והיה דם בכל ארץ מצרים ובעצים ובאבנים
(232813, 66, 4);1;א;87415;(2, 7, 20, 12, 87415);23049;(2, 7, 20, 4, 23049);ואהרן;2;4;ויעשו כן משה ואהרן כאשר צוה יהוה וירם במטה ויך את המים אשר ביאר לעיני פרעה ולעיני עבדיו ויהפכו כל המים אשר ביאר לדם
(232813, 66, 4);30;ל;87481;(2, 7, 20, 78, 87481);23065;(2, 7, 20, 20, 23065);כל;2;20;ויעשו כן משה ואהרן כאשר צוה יהוה וירם במטה ויך את המים אשר ביאר לעיני פרעה ולעיני עבדיו ויהפכו כל המים אשר ביאר לדם
(232813, 66, 4);10;י;87547;(2, 7, 21, 52, 87547);23083;(2, 7, 21, 14, 23083);ויהי;2;14;והדגה אשר ביאר מתה ויבאש היאר ולא יכלו מצרים לשתות מים מן היאר ויהי הדם בכל ארץ מצרים
(232813, 66, 4);2;ב;87613;(2, 7, 22, 50, 87613);23100;(2, 7, 22, 13, 23100);דבר;2;13;ויעשו כן חרטמי מצרים בלטיהם ויחזק לב פרעה ולא שמע אלהם כאשר דבר יהוה
(232813, 66, 4);6;ו;87679;(2, 7, 24, 29, 87679);23118;(2, 7, 24, 7, 23118);לשתות;4;7;ויחפרו כל מצרים סביבת היאר מים לשתות כי לא יכלו לשתת ממימי היאר
(232813, 66, 4);300;ש;87745;(2, 7, 26, 13, 87745);23136;(2, 7, 26, 4, 23136);משה;2;4;ויאמר יהוה אל משה בא אל פרעה ואמרת אליו כה אמר יהוה שלח את עמי ויעבדני
(232813, 66, 4);1;א;87811;(2, 7, 27, 24, 87811);23156;(2, 7, 27, 8, 23156);את;1;8;ואם מאן אתה לשלח הנה אנכי נגף את כל גבולך בצפרדעים
(232813, 66, 4);400;ת;87877;(2, 7, 28, 50, 87877);23170;(2, 7, 28, 11, 23170);ובבית;5;11;ושרץ היאר צפרדעים ועלו ובאו בביתך ובחדר משכבך ועל מטתך ובבית עבדיך ובעמך ובתנוריך ובמשארותיך
(232813, 66, 4);6;ו;87943;(2, 8, 1, 8, 87943);23182;(2, 8, 1, 2, 23182);יהוה;3;2;ויאמר יהוה אל משה אמר אל אהרן נטה את ידך במטך על הנהרת על היארים ועל האגמים והעל את הצפרדעים על ארץ מצרים
(232813, 66, 4);70;ע;88009;(2, 8, 1, 74, 88009);23201;(2, 8, 1, 21, 23201);על;1;21;ויאמר יהוה אל משה אמר אל אהרן נטה את ידך במטך על הנהרת על היארים ועל האגמים והעל את הצפרדעים על ארץ מצרים
(232813, 66, 4);200;ר;88075;(2, 8, 3, 10, 88075);23219;(2, 8, 3, 3, 23219);החרטמים;3;3;ויעשו כן החרטמים בלטיהם ויעלו את הצפרדעים על ארץ מצרים
(232813, 66, 4);1;א;88141;(2, 8, 4, 31, 88141);23233;(2, 8, 4, 7, 23233);אל;1;7;ויקרא פרעה למשה ולאהרן ויאמר העתירו אל יהוה ויסר הצפרדעים ממני ומעמי ואשלחה את העם ויזבחו ליהוה
(232813, 66, 4);200;ר;88207;(2, 8, 5, 18, 88207);23247;(2, 8, 5, 4, 23247);התפאר;5;4;ויאמר משה לפרעה התפאר עלי למתי אעתיר לך ולעבדיך ולעמך להכרית הצפרדעים ממך ומבתיך רק ביאר תשארנה
(232813, 66, 4);200;ר;88273;(2, 8, 6, 5, 88273);23261;(2, 8, 6, 1, 23261);ויאמר;5;1;ויאמר למחר ויאמר כדברך למען תדע כי אין כיהוה אלהינו
(232813, 66, 4);6;ו;88339;(2, 8, 7, 29, 88339);23276;(2, 8, 7, 6, 23276);ומעמך;1;6;וסרו הצפרדעים ממך ומבתיך ומעבדיך ומעמך רק ביאר תשארנה
(232813, 66, 4);300;ש;88405;(2, 8, 8, 50, 88405);23293;(2, 8, 8, 14, 23293);שם;1;14;ויצא משה ואהרן מעם פרעה ויצעק משה אל יהוה על דבר הצפרדעים אשר שם לפרעה
(232813, 66, 4);40;מ;88471;(2, 8, 10, 11, 88471);23309;(2, 8, 10, 3, 23309);חמרם;2;3;ויצברו אתם חמרם חמרם ותבאש הארץ
(232813, 66, 4);6;ו;88537;(2, 8, 12, 1, 88537);23327;(2, 8, 12, 1, 23327);ויאמר;1;1;ויאמר יהוה אל משה אמר אל אהרן נטה את מטך והך את עפר הארץ והיה לכנם בכל ארץ מצרים
(232813, 66, 4);6;ו;88603;(2, 8, 13, 5, 88603);23346;(2, 8, 13, 1, 23346);ויעשו;5;1;ויעשו כן ויט אהרן את ידו במטהו ויך את עפר הארץ ותהי הכנם באדם ובבהמה כל עפר הארץ היה כנים בכל ארץ מצרים
(232813, 66, 4);2;ב;88669;(2, 8, 13, 71, 88669);23366;(2, 8, 13, 21, 23366);בכל;1;21;ויעשו כן ויט אהרן את ידו במטהו ויך את עפר הארץ ותהי הכנם באדם ובבהמה כל עפר הארץ היה כנים בכל ארץ מצרים
(232813, 66, 4);5;ה;88735;(2, 8, 14, 56, 88735);23381;(2, 8, 14, 13, 23381);ובבהמה;4;13;ויעשו כן החרטמים בלטיהם להוציא את הכנים ולא יכלו ותהי הכנם באדם ובבהמה
(232813, 66, 4);10;י;88801;(2, 8, 16, 2, 88801);23398;(2, 8, 16, 1, 23398);ויאמר;2;1;ויאמר יהוה אל משה השכם בבקר והתיצב לפני פרעה הנה יוצא המימה ואמרת אליו כה אמר יהוה שלח עמי ויעבדני
(232813, 66, 4);30;ל;88867;(2, 8, 16, 68, 88867);23415;(2, 8, 16, 18, 23415);שלח;2;18;ויאמר יהוה אל משה השכם בבקר והתיצב לפני פרעה הנה יוצא המימה ואמרת אליו כה אמר יהוה שלח עמי ויעבדני
(232813, 66, 4);30;ל;88933;(2, 8, 17, 55, 88933);23432;(2, 8, 17, 15, 23432);ומלאו;3;15;כי אם אינך משלח את עמי הנני משליח בך ובעבדיך ובעמך ובבתיך את הערב ומלאו בתי מצרים את הערב וגם האדמה אשר הם עליה
(232813, 66, 4);70;ע;88999;(2, 8, 18, 33, 88999);23451;(2, 8, 18, 10, 23451);עליה;1;10;והפליתי ביום ההוא את ארץ גשן אשר עמי עמד עליה לבלתי היות שם ערב למען תדע כי אני יהוה בקרב הארץ
(232813, 66, 4);200;ר;89065;(2, 8, 19, 25, 89065);23469;(2, 8, 19, 7, 23469);למחר;4;7;ושמתי פדת בין עמי ובין עמך למחר יהיה האת הזה
(232813, 66, 4);200;ר;89131;(2, 8, 20, 56, 89131);23487;(2, 8, 20, 15, 23487);הארץ;3;15;ויעש יהוה כן ויבא ערב כבד ביתה פרעה ובית עבדיו ובכל ארץ מצרים תשחת הארץ מפני הערב
(232813, 66, 4);50;ן;89197;(2, 8, 22, 14, 89197);23503;(2, 8, 22, 4, 23503);נכון;4;4;ויאמר משה לא נכון לעשות כן כי תועבת מצרים נזבח ליהוה אלהינו הן נזבח את תועבת מצרים לעיניהם ולא יסקלנו
(232813, 66, 4);30;ל;89263;(2, 8, 22, 80, 89263);23519;(2, 8, 22, 20, 23519);יסקלנו;4;20;ויאמר משה לא נכון לעשות כן כי תועבת מצרים נזבח ליהוה אלהינו הן נזבח את תועבת מצרים לעיניהם ולא יסקלנו
(232813, 66, 4);300;ש;89329;(2, 8, 24, 15, 89329);23534;(2, 8, 24, 4, 23534);אשלח;2;4;ויאמר פרעה אנכי אשלח אתכם וזבחתם ליהוה אלהיכם במדבר רק הרחק לא תרחיקו ללכת העתירו בעדי
(232813, 66, 4);50;נ;89395;(2, 8, 25, 10, 89395);23549;(2, 8, 25, 3, 23549);הנה;2;3;ויאמר משה הנה אנכי יוצא מעמך והעתרתי אל יהוה וסר הערב מפרעה מעבדיו ומעמו מחר רק אל יסף פרעה התל לבלתי שלח את העם לזבח ליהוה
(232813, 66, 4);30;ל;89461;(2, 8, 25, 76, 89461);23566;(2, 8, 25, 20, 23566);התל;3;20;ויאמר משה הנה אנכי יוצא מעמך והעתרתי אל יהוה וסר הערב מפרעה מעבדיו ומעמו מחר רק אל יסף פרעה התל לבלתי שלח את העם לזבח ליהוה
(232813, 66, 4);200;ר;89527;(2, 8, 27, 19, 89527);23584;(2, 8, 27, 5, 23584);ויסר;4;5;ויעש יהוה כדבר משה ויסר הערב מפרעה מעבדיו ומעמו לא נשאר אחד
(232813, 66, 4);10;י;89593;(2, 9, 1, 2, 89593);23603;(2, 9, 1, 1, 23603);ויאמר;2;1;ויאמר יהוה אל משה בא אל פרעה ודברת אליו כה אמר יהוה אלהי העברים שלח את עמי ויעבדני
(232813, 66, 4);1;א;89659;(2, 9, 2, 3, 89659);23622;(2, 9, 2, 2, 23622);אם;1;2;כי אם מאן אתה לשלח ועודך מחזיק בם
(232813, 66, 4);40;ם;89725;(2, 9, 3, 43, 89725);23638;(2, 9, 3, 10, 23638);בגמלים;6;10;הנה יד יהוה הויה במקנך אשר בשדה בסוסים בחמרים בגמלים בבקר ובצאן דבר כבד מאד
(232813, 66, 4);10;י;89791;(2, 9, 4, 48, 89791);23655;(2, 9, 4, 12, 23655);לבני;4;12;והפלה יהוה בין מקנה ישראל ובין מקנה מצרים ולא ימות מכל לבני ישראל דבר
(232813, 66, 4);8;ח;89857;(2, 9, 6, 20, 89857);23673;(2, 9, 6, 6, 23673);ממחרת;3;6;ויעש יהוה את הדבר הזה ממחרת וימת כל מקנה מצרים וממקנה בני ישראל לא מת אחד
(232813, 66, 4);70;ע;89923;(2, 9, 7, 28, 89923);23691;(2, 9, 7, 8, 23691);עד;1;8;וישלח פרעה והנה לא מת ממקנה ישראל עד אחד ויכבד לב פרעה ולא שלח את העם
(232813, 66, 4);20;כ;89989;(2, 9, 8, 40, 89989);23711;(2, 9, 8, 12, 23711);כבשן;1;12;ויאמר יהוה אל משה ואל אהרן קחו לכם מלא חפניכם פיח כבשן וזרקו משה השמימה לעיני פרעה
(232813, 66, 4);300;ש;90055;(2, 9, 9, 40, 90055);23728;(2, 9, 9, 12, 23728);לשחין;2;12;והיה לאבק על כל ארץ מצרים והיה על האדם ועל הבהמה לשחין פרח אבעבעת בכל ארץ מצרים
(232813, 66, 4);40;מ;90121;(2, 9, 10, 43, 90121);23744;(2, 9, 10, 11, 23744);השמימה;3;11;ויקחו את פיח הכבשן ויעמדו לפני פרעה ויזרק אתו משה השמימה ויהי שחין אבעבעת פרח באדם ובבהמה
(232813, 66, 4);10;י;90187;(2, 9, 11, 36, 90187);23759;(2, 9, 11, 9, 23759);כי;2;9;ולא יכלו החרטמים לעמד לפני משה מפני השחין כי היה השחין בחרטמם ובכל מצרים
(232813, 66, 4);5;ה;90253;(2, 9, 12, 43, 90253);23777;(2, 9, 12, 13, 23777);משה;3;13;ויחזק יהוה את לב פרעה ולא שמע אלהם כאשר דבר יהוה אל משה
(232813, 66, 4);30;ל;90319;(2, 9, 13, 66, 90319);23794;(2, 9, 13, 17, 23794);שלח;2;17;ויאמר יהוה אל משה השכם בבקר והתיצב לפני פרעה ואמרת אליו כה אמר יהוה אלהי העברים שלח את עמי ויעבדני
(232813, 66, 4);1;א;90385;(2, 9, 14, 53, 90385);23813;(2, 9, 14, 16, 23813);אין;1;16;כי בפעם הזאת אני שלח את כל מגפתי אל לבך ובעבדיך ובעמך בעבור תדע כי אין כמני בכל הארץ
(232813, 66, 4);200;ר;90451;(2, 9, 16, 10, 90451);23831;(2, 9, 16, 2, 23831);בעבור;5;2;ואולם בעבור זאת העמדתיך בעבור הראתך את כחי ולמען ספר שמי בכל הארץ
(232813, 66, 4);40;ם;90517;(2, 9, 17, 23, 90517);23847;(2, 9, 17, 5, 23847);שלחם;4;5;עודך מסתולל בעמי לבלתי שלחם
(232813, 66, 4);30;ל;90583;(2, 9, 19, 6, 90583);23866;(2, 9, 19, 2, 23866);שלח;2;2;ועתה שלח העז את מקנך ואת כל אשר לך בשדה כל האדם והבהמה אשר ימצא בשדה ולא יאסף הביתה וירד עלהם הברד ומתו
(232813, 66, 4);5;ה;90649;(2, 9, 19, 72, 90649);23885;(2, 9, 19, 21, 23885);עלהם;3;21;ועתה שלח העז את מקנך ואת כל אשר לך בשדה כל האדם והבהמה אשר ימצא בשדה ולא יאסף הביתה וירד עלהם הברד ומתו
(232813, 66, 4);30;ל;90715;(2, 9, 21, 9, 90715);23904;(2, 9, 21, 4, 23904);לבו;1;4;ואשר לא שם לבו אל דבר יהוה ויעזב את עבדיו ואת מקנהו בשדה
(232813, 66, 4);10;י;90781;(2, 9, 22, 31, 90781);23923;(2, 9, 22, 10, 23923);ויהי;2;10;ויאמר יהוה אל משה נטה את ידך על השמים ויהי ברד בכל ארץ מצרים על האדם ועל הבהמה ועל כל עשב השדה בארץ מצרים
(232813, 66, 4);5;ה;90847;(2, 9, 23, 15, 90847);23943;(2, 9, 23, 6, 23943);השמים;1;6;ויט משה את מטהו על השמים ויהוה נתן קלת וברד ותהלך אש ארצה וימטר יהוה ברד על ארץ מצרים
(232813, 66, 4);100;ק;90913;(2, 9, 24, 14, 90913);23960;(2, 9, 24, 4, 23960);מתלקחת;4;4;ויהי ברד ואש מתלקחת בתוך הברד כבד מאד אשר לא היה כמהו בכל ארץ מצרים מאז היתה לגוי
(232813, 66, 4);200;ר;90979;(2, 9, 25, 16, 90979);23979;(2, 9, 25, 5, 23979);מצרים;3;5;ויך הברד בכל ארץ מצרים את כל אשר בשדה מאדם ועד בהמה ואת כל עשב השדה הכה הברד ואת כל עץ השדה שבר
(232813, 66, 4);50;ן;91045;(2, 9, 26, 9, 91045);24000;(2, 9, 26, 3, 24000);גשן;3;3;רק בארץ גשן אשר שם בני ישראל לא היה ברד
(232813, 66, 4);6;ו;91111;(2, 9, 27, 45, 91111);24017;(2, 9, 27, 10, 24017);יהוה;3;10;וישלח פרעה ויקרא למשה ולאהרן ויאמר אלהם חטאתי הפעם יהוה הצדיק ואני ועמי הרשעים
(232813, 66, 4);60;ס;91177;(2, 9, 28, 46, 91177);24033;(2, 9, 28, 12, 24033);תספון;2;12;העתירו אל יהוה ורב מהית קלת אלהים וברד ואשלחה אתכם ולא תספון לעמד
(232813, 66, 4);10;י;91243;(2, 9, 29, 59, 91243);24050;(2, 9, 29, 16, 24050);יהיה;3;16;ויאמר אליו משה כצאתי את העיר אפרש את כפי אל יהוה הקלות יחדלון והברד לא יהיה עוד למען תדע כי ליהוה הארץ
(232813, 66, 4);400;ת;91309;(2, 9, 31, 5, 91309);24066;(2, 9, 31, 1, 24066);והפשתה;5;1;והפשתה והשערה נכתה כי השערה אביב והפשתה גבעל
(232813, 66, 4);40;מ;91375;(2, 9, 33, 8, 91375);24083;(2, 9, 33, 3, 24083);מעם;1;3;ויצא משה מעם פרעה את העיר ויפרש כפיו אל יהוה ויחדלו הקלות והברד ומטר לא נתך ארצה
(232813, 66, 4);10;י;91441;(2, 9, 34, 10, 91441);24100;(2, 9, 34, 3, 24100);כי;2;3;וירא פרעה כי חדל המטר והברד והקלת ויסף לחטא ויכבד לבו הוא ועבדיו
(232813, 66, 4);300;ש;91507;(2, 9, 35, 24, 91507);24118;(2, 9, 35, 8, 24118);ישראל;2;8;ויחזק לב פרעה ולא שלח את בני ישראל כאשר דבר יהוה ביד משה
(232813, 66, 4);4;ד;91573;(2, 10, 1, 46, 91573);24138;(2, 10, 1, 15, 24138);עבדיו;3;15;ויאמר יהוה אל משה בא אל פרעה כי אני הכבדתי את לבו ואת לב עבדיו למען שתי אתתי אלה בקרבו
(232813, 66, 4);1;א;91639;(2, 10, 2, 45, 91639);24155;(2, 10, 2, 12, 24155);אתתי;1;12;ולמען תספר באזני בנך ובן בנך את אשר התעללתי במצרים ואת אתתי אשר שמתי בם וידעתם כי אני יהוה
(232813, 66, 4);30;ל;91705;(2, 10, 3, 39, 91705);24173;(2, 10, 3, 11, 24173);אלהי;2;11;ויבא משה ואהרן אל פרעה ויאמרו אליו כה אמר יהוה אלהי העברים עד מתי מאנת לענת מפני שלח עמי ויעבדני
(232813, 66, 4);40;מ;91771;(2, 10, 4, 28, 91771);24192;(2, 10, 4, 10, 24192);מחר;1;10;כי אם מאן אתה לשלח את עמי הנני מביא מחר ארבה בגבלך
(232813, 66, 4);50;ן;91837;(2, 10, 5, 55, 91837);24210;(2, 10, 5, 16, 24210);מן;2;16;וכסה את עין הארץ ולא יוכל לראת את הארץ ואכל את יתר הפלטה הנשארת לכם מן הברד ואכל את כל העץ הצמח לכם מן השדה
(232813, 66, 4);1;א;91903;(2, 10, 6, 38, 91903);24230;(2, 10, 6, 11, 24230);ראו;2;11;ומלאו בתיך ובתי כל עבדיך ובתי כל מצרים אשר לא ראו אבתיך ואבות אבתיך מיום היותם על האדמה עד היום הזה ויפן ויצא מעם פרעה
(232813, 66, 4);10;י;91969;(2, 10, 7, 10, 91969);24246;(2, 10, 7, 2, 24246);עבדי;4;2;ויאמרו עבדי פרעה אליו עד מתי יהיה זה לנו למוקש שלח את האנשים ויעבדו את יהוה אלהיהם הטרם תדע כי אבדה מצרים
(232813, 66, 4);1;א;92035;(2, 10, 7, 76, 92035);24265;(2, 10, 7, 21, 24265);אבדה;1;21;ויאמרו עבדי פרעה אליו עד מתי יהיה זה לנו למוקש שלח את האנשים ויעבדו את יהוה אלהיהם הטרם תדע כי אבדה מצרים
(232813, 66, 4);5;ה;92101;(2, 10, 8, 58, 92101);24283;(2, 10, 8, 17, 24283);ההלכים;2;17;ויושב את משה ואת אהרן אל פרעה ויאמר אלהם לכו עבדו את יהוה אלהיכם מי ומי ההלכים
(232813, 66, 4);5;ה;92167;(2, 10, 9, 62, 92167);24296;(2, 10, 9, 13, 24296);יהוה;2;13;ויאמר משה בנערינו ובזקנינו נלך בבנינו ובבנותנו בצאננו ובבקרנו נלך כי חג יהוה לנו
(232813, 66, 4);50;ן;92233;(2, 10, 11, 4, 92233);24315;(2, 10, 11, 2, 24315);כן;2;2;לא כן לכו נא הגברים ועבדו את יהוה כי אתה אתם מבקשים ויגרש אתם מאת פני פרעה
(232813, 66, 4);40;מ;92299;(2, 10, 12, 12, 92299);24334;(2, 10, 12, 4, 24334);משה;1;4;ויאמר יהוה אל משה נטה ידך על ארץ מצרים בארבה ויעל על ארץ מצרים ויאכל את כל עשב הארץ את כל אשר השאיר הברד
(232813, 66, 4);5;ה;92365;(2, 10, 12, 78, 92365);24354;(2, 10, 12, 24, 24354);הברד;1;24;ויאמר יהוה אל משה נטה ידך על ארץ מצרים בארבה ויעל על ארץ מצרים ויאכל את כל עשב הארץ את כל אשר השאיר הברד
(232813, 66, 4);200;ר;92431;(2, 10, 13, 63, 92431);24372;(2, 10, 13, 18, 24372);הבקר;4;18;ויט משה את מטהו על ארץ מצרים ויהוה נהג רוח קדים בארץ כל היום ההוא וכל הלילה הבקר היה ורוח הקדים נשא את הארבה
(232813, 66, 4);30;ל;92497;(2, 10, 14, 44, 92497);24391;(2, 10, 14, 13, 24391);לפניו;1;13;ויעל הארבה על כל ארץ מצרים וינח בכל גבול מצרים כבד מאד לפניו לא היה כן ארבה כמהו ואחריו לא יהיה כן
(232813, 66, 4);30;ל;92563;(2, 10, 15, 33, 92563);24410;(2, 10, 15, 10, 24410);כל;2;10;ויכס את עין כל הארץ ותחשך הארץ ויאכל את כל עשב הארץ ואת כל פרי העץ אשר הותיר הברד ולא נותר כל ירק בעץ ובעשב השדה בכל ארץ מצרים
(232813, 66, 4);6;ו;92629;(2, 10, 16, 1, 92629);24430;(2, 10, 16, 1, 24430);וימהר;1;1;וימהר פרעה לקרא למשה ולאהרן ויאמר חטאתי ליהוה אלהיכם ולכם
(232813, 66, 4);40;ם;92695;(2, 10, 17, 19, 92695);24445;(2, 10, 17, 6, 24445);הפעם;4;6;ועתה שא נא חטאתי אך הפעם והעתירו ליהוה אלהיכם ויסר מעלי רק את המות הזה
(232813, 66, 4);5;ה;92761;(2, 10, 19, 7, 92761);24462;(2, 10, 19, 2, 24462);יהוה;2;2;ויהפך יהוה רוח ים חזק מאד וישא את הארבה ויתקעהו ימה סוף לא נשאר ארבה אחד בכל גבול מצרים
(232813, 66, 4);7;ז;92827;(2, 10, 20, 4, 92827);24480;(2, 10, 20, 1, 24480);ויחזק;4;1;ויחזק יהוה את לב פרעה ולא שלח את בני ישראל
(232813, 66, 4);1;א;92893;(2, 10, 21, 37, 92893);24501;(2, 10, 21, 12, 24501);ארץ;1;12;ויאמר יהוה אל משה נטה ידך על השמים ויהי חשך על ארץ מצרים וימש חשך
(232813, 66, 4);1;א;92959;(2, 10, 23, 4, 92959);24520;(2, 10, 23, 2, 24520);ראו;2;2;לא ראו איש את אחיו ולא קמו איש מתחתיו שלשת ימים ולכל בני ישראל היה אור במושבתם
(232813, 66, 4);70;ע;93025;(2, 10, 24, 8, 93025);24537;(2, 10, 24, 2, 24537);פרעה;3;2;ויקרא פרעה אל משה ויאמר לכו עבדו את יהוה רק צאנכם ובקרכם יצג גם טפכם ילך עמכם
(232813, 66, 4);5;ה;93091;(2, 10, 25, 13, 93091);24556;(2, 10, 25, 4, 24556);אתה;3;4;ויאמר משה גם אתה תתן בידנו זבחים ועלת ועשינו ליהוה אלהינו
(232813, 66, 4);50;נ;93157;(2, 10, 26, 32, 93157);24573;(2, 10, 26, 10, 24573);נקח;1;10;וגם מקננו ילך עמנו לא תשאר פרסה כי ממנו נקח לעבד את יהוה אלהינו ואנחנו לא נדע מה נעבד את יהוה עד באנו שמה
(232813, 66, 4);70;ע;93223;(2, 10, 27, 16, 93223);24592;(2, 10, 27, 5, 24592);פרעה;3;5;ויחזק יהוה את לב פרעה ולא אבה לשלחם
(232813, 66, 4);10;י;93289;(2, 10, 29, 2, 93289);24612;(2, 10, 29, 1, 24612);ויאמר;2;1;ויאמר משה כן דברת לא אסף עוד ראות פניך
(232813, 66, 4);90;צ;93355;(2, 11, 1, 38, 93355);24632;(2, 11, 1, 12, 24632);מצרים;2;12;ויאמר יהוה אל משה עוד נגע אחד אביא על פרעה ועל מצרים אחרי כן ישלח אתכם מזה כשלחו כלה גרש יגרש אתכם מזה
(232813, 66, 4);1;א;93421;(2, 11, 2, 24, 93421);24650;(2, 11, 2, 7, 24650);מאת;2;7;דבר נא באזני העם וישאלו איש מאת רעהו ואשה מאת רעותה כלי כסף וכלי זהב
(232813, 66, 4);4;ד;93487;(2, 11, 3, 36, 93487);24669;(2, 11, 3, 11, 24669);גדול;2;11;ויתן יהוה את חן העם בעיני מצרים גם האיש משה גדול מאד בארץ מצרים בעיני עבדי פרעה ובעיני העם
(232813, 66, 4);10;י;93553;(2, 11, 4, 30, 93553);24686;(2, 11, 4, 9, 24686);יוצא;1;9;ויאמר משה כה אמר יהוה כחצת הלילה אני יוצא בתוך מצרים
(232813, 66, 4);200;ר;93619;(2, 11, 5, 54, 93619);24703;(2, 11, 5, 15, 24703);אחר;3;15;ומת כל בכור בארץ מצרים מבכור פרעה הישב על כסאו עד בכור השפחה אשר אחר הרחים וכל בכור בהמה
(232813, 66, 4);30;ל;93685;(2, 11, 7, 2, 93685);24721;(2, 11, 7, 1, 24721);ולכל;2;1;ולכל בני ישראל לא יחרץ כלב לשנו למאיש ועד בהמה למען תדעון אשר יפלה יהוה בין מצרים ובין ישראל
(232813, 66, 4);10;י;93751;(2, 11, 7, 68, 93751);24738;(2, 11, 7, 18, 24738);ובין;3;18;ולכל בני ישראל לא יחרץ כלב לשנו למאיש ועד בהמה למען תדעון אשר יפלה יהוה בין מצרים ובין ישראל
(232813, 66, 4);90;צ;93817;(2, 11, 8, 60, 93817);24756;(2, 11, 8, 17, 24756);אצא;2;17;וירדו כל עבדיך אלה אלי והשתחוו לי לאמר צא אתה וכל העם אשר ברגליך ואחרי כן אצא ויצא מעם פרעה בחרי אף
(232813, 66, 4);90;צ;93883;(2, 11, 9, 48, 93883);24774;(2, 11, 9, 13, 24774);מצרים;2;13;ויאמר יהוה אל משה לא ישמע אליכם פרעה למען רבות מופתי בארץ מצרים
(232813, 66, 4);10;י;93949;(2, 11, 10, 63, 93949);24793;(2, 11, 10, 19, 24793);ישראל;1;19;ומשה ואהרן עשו את כל המפתים האלה לפני פרעה ויחזק יהוה את לב פרעה ולא שלח את בני ישראל מארצו
(232813, 66, 4);50;ן;94015;(2, 12, 2, 23, 94015);24809;(2, 12, 2, 6, 24809);ראשון;5;6;החדש הזה לכם ראש חדשים ראשון הוא לכם לחדשי השנה
(232813, 66, 4);400;ת;94081;(2, 12, 3, 51, 94081);24828;(2, 12, 3, 15, 24828);אבת;3;15;דברו אל כל עדת ישראל לאמר בעשר לחדש הזה ויקחו להם איש שה לבית אבת שה לבית
(232813, 66, 4);6;ו;94147;(2, 12, 4, 60, 94147);24846;(2, 12, 4, 16, 24846);אכלו;4;16;ואם ימעט הבית מהיות משה ולקח הוא ושכנו הקרב אל ביתו במכסת נפשת איש לפי אכלו תכסו על השה
(232813, 66, 4);1;א;94213;(2, 12, 6, 16, 94213);24866;(2, 12, 6, 5, 24866);ארבעה;1;5;והיה לכם למשמרת עד ארבעה עשר יום לחדש הזה ושחטו אתו כל קהל עדת ישראל בין הערבים
(232813, 66, 4);400;ת;94279;(2, 12, 7, 19, 94279);24884;(2, 12, 7, 6, 24884);שתי;2;6;ולקחו מן הדם ונתנו על שתי המזוזת ועל המשקוף על הבתים אשר יאכלו אתו בהם
(232813, 66, 4);400;ת;94345;(2, 12, 8, 29, 94345);24901;(2, 12, 8, 8, 24901);ומצות;5;8;ואכלו את הבשר בלילה הזה צלי אש ומצות על מררים יאכלהו
(232813, 66, 4);6;ו;94411;(2, 12, 10, 1, 94411);24921;(2, 12, 10, 1, 24921);ולא;1;1;ולא תותירו ממנו עד בקר והנתר ממנו עד בקר באש תשרפו
(232813, 66, 4);10;י;94477;(2, 12, 11, 27, 94477);24937;(2, 12, 11, 6, 24937);נעליכם;4;6;וככה תאכלו אתו מתניכם חגרים נעליכם ברגליכם ומקלכם בידכם ואכלתם אתו בחפזון פסח הוא ליהוה
(232813, 66, 4);5;ה;94543;(2, 12, 12, 20, 94543);24950;(2, 12, 12, 4, 24950);בלילה;5;4;ועברתי בארץ מצרים בלילה הזה והכיתי כל בכור בארץ מצרים מאדם ועד בהמה ובכל אלהי מצרים אעשה שפטים אני יהוה
(232813, 66, 4);5;ה;94609;(2, 12, 13, 2, 94609);24967;(2, 12, 13, 1, 24967);והיה;2;1;והיה הדם לכם לאת על הבתים אשר אתם שם וראיתי את הדם ופסחתי עלכם ולא יהיה בכם נגף למשחית בהכתי בארץ מצרים
(232813, 66, 4);400;ת;94675;(2, 12, 13, 68, 94675);24985;(2, 12, 13, 19, 24985);למשחית;6;19;והיה הדם לכם לאת על הבתים אשר אתם שם וראיתי את הדם ופסחתי עלכם ולא יהיה בכם נגף למשחית בהכתי בארץ מצרים
(232813, 66, 4);3;ג;94741;(2, 12, 14, 52, 94741);25001;(2, 12, 14, 13, 25001);תחגהו;3;13;והיה היום הזה לכם לזכרון וחגתם אתו חג ליהוה לדרתיכם חקת עולם תחגהו
(232813, 66, 4);300;ש;94807;(2, 12, 15, 64, 94807);25017;(2, 12, 15, 16, 25017);הנפש;4;16;שבעת ימים מצות תאכלו אך ביום הראשון תשביתו שאר מבתיכם כי כל אכל חמץ ונכרתה הנפש ההוא מישראל מיום הראשן עד יום השבעי
(232813, 66, 4);10;י;94873;(2, 12, 16, 37, 94873);25033;(2, 12, 16, 9, 25033);יהיה;1;9;וביום הראשון מקרא קדש וביום השביעי מקרא קדש יהיה לכם כל מלאכה לא יעשה בהם אך אשר יאכל לכל נפש הוא לבדו יעשה לכם
(232813, 66, 4);10;י;94939;(2, 12, 17, 15, 94939);25052;(2, 12, 17, 4, 25052);כי;2;4;ושמרתם את המצות כי בעצם היום הזה הוצאתי את צבאותיכם מארץ מצרים ושמרתם את היום הזה לדרתיכם חקת עולם
(232813, 66, 4);2;ב;95005;(2, 12, 18, 1, 95005);25068;(2, 12, 18, 1, 25068);בראשן;1;1;בראשן בארבעה עשר יום לחדש בערב תאכלו מצת עד יום האחד ועשרים לחדש בערב
(232813, 66, 4);200;ר;95071;(2, 12, 19, 11, 95071);25084;(2, 12, 19, 3, 25084);שאר;3;3;שבעת ימים שאר לא ימצא בבתיכם כי כל אכל מחמצת ונכרתה הנפש ההוא מעדת ישראל בגר ובאזרח הארץ
(232813, 66, 4);90;צ;95137;(2, 12, 20, 6, 95137);25101;(2, 12, 20, 2, 25101);מחמצת;4;2;כל מחמצת לא תאכלו בכל מושבתיכם תאכלו מצות
(232813, 66, 4);30;ל;95203;(2, 12, 21, 38, 95203);25117;(2, 12, 21, 10, 25117);לכם;1;10;ויקרא משה לכל זקני ישראל ויאמר אלהם משכו וקחו לכם צאן למשפחתיכם ושחטו הפסח
(232813, 66, 4);80;ף;95269;(2, 12, 22, 43, 95269);25131;(2, 12, 22, 10, 25131);המשקוף;6;10;ולקחתם אגדת אזוב וטבלתם בדם אשר בסף והגעתם אל המשקוף ואל שתי המזוזת מן הדם אשר בסף ואתם לא תצאו איש מפתח ביתו עד בקר
(232813, 66, 4);200;ר;95335;(2, 12, 23, 17, 95335);25151;(2, 12, 23, 5, 25151);מצרים;3;5;ועבר יהוה לנגף את מצרים וראה את הדם על המשקוף ועל שתי המזוזת ופסח יהוה על הפתח ולא יתן המשחית לבא אל בתיכם לנגף
(232813, 66, 4);20;כ;95401;(2, 12, 23, 83, 95401);25169;(2, 12, 23, 23, 25169);בתיכם;4;23;ועבר יהוה לנגף את מצרים וראה את הדם על המשקוף ועל שתי המזוזת ופסח יהוה על הפתח ולא יתן המשחית לבא אל בתיכם לנגף
(232813, 66, 4);40;ם;95467;(2, 12, 25, 29, 95467);25188;(2, 12, 25, 9, 25188);לכם;3;9;והיה כי תבאו אל הארץ אשר יתן יהוה לכם כאשר דבר ושמרתם את העבדה הזאת
(232813, 66, 4);7;ז;95533;(2, 12, 27, 7, 95533);25205;(2, 12, 27, 2, 25205);זבח;1;2;ואמרתם זבח פסח הוא ליהוה אשר פסח על בתי בני ישראל במצרים בנגפו את מצרים ואת בתינו הציל ויקד העם וישתחוו
(232813, 66, 4);4;ד;95599;(2, 12, 27, 73, 95599);25222;(2, 12, 27, 19, 25222);ויקד;4;19;ואמרתם זבח פסח הוא ליהוה אשר פסח על בתי בני ישראל במצרים בנגפו את מצרים ואת בתינו הציל ויקד העם וישתחוו
(232813, 66, 4);30;ל;95665;(2, 12, 29, 12, 95665);25239;(2, 12, 29, 3, 25239);הלילה;4;3;ויהי בחצי הלילה ויהוה הכה כל בכור בארץ מצרים מבכר פרעה הישב על כסאו עד בכור השבי אשר בבית הבור וכל בכור בהמה
(232813, 66, 4);30;ל;95731;(2, 12, 29, 78, 95731);25257;(2, 12, 29, 21, 25257);וכל;3;21;ויהי בחצי הלילה ויהוה הכה כל בכור בארץ מצרים מבכר פרעה הישב על כסאו עד בכור השבי אשר בבית הבור וכל בכור בהמה
(232813, 66, 4);1;א;95797;(2, 12, 30, 58, 95797);25275;(2, 12, 30, 16, 25275);אשר;1;16;ויקם פרעה לילה הוא וכל עבדיו וכל מצרים ותהי צעקה גדלה במצרים כי אין בית אשר אין שם מת
(232813, 66, 4);6;ו;95863;(2, 12, 31, 57, 95863);25293;(2, 12, 31, 15, 25293);ולכו;4;15;ויקרא למשה ולאהרן לילה ויאמר קומו צאו מתוך עמי גם אתם גם בני ישראל ולכו עבדו את יהוה כדברכם
(232813, 66, 4);10;י;95929;(2, 12, 33, 9, 95929);25310;(2, 12, 33, 2, 25310);מצרים;4;2;ותחזק מצרים על העם למהר לשלחם מן הארץ כי אמרו כלנו מתים
(232813, 66, 4);2;ב;95995;(2, 12, 34, 31, 95995);25329;(2, 12, 34, 9, 25329);בשמלתם;1;9;וישא העם את בצקו טרם יחמץ משארתם צררת בשמלתם על שכמם
(232813, 66, 4);50;נ;96061;(2, 12, 36, 6, 96061);25345;(2, 12, 36, 2, 25345);נתן;1;2;ויהוה נתן את חן העם בעיני מצרים וישאלום וינצלו את מצרים
(232813, 66, 4);40;מ;96127;(2, 12, 37, 27, 96127);25361;(2, 12, 37, 7, 25361);מאות;1;7;ויסעו בני ישראל מרעמסס סכתה כשש מאות אלף רגלי הגברים לבד מטף
(232813, 66, 4);1;א;96193;(2, 12, 39, 12, 96193);25380;(2, 12, 39, 4, 25380);אשר;1;4;ויאפו את הבצק אשר הוציאו ממצרים עגת מצות כי לא חמץ כי גרשו ממצרים ולא יכלו להתמהמה וגם צדה לא עשו להם
(232813, 66, 4);30;ל;96259;(2, 12, 39, 78, 96259);25398;(2, 12, 39, 22, 25398);להם;1;22;ויאפו את הבצק אשר הוציאו ממצרים עגת מצות כי לא חמץ כי גרשו ממצרים ולא יכלו להתמהמה וגם צדה לא עשו להם
(232813, 66, 4);200;ר;96325;(2, 12, 41, 18, 96325);25414;(2, 12, 41, 5, 25414);וארבע;3;5;ויהי מקץ שלשים שנה וארבע מאות שנה ויהי בעצם היום הזה יצאו כל צבאות יהוה מארץ מצרים
(232813, 66, 4);5;ה;96391;(2, 12, 42, 18, 96391);25431;(2, 12, 42, 5, 25431);להוציאם;2;5;ליל שמרים הוא ליהוה להוציאם מארץ מצרים הוא הלילה הזה ליהוה שמרים לכל בני ישראל לדרתם
(232813, 66, 4);6;ו;96457;(2, 12, 43, 15, 96457);25447;(2, 12, 43, 5, 25447);ואהרן;1;5;ויאמר יהוה אל משה ואהרן זאת חקת הפסח כל בן נכר לא יאכל בו
(232813, 66, 4);6;ו;96523;(2, 12, 45, 5, 96523);25468;(2, 12, 45, 2, 25468);ושכיר;1;2;תושב ושכיר לא יאכל בו
(232813, 66, 4);300;ש;96589;(2, 12, 47, 7, 96589);25488;(2, 12, 47, 3, 25488);ישראל;2;3;כל עדת ישראל יעשו אתו
(232813, 66, 4);8;ח;96655;(2, 12, 48, 56, 96655);25506;(2, 12, 48, 16, 25506);כאזרח;5;16;וכי יגור אתך גר ועשה פסח ליהוה המול לו כל זכר ואז יקרב לעשתו והיה כאזרח הארץ וכל ערל לא יאכל בו
(232813, 66, 4);200;ר;96721;(2, 12, 50, 19, 96721);25524;(2, 12, 50, 5, 25524);כאשר;4;5;ויעשו כל בני ישראל כאשר צוה יהוה את משה ואת אהרן כן עשו
(232813, 66, 4);10;י;96787;(2, 12, 51, 42, 96787);25543;(2, 12, 51, 11, 25543);מצרים;4;11;ויהי בעצם היום הזה הוציא יהוה את בני ישראל מארץ מצרים על צבאתם
(232813, 66, 4);10;י;96853;(2, 13, 2, 40, 96853);25562;(2, 13, 2, 12, 25562);לי;2;12;קדש לי כל בכור פטר כל רחם בבני ישראל באדם ובבהמה לי הוא
(232813, 66, 4);10;י;96919;(2, 13, 3, 63, 96919);25581;(2, 13, 3, 18, 25581);יהוה;1;18;ויאמר משה אל העם זכור את היום הזה אשר יצאתם ממצרים מבית עבדים כי בחזק יד הוציא יהוה אתכם מזה ולא יאכל חמץ
(232813, 66, 4);50;נ;96985;(2, 13, 5, 25, 96985);25598;(2, 13, 5, 7, 25598);הכנעני;5;7;והיה כי יביאך יהוה אל ארץ הכנעני והחתי והאמרי והחוי והיבוסי אשר נשבע לאבתיך לתת לך ארץ זבת חלב ודבש ועבדת את העבדה הזאת בחדש הזה
(232813, 66, 4);4;ד;97051;(2, 13, 5, 91, 97051);25614;(2, 13, 5, 23, 25614);העבדה;4;23;והיה כי יביאך יהוה אל ארץ הכנעני והחתי והאמרי והחוי והיבוסי אשר נשבע לאבתיך לתת לך ארץ זבת חלב ודבש ועבדת את העבדה הזאת בחדש הזה
(232813, 66, 4);30;ל;97117;(2, 13, 7, 21, 97117);25631;(2, 13, 7, 6, 25631);ולא;2;6;מצות יאכל את שבעת הימים ולא יראה לך חמץ ולא יראה לך שאר בכל גבלך
(232813, 66, 4);10;י;97183;(2, 13, 8, 37, 97183);25650;(2, 13, 8, 10, 25650);לי;2;10;והגדת לבנך ביום ההוא לאמר בעבור זה עשה יהוה לי בצאתי ממצרים
(232813, 66, 4);4;ד;97249;(2, 13, 9, 55, 97249);25667;(2, 13, 9, 15, 25667);ביד;3;15;והיה לך לאות על ידך ולזכרון בין עיניך למען תהיה תורת יהוה בפיך כי ביד חזקה הוצאך יהוה ממצרים
(232813, 66, 4);30;ל;97315;(2, 13, 11, 16, 97315);25683;(2, 13, 11, 5, 25683);אל;2;5;והיה כי יבאך יהוה אל ארץ הכנעני כאשר נשבע לך ולאבתיך ונתנה לך
(232813, 66, 4);1;א;97381;(2, 13, 12, 33, 97381);25701;(2, 13, 12, 10, 25701);אשר;1;10;והעברת כל פטר רחם ליהוה וכל פטר שגר בהמה אשר יהיה לך הזכרים ליהוה
(232813, 66, 4);400;ת;97447;(2, 13, 13, 47, 97447);25719;(2, 13, 13, 14, 25719);תפדה;1;14;וכל פטר חמר תפדה בשה ואם לא תפדה וערפתו וכל בכור אדם בבניך תפדה
(232813, 66, 4);70;ע;97513;(2, 13, 14, 63, 97513);25736;(2, 13, 14, 17, 25736);עבדים;1;17;והיה כי ישאלך בנך מחר לאמר מה זאת ואמרת אליו בחזק יד הוציאנו יהוה ממצרים מבית עבדים
(232813, 66, 4);5;ה;97579;(2, 13, 15, 62, 97579);25752;(2, 13, 15, 16, 25752);בהמה;4;16;ויהי כי הקשה פרעה לשלחנו ויהרג יהוה כל בכור בארץ מצרים מבכר אדם ועד בכור בהמה על כן אני זבח ליהוה כל פטר רחם הזכרים וכל בכור בני אפדה
(232813, 66, 4);10;י;97645;(2, 13, 16, 23, 97645);25771;(2, 13, 16, 6, 25771);בין;2;6;והיה לאות על ידכה ולטוטפת בין עיניך כי בחזק יד הוציאנו יהוה ממצרים
(232813, 66, 4);80;פ;97711;(2, 13, 17, 35, 97711);25789;(2, 13, 17, 11, 25789);פלשתים;1;11;ויהי בשלח פרעה את העם ולא נחם אלהים דרך ארץ פלשתים כי קרוב הוא כי אמר אלהים פן ינחם העם בראתם מלחמה ושבו מצרימה
(232813, 66, 4);70;ע;97777;(2, 13, 18, 13, 97777);25806;(2, 13, 18, 4, 25806);העם;2;4;ויסב אלהים את העם דרך המדבר ים סוף וחמשים עלו בני ישראל מארץ מצרים
(232813, 66, 4);2;ב;97843;(2, 13, 19, 26, 97843);25824;(2, 13, 19, 8, 25824);השבע;3;8;ויקח משה את עצמות יוסף עמו כי השבע השביע את בני ישראל לאמר פקד יפקד אלהים אתכם והעליתם את עצמתי מזה אתכם
(232813, 66, 4);400;ת;97909;(2, 13, 20, 9, 97909);25840;(2, 13, 20, 2, 25840);מסכת;4;2;ויסעו מסכת ויחנו באתם בקצה המדבר
(232813, 66, 4);30;ל;97975;(2, 13, 21, 48, 97975);25856;(2, 13, 21, 12, 25856);להאיר;1;12;ויהוה הלך לפניהם יומם בעמוד ענן לנחתם הדרך ולילה בעמוד אש להאיר להם ללכת יומם ולילה
(232813, 66, 4);5;ה;98041;(2, 14, 1, 9, 98041);25872;(2, 14, 1, 2, 25872);יהוה;4;2;וידבר יהוה אל משה לאמר
(232813, 66, 4);80;פ;98107;(2, 14, 2, 57, 98107);25891;(2, 14, 2, 16, 25891);צפן;2;16;דבר אל בני ישראל וישבו ויחנו לפני פי החירת בין מגדל ובין הים לפני בעל צפן נכחו תחנו על הים
(232813, 66, 4);80;פ;98173;(2, 14, 4, 11, 98173);25909;(2, 14, 4, 4, 25909);פרעה;1;4;וחזקתי את לב פרעה ורדף אחריהם ואכבדה בפרעה ובכל חילו וידעו מצרים כי אני יהוה ויעשו כן
(232813, 66, 4);20;ך;98239;(2, 14, 5, 8, 98239);25924;(2, 14, 5, 2, 25924);למלך;4;2;ויגד למלך מצרים כי ברח העם ויהפך לבב פרעה ועבדיו אל העם ויאמרו מה זאת עשינו כי שלחנו את ישראל מעבדנו
(232813, 66, 4);30;ל;98305;(2, 14, 5, 74, 98305);25942;(2, 14, 5, 20, 25942);ישראל;5;20;ויגד למלך מצרים כי ברח העם ויהפך לבב פרעה ועבדיו אל העם ויאמרו מה זאת עשינו כי שלחנו את ישראל מעבדנו
(232813, 66, 4);30;ל;98371;(2, 14, 7, 37, 98371);25961;(2, 14, 7, 11, 25961);כלו;2;11;ויקח שש מאות רכב בחור וכל רכב מצרים ושלשם על כלו
(232813, 66, 4);200;ר;98437;(2, 14, 9, 3, 98437);25978;(2, 14, 9, 1, 25978);וירדפו;3;1;וירדפו מצרים אחריהם וישיגו אותם חנים על הים כל סוס רכב פרעה ופרשיו וחילו על פי החירת לפני בעל צפן
(232813, 66, 4);30;ל;98503;(2, 14, 9, 69, 98503);25995;(2, 14, 9, 18, 25995);לפני;1;18;וירדפו מצרים אחריהם וישיגו אותם חנים על הים כל סוס רכב פרעה ופרשיו וחילו על פי החירת לפני בעל צפן
(232813, 66, 4);1;א;98569;(2, 14, 10, 57, 98569);26010;(2, 14, 10, 13, 26010);מאד;2;13;ופרעה הקריב וישאו בני ישראל את עיניהם והנה מצרים נסע אחריהם וייראו מאד ויצעקו בני ישראל אל יהוה
(232813, 66, 4);200;ר;98635;(2, 14, 11, 45, 98635);26025;(2, 14, 11, 10, 26025);במדבר;5;10;ויאמרו אל משה המבלי אין קברים במצרים לקחתנו למות במדבר מה זאת עשית לנו להוציאנו ממצרים
(232813, 66, 4);50;נ;98701;(2, 14, 12, 40, 98701);26042;(2, 14, 12, 11, 26042);ונעבדה;2;11;הלא זה הדבר אשר דברנו אליך במצרים לאמר חדל ממנו ונעבדה את מצרים כי טוב לנו עבד את מצרים ממתנו במדבר
(232813, 66, 4);6;ו;98767;(2, 14, 13, 27, 98767);26060;(2, 14, 13, 8, 26060);וראו;1;8;ויאמר משה אל העם אל תיראו התיצבו וראו את ישועת יהוה אשר יעשה לכם היום כי אשר ראיתם את מצרים היום לא תספו לראתם עוד עד עולם
(232813, 66, 4);70;ע;98833;(2, 14, 13, 93, 98833);26079;(2, 14, 13, 27, 26079);עולם;1;27;ויאמר משה אל העם אל תיראו התיצבו וראו את ישועת יהוה אשר יעשה לכם היום כי אשר ראיתם את מצרים היום לא תספו לראתם עוד עד עולם
(232813, 66, 4);6;ו;98899;(2, 14, 16, 1, 98899);26097;(2, 14, 16, 1, 26097);ואתה;1;1;ואתה הרם את מטך ונטה את ידך על הים ובקעהו ויבאו בני ישראל בתוך הים ביבשה
(232813, 66, 4);8;ח;98965;(2, 14, 17, 10, 98965);26115;(2, 14, 17, 3, 26115);מחזק;2;3;ואני הנני מחזק את לב מצרים ויבאו אחריהם ואכבדה בפרעה ובכל חילו ברכבו ובפרשיו
(232813, 66, 4);1;א;99031;(2, 14, 18, 13, 99031);26130;(2, 14, 18, 4, 26130);אני;1;4;וידעו מצרים כי אני יהוה בהכבדי בפרעה ברכבו ובפרשיו
(232813, 66, 4);1;א;99097;(2, 14, 19, 37, 99097);26144;(2, 14, 19, 9, 26144);מאחריהם;2;9;ויסע מלאך האלהים ההלך לפני מחנה ישראל וילך מאחריהם ויסע עמוד הענן מפניהם ויעמד מאחריהם
(232813, 66, 4);10;י;99163;(2, 14, 20, 31, 99163);26158;(2, 14, 20, 8, 26158);ויהי;2;8;ויבא בין מחנה מצרים ובין מחנה ישראל ויהי הענן והחשך ויאר את הלילה ולא קרב זה אל זה כל הלילה
(232813, 66, 4);5;ה;99229;(2, 14, 21, 25, 99229);26178;(2, 14, 21, 8, 26178);יהוה;4;8;ויט משה את ידו על הים ויולך יהוה את הים ברוח קדים עזה כל הלילה וישם את הים לחרבה ויבקעו המים
(232813, 66, 4);10;י;99295;(2, 14, 22, 19, 99295);26196;(2, 14, 22, 5, 26196);הים;2;5;ויבאו בני ישראל בתוך הים ביבשה והמים להם חומה מימינם ומשמאלם
(232813, 66, 4);6;ו;99361;(2, 14, 23, 35, 99361);26210;(2, 14, 23, 8, 26210);רכבו;4;8;וירדפו מצרים ויבאו אחריהם כל סוס פרעה רכבו ופרשיו אל תוך הים
(232813, 66, 4);40;מ;99427;(2, 14, 24, 52, 99427);26228;(2, 14, 24, 14, 26228);מחנה;1;14;ויהי באשמרת הבקר וישקף יהוה אל מחנה מצרים בעמוד אש וענן ויהם את מחנה מצרים
(232813, 66, 4);5;ה;99493;(2, 14, 25, 58, 99493);26242;(2, 14, 25, 13, 26242);יהוה;4;13;ויסר את אפן מרכבתיו וינהגהו בכבדת ויאמר מצרים אנוסה מפני ישראל כי יהוה נלחם להם במצרים
(232813, 66, 4);80;פ;99559;(2, 14, 26, 53, 99559);26262;(2, 14, 26, 17, 26262);פרשיו;1;17;ויאמר יהוה אל משה נטה את ידך על הים וישבו המים על מצרים על רכבו ועל פרשיו
(232813, 66, 4);5;ה;99625;(2, 14, 27, 62, 99625);26278;(2, 14, 27, 16, 26278);יהוה;4;16;ויט משה את ידו על הים וישב הים לפנות בקר לאיתנו ומצרים נסים לקראתו וינער יהוה את מצרים בתוך הים
(232813, 66, 4);10;י;99691;(2, 14, 28, 52, 99691);26295;(2, 14, 28, 13, 26295);בים;2;13;וישבו המים ויכסו את הרכב ואת הפרשים לכל חיל פרעה הבאים אחריהם בים לא נשאר בהם עד אחד
(232813, 66, 4);10;י;99757;(2, 14, 30, 2, 99757);26312;(2, 14, 30, 1, 26312);ויושע;2;1;ויושע יהוה ביום ההוא את ישראל מיד מצרים וירא ישראל את מצרים מת על שפת הים
(232813, 66, 4);1;א;99823;(2, 14, 31, 10, 99823);26330;(2, 14, 31, 3, 26330);את;1;3;וירא ישראל את היד הגדלה אשר עשה יהוה במצרים וייראו העם את יהוה ויאמינו ביהוה ובמשה עבדו
(232813, 66, 4);10;י;99889;(2, 15, 1, 5, 99889);26346;(2, 15, 1, 2, 26346);ישיר;3;2;אז ישיר משה ובני ישראל את השירה הזאת ליהוה ויאמרו לאמר אשירה ליהוה כי גאה גאה סוס ורכבו רמה בים
(232813, 66, 4);200;ר;99955;(2, 15, 1, 71, 99955);26363;(2, 15, 1, 19, 26363);רמה;1;19;אז ישיר משה ובני ישראל את השירה הזאת ליהוה ויאמרו לאמר אשירה ליהוה כי גאה גאה סוס ורכבו רמה בים
(232813, 66, 4);10;י;100021;(2, 15, 3, 13, 100021);26380;(2, 15, 3, 4, 26380);יהוה;1;4;יהוה איש מלחמה יהוה שמו
(232813, 66, 4);400;ת;100087;(2, 15, 5, 20, 100087);26395;(2, 15, 5, 4, 26395);במצולת;6;4;תהמת יכסימו ירדו במצולת כמו אבן
(232813, 66, 4);10;י;100153;(2, 15, 7, 26, 100153);26412;(2, 15, 7, 7, 26412);יאכלמו;1;7;וברב גאונך תהרס קמיך תשלח חרנך יאכלמו כקש
(232813, 66, 4);10;י;100219;(2, 15, 9, 14, 100219);26429;(2, 15, 9, 4, 26429);אשיג;3;4;אמר אויב ארדף אשיג אחלק שלל תמלאמו נפשי אריק חרבי תורישמו ידי
(232813, 66, 4);1;א;100285;(2, 15, 10, 30, 100285);26445;(2, 15, 10, 8, 26445);אדירים;1;8;נשפת ברוחך כסמו ים צללו כעופרת במים אדירים
(232813, 66, 4);50;נ;100351;(2, 15, 13, 1, 100351);26462;(2, 15, 13, 1, 26462);נחית;1;1;נחית בחסדך עם זו גאלת נהלת בעזך אל נוה קדשך
(232813, 66, 4);5;ה;100417;(2, 15, 15, 5, 100417);26480;(2, 15, 15, 2, 26480);נבהלו;3;2;אז נבהלו אלופי אדום אילי מואב יאחזמו רעד נמגו כל ישבי כנען
(232813, 66, 4);6;ו;100483;(2, 15, 16, 24, 100483);26496;(2, 15, 16, 6, 26496);זרועך;3;6;תפל עליהם אימתה ופחד בגדל זרועך ידמו כאבן עד יעבר עמך יהוה עד יעבר עם זו קנית
(232813, 66, 4);80;פ;100549;(2, 15, 17, 29, 100549);26514;(2, 15, 17, 7, 26514);פעלת;1;7;תבאמו ותטעמו בהר נחלתך מכון לשבתך פעלת יהוה מקדש אדני כוננו ידיך
(232813, 66, 4);6;ו;100615;(2, 15, 19, 27, 100615);26531;(2, 15, 19, 8, 26531);וישב;1;8;כי בא סוס פרעה ברכבו ובפרשיו בים וישב יהוה עלהם את מי הים ובני ישראל הלכו ביבשה בתוך הים
(232813, 66, 4);1;א;100681;(2, 15, 20, 23, 100681);26548;(2, 15, 20, 6, 26548);את;1;6;ותקח מרים הנביאה אחות אהרן את התף בידה ותצאן כל הנשים אחריה בתפים ובמחלת
(232813, 66, 4);6;ו;100747;(2, 15, 21, 30, 100747);26565;(2, 15, 21, 9, 26565);סוס;2;9;ותען להם מרים שירו ליהוה כי גאה גאה סוס ורכבו רמה בים
(232813, 66, 4);30;ל;100813;(2, 15, 22, 54, 100813);26583;(2, 15, 22, 15, 26583);ולא;2;15;ויסע משה את ישראל מים סוף ויצאו אל מדבר שור וילכו שלשת ימים במדבר ולא מצאו מים
(232813, 66, 4);30;ל;100879;(2, 15, 24, 10, 100879);26603;(2, 15, 24, 3, 26603);על;2;3;וילנו העם על משה לאמר מה נשתה
(232813, 66, 4);6;ו;100945;(2, 15, 25, 53, 100945);26623;(2, 15, 25, 16, 26623);ומשפט;1;16;ויצעק אל יהוה ויורהו יהוה עץ וישלך אל המים וימתקו המים שם שם לו חק ומשפט ושם נסהו
(232813, 66, 4);10;י;101011;(2, 15, 26, 55, 101011);26637;(2, 15, 26, 12, 26637);למצותיו;6;12;ויאמר אם שמוע תשמע לקול יהוה אלהיך והישר בעיניו תעשה והאזנת למצותיו ושמרת כל חקיו כל המחלה אשר שמתי במצרים לא אשים עליך כי אני יהוה רפאך
(232813, 66, 4);6;ו;101077;(2, 15, 27, 11, 101077);26655;(2, 15, 27, 3, 26655);ושם;1;3;ויבאו אילמה ושם שתים עשרה עינת מים ושבעים תמרים ויחנו שם על המים
(232813, 66, 4);300;ש;101143;(2, 16, 1, 25, 101143);26672;(2, 16, 1, 7, 26672);ישראל;2;7;ויסעו מאילם ויבאו כל עדת בני ישראל אל מדבר סין אשר בין אילם ובין סיני בחמשה עשר יום לחדש השני לצאתם מארץ מצרים
(232813, 66, 4);30;ל;101209;(2, 16, 2, 3, 101209);26689;(2, 16, 2, 1, 26689);וילינו;3;1;וילינו כל עדת בני ישראל על משה ועל אהרן במדבר
(232813, 66, 4);5;ה;101275;(2, 16, 3, 33, 101275);26707;(2, 16, 3, 9, 26707);יהוה;2;9;ויאמרו אלהם בני ישראל מי יתן מותנו ביד יהוה בארץ מצרים בשבתנו על סיר הבשר באכלנו לחם לשבע כי הוצאתם אתנו אל המדבר הזה להמית את כל הקהל הזה ברעב
(232813, 66, 4);400;ת;101341;(2, 16, 3, 99, 101341);26723;(2, 16, 3, 25, 26723);להמית;5;25;ויאמרו אלהם בני ישראל מי יתן מותנו ביד יהוה בארץ מצרים בשבתנו על סיר הבשר באכלנו לחם לשבע כי הוצאתם אתנו אל המדבר הזה להמית את כל הקהל הזה ברעב
(232813, 66, 4);200;ר;101407;(2, 16, 4, 51, 101407);26742;(2, 16, 4, 14, 26742);דבר;3;14;ויאמר יהוה אל משה הנני ממטיר לכם לחם מן השמים ויצא העם ולקטו דבר יום ביומו למען אנסנו הילך בתורתי אם לא
(232813, 66, 4);50;נ;101473;(2, 16, 5, 35, 101473);26759;(2, 16, 5, 9, 26759);משנה;3;9;והיה ביום הששי והכינו את אשר יביאו והיה משנה על אשר ילקטו יום יום
(232813, 66, 4);40;ם;101539;(2, 16, 6, 49, 101539);26777;(2, 16, 6, 13, 26777);אתכם;4;13;ויאמר משה ואהרן אל כל בני ישראל ערב וידעתם כי יהוה הוציא אתכם מארץ מצרים
(232813, 66, 4);10;י;101605;(2, 16, 7, 57, 101605);26794;(2, 16, 7, 15, 26794);עלינו;3;15;ובקר וראיתם את כבוד יהוה בשמעו את תלנתיכם על יהוה ונחנו מה כי תלונו עלינו
(232813, 66, 4);40;ם;101671;(2, 16, 8, 64, 101671);26811;(2, 16, 8, 17, 26811);אתם;3;17;ויאמר משה בתת יהוה לכם בערב בשר לאכל ולחם בבקר לשבע בשמע יהוה את תלנתיכם אשר אתם מלינם עליו ונחנו מה לא עלינו תלנתיכם כי על יהוה
(232813, 66, 4);10;י;101737;(2, 16, 9, 28, 101737);26831;(2, 16, 9, 10, 26831);ישראל;1;10;ויאמר משה אל אהרן אמר אל כל עדת בני ישראל קרבו לפני יהוה כי שמע את תלנתיכם
(232813, 66, 4);40;מ;101803;(2, 16, 10, 36, 101803);26849;(2, 16, 10, 11, 26849);המדבר;2;11;ויהי כדבר אהרן אל כל עדת בני ישראל ויפנו אל המדבר והנה כבוד יהוה נראה בענן
(232813, 66, 4);30;ל;101869;(2, 16, 12, 25, 101869);26866;(2, 16, 12, 7, 26866);אלהם;2;7;שמעתי את תלונת בני ישראל דבר אלהם לאמר בין הערבים תאכלו בשר ובבקר תשבעו לחם וידעתם כי אני יהוה אלהיכם
(232813, 66, 4);6;ו;101935;(2, 16, 13, 9, 101935);26882;(2, 16, 13, 3, 26882);ותעל;1;3;ויהי בערב ותעל השלו ותכס את המחנה ובבקר היתה שכבת הטל סביב למחנה
(232813, 66, 4);4;ד;102001;(2, 16, 14, 23, 102001);26899;(2, 16, 14, 7, 26899);המדבר;3;7;ותעל שכבת הטל והנה על פני המדבר דק מחספס דק ככפר על הארץ
(232813, 66, 4);6;ו;102067;(2, 16, 15, 45, 102067);26919;(2, 16, 15, 14, 26919);הוא;2;14;ויראו בני ישראל ויאמרו איש אל אחיו מן הוא כי לא ידעו מה הוא ויאמר משה אלהם הוא הלחם אשר נתן יהוה לכם לאכלה
(232813, 66, 4);30;ל;102133;(2, 16, 16, 28, 102133);26938;(2, 16, 16, 9, 26938);לפי;1;9;זה הדבר אשר צוה יהוה לקטו ממנו איש לפי אכלו עמר לגלגלת מספר נפשתיכם איש לאשר באהלו תקחו
(232813, 66, 4);200;ר;102199;(2, 16, 17, 24, 102199);26953;(2, 16, 17, 6, 26953);המרבה;3;6;ויעשו כן בני ישראל וילקטו המרבה והממעיט
(232813, 66, 4);300;ש;102265;(2, 16, 19, 7, 102265);26968;(2, 16, 19, 2, 26968);משה;2;2;ויאמר משה אלהם איש אל יותר ממנו עד בקר
(232813, 66, 4);6;ו;102331;(2, 16, 20, 43, 102331);26987;(2, 16, 20, 12, 26987);ויבאש;1;12;ולא שמעו אל משה ויותרו אנשים ממנו עד בקר וירם תולעים ויבאש ויקצף עלהם משה
(232813, 66, 4);10;י;102397;(2, 16, 22, 12, 102397);27003;(2, 16, 22, 3, 27003);הששי;4;3;ויהי ביום הששי לקטו לחם משנה שני העמר לאחד ויבאו כל נשיאי העדה ויגידו למשה
(232813, 66, 4);200;ר;102463;(2, 16, 23, 18, 102463);27020;(2, 16, 23, 5, 27020);דבר;3;5;ויאמר אלהם הוא אשר דבר יהוה שבתון שבת קדש ליהוה מחר את אשר תאפו אפו ואת אשר תבשלו בשלו ואת כל העדף הניחו לכם למשמרת עד הבקר
(232813, 66, 4);20;כ;102529;(2, 16, 23, 84, 102529);27039;(2, 16, 23, 24, 27039);לכם;2;24;ויאמר אלהם הוא אשר דבר יהוה שבתון שבת קדש ליהוה מחר את אשר תאפו אפו ואת אשר תבשלו בשלו ואת כל העדף הניחו לכם למשמרת עד הבקר
(232813, 66, 4);5;ה;102595;(2, 16, 25, 8, 102595);27057;(2, 16, 25, 2, 27057);משה;3;2;ויאמר משה אכלהו היום כי שבת היום ליהוה היום לא תמצאהו בשדה
(232813, 66, 4);400;ת;102661;(2, 16, 26, 27, 102661);27073;(2, 16, 26, 6, 27073);שבת;3;6;ששת ימים תלקטהו וביום השביעי שבת לא יהיה בו
(232813, 66, 4);40;ם;102727;(2, 16, 28, 24, 102727);27092;(2, 16, 28, 7, 27092);מאנתם;5;7;ויאמר יהוה אל משה עד אנה מאנתם לשמר מצותי ותורתי
(232813, 66, 4);6;ו;102793;(2, 16, 29, 51, 102793);27111;(2, 16, 29, 16, 27111);שבו;3;16;ראו כי יהוה נתן לכם השבת על כן הוא נתן לכם ביום הששי לחם יומים שבו איש תחתיו אל יצא איש ממקמו ביום השביעי
(232813, 66, 4);300;ש;102859;(2, 16, 31, 17, 102859);27128;(2, 16, 31, 5, 27128);שמו;1;5;ויקראו בית ישראל את שמו מן והוא כזרע גד לבן וטעמו כצפיחת בדבש
(232813, 66, 4);50;נ;102925;(2, 16, 32, 34, 102925);27146;(2, 16, 32, 10, 27146);ממנו;3;10;ויאמר משה זה הדבר אשר צוה יהוה מלא העמר ממנו למשמרת לדרתיכם למען יראו את הלחם אשר האכלתי אתכם במדבר בהוציאי אתכם מארץ מצרים
(232813, 66, 4);40;ם;102991;(2, 16, 32, 100, 102991);27160;(2, 16, 32, 24, 27160);מצרים;5;24;ויאמר משה זה הדבר אשר צוה יהוה מלא העמר ממנו למשמרת לדרתיכם למען יראו את הלחם אשר האכלתי אתכם במדבר בהוציאי אתכם מארץ מצרים
(232813, 66, 4);20;כ;103057;(2, 16, 33, 66, 103057);27178;(2, 16, 33, 18, 27178);לדרתיכם;6;18;ויאמר משה אל אהרן קח צנצנת אחת ותן שמה מלא העמר מן והנח אתו לפני יהוה למשמרת לדרתיכם
(232813, 66, 4);40;ם;103123;(2, 16, 35, 24, 103123);27194;(2, 16, 35, 6, 27194);ארבעים;6;6;ובני ישראל אכלו את המן ארבעים שנה עד באם אל ארץ נושבת את המן אכלו עד באם אל קצה ארץ כנען
(232813, 66, 4);70;ע;103189;(2, 17, 1, 4, 103189);27214;(2, 17, 1, 1, 27214);ויסעו;4;1;ויסעו כל עדת בני ישראל ממדבר סין למסעיהם על פי יהוה ויחנו ברפידים ואין מים לשתת העם
(232813, 66, 4);200;ר;103255;(2, 17, 2, 3, 103255);27231;(2, 17, 2, 1, 27231);וירב;3;1;וירב העם עם משה ויאמרו תנו לנו מים ונשתה ויאמר להם משה מה תריבון עמדי מה תנסון את יהוה
(232813, 66, 4);6;ו;103321;(2, 17, 3, 1, 103321);27250;(2, 17, 3, 1, 27250);ויצמא;1;1;ויצמא שם העם למים וילן העם על משה ויאמר למה זה העליתנו ממצרים להמית אתי ואת בני ואת מקני בצמא
(232813, 66, 4);40;מ;103387;(2, 17, 3, 67, 103387);27268;(2, 17, 3, 19, 27268);מקני;1;19;ויצמא שם העם למים וילן העם על משה ויאמר למה זה העליתנו ממצרים להמית אתי ואת בני ואת מקני בצמא
(232813, 66, 4);200;ר;103453;(2, 17, 5, 17, 103453);27286;(2, 17, 5, 5, 27286);עבר;3;5;ויאמר יהוה אל משה עבר לפני העם וקח אתך מזקני ישראל ומטך אשר הכית בו את היאר קח בידך והלכת
(232813, 66, 4);300;ש;103519;(2, 17, 6, 13, 103519);27305;(2, 17, 6, 4, 27305);שם;1;4;הנני עמד לפניך שם על הצור בחרב והכית בצור ויצאו ממנו מים ושתה העם ויעש כן משה לעיני זקני ישראל
(232813, 66, 4);200;ר;103585;(2, 17, 7, 4, 103585);27322;(2, 17, 7, 1, 27322);ויקרא;4;1;ויקרא שם המקום מסה ומריבה על ריב בני ישראל ועל נסתם את יהוה לאמר היש יהוה בקרבנו אם אין
(232813, 66, 4);6;ו;103651;(2, 17, 8, 1, 103651);27341;(2, 17, 8, 1, 27341);ויבא;1;1;ויבא עמלק וילחם עם ישראל ברפידם
(232813, 66, 4);200;ר;103717;(2, 17, 9, 41, 103717);27357;(2, 17, 9, 11, 27357);מחר;3;11;ויאמר משה אל יהושע בחר לנו אנשים וצא הלחם בעמלק מחר אנכי נצב על ראש הגבעה ומטה האלהים בידי
(232813, 66, 4);5;ה;103783;(2, 17, 10, 35, 103783);27374;(2, 17, 10, 9, 27374);ומשה;4;9;ויעש יהושע כאשר אמר לו משה להלחם בעמלק ומשה אהרן וחור עלו ראש הגבעה
(232813, 66, 4);100;ק;103849;(2, 17, 11, 47, 103849);27391;(2, 17, 11, 12, 27391);עמלק;4;12;והיה כאשר ירים משה ידו וגבר ישראל וכאשר יניח ידו וגבר עמלק
(232813, 66, 4);7;ז;103915;(2, 17, 12, 66, 103915);27407;(2, 17, 12, 16, 27407);ומזה;3;16;וידי משה כבדים ויקחו אבן וישימו תחתיו וישב עליה ואהרן וחור תמכו בידיו מזה אחד ומזה אחד ויהי ידיו אמונה עד בא השמש
(232813, 66, 4);300;ש;103981;(2, 17, 14, 13, 103981);27426;(2, 17, 14, 4, 27426);משה;2;4;ויאמר יהוה אל משה כתב זאת זכרון בספר ושים באזני יהושע כי מחה אמחה את זכר עמלק מתחת השמים
(232813, 66, 4);7;ז;104047;(2, 17, 15, 9, 104047);27444;(2, 17, 15, 3, 27444);מזבח;2;3;ויבן משה מזבח ויקרא שמו יהוה נסי
(232813, 66, 4);4;ד;104113;(2, 18, 1, 14, 104113);27463;(2, 18, 1, 4, 27463);מדין;2;4;וישמע יתרו כהן מדין חתן משה את כל אשר עשה אלהים למשה ולישראל עמו כי הוציא יהוה את ישראל ממצרים
(232813, 66, 4);10;י;104179;(2, 18, 2, 5, 104179);27481;(2, 18, 2, 2, 27481);יתרו;1;2;ויקח יתרו חתן משה את צפרה אשת משה אחר שלוחיה
(232813, 66, 4);2;ב;104245;(2, 18, 3, 36, 104245);27501;(2, 18, 3, 12, 27501);בארץ;1;12;ואת שני בניה אשר שם האחד גרשם כי אמר גר הייתי בארץ נכריה
(232813, 66, 4);50;נ;104311;(2, 18, 5, 17, 104311);27517;(2, 18, 5, 5, 27517);ובניו;3;5;ויבא יתרו חתן משה ובניו ואשתו אל משה אל המדבר אשר הוא חנה שם הר האלהים
(232813, 66, 4);6;ו;104377;(2, 18, 6, 28, 104377);27537;(2, 18, 6, 9, 27537);ואשתך;1;9;ויאמר אל משה אני חתנך יתרו בא אליך ואשתך ושני בניה עמה
(232813, 66, 4);1;א;104443;(2, 18, 7, 51, 104443);27552;(2, 18, 7, 12, 27552);ויבאו;4;12;ויצא משה לקראת חתנו וישתחו וישק לו וישאלו איש לרעהו לשלום ויבאו האהלה
(232813, 66, 4);1;א;104509;(2, 18, 8, 60, 104509);27570;(2, 18, 8, 17, 27570);אשר;1;17;ויספר משה לחתנו את כל אשר עשה יהוה לפרעה ולמצרים על אודת ישראל את כל התלאה אשר מצאתם בדרך ויצלם יהוה
(232813, 66, 4);90;צ;104575;(2, 18, 9, 46, 104575);27587;(2, 18, 9, 13, 27587);מצרים;2;13;ויחד יתרו על כל הטובה אשר עשה יהוה לישראל אשר הצילו מיד מצרים
(232813, 66, 4);40;מ;104641;(2, 18, 10, 63, 104641);27605;(2, 18, 10, 18, 27605);מצרים;1;18;ויאמר יתרו ברוך יהוה אשר הציל אתכם מיד מצרים ומיד פרעה אשר הציל את העם מתחת יד מצרים
(232813, 66, 4);6;ו;104707;(2, 18, 12, 18, 104707);27623;(2, 18, 12, 6, 27623);וזבחים;1;6;ויקח יתרו חתן משה עלה וזבחים לאלהים ויבא אהרן וכל זקני ישראל לאכל לחם עם חתן משה לפני האלהים
(232813, 66, 4);6;ו;104773;(2, 18, 13, 10, 104773);27639;(2, 18, 13, 3, 27639);וישב;1;3;ויהי ממחרת וישב משה לשפט את העם ויעמד העם על משה מן הבקר עד הערב
(232813, 66, 4);40;ם;104839;(2, 18, 14, 26, 104839);27660;(2, 18, 14, 9, 27660);לעם;3;9;וירא חתן משה את כל אשר הוא עשה לעם ויאמר מה הדבר הזה אשר אתה עשה לעם מדוע אתה יושב לבדך וכל העם נצב עליך מן בקר עד ערב
(232813, 66, 4);10;י;104905;(2, 18, 15, 2, 104905);27681;(2, 18, 15, 1, 27681);ויאמר;2;1;ויאמר משה לחתנו כי יבא אלי העם לדרש אלהים
(232813, 66, 4);70;ע;104971;(2, 18, 16, 35, 104971);27700;(2, 18, 16, 11, 27700);רעהו;2;11;כי יהיה להם דבר בא אלי ושפטתי בין איש ובין רעהו והודעתי את חקי האלהים ואת תורתיו
(232813, 66, 4);400;ת;105037;(2, 18, 18, 4, 105037);27718;(2, 18, 18, 2, 27718);תבל;1;2;נבל תבל גם אתה גם העם הזה אשר עמך כי כבד ממך הדבר לא תוכל עשהו לבדך
(232813, 66, 4);10;י;105103;(2, 18, 19, 19, 105103);27738;(2, 18, 19, 5, 27738);ויהי;4;5;עתה שמע בקלי איעצך ויהי אלהים עמך היה אתה לעם מול האלהים והבאת אתה את הדברים אל האלהים
(232813, 66, 4);100;ק;105169;(2, 18, 20, 16, 105169);27755;(2, 18, 20, 4, 27755);החקים;3;4;והזהרתה אתהם את החקים ואת התורת והודעת להם את הדרך ילכו בה ואת המעשה אשר יעשון
(232813, 66, 4);8;ח;105235;(2, 18, 21, 19, 105235);27773;(2, 18, 21, 6, 27773);חיל;1;6;ואתה תחזה מכל העם אנשי חיל יראי אלהים אנשי אמת שנאי בצע ושמת עלהם שרי אלפים שרי מאות שרי חמשים ושרי עשרת
(232813, 66, 4);300;ש;105301;(2, 18, 22, 2, 105301);27790;(2, 18, 22, 1, 27790);ושפטו;2;1;ושפטו את העם בכל עת והיה כל הדבר הגדל יביאו אליך וכל הדבר הקטן ישפטו הם והקל מעליך ונשאו אתך
(232813, 66, 4);300;ש;105367;(2, 18, 22, 68, 105367);27808;(2, 18, 22, 19, 27808);ונשאו;3;19;ושפטו את העם בכל עת והיה כל הדבר הגדל יביאו אליך וכל הדבר הקטן ישפטו הם והקל מעליך ונשאו אתך
(232813, 66, 4);40;מ;105433;(2, 18, 24, 4, 105433);27827;(2, 18, 24, 1, 27827);וישמע;4;1;וישמע משה לקול חתנו ויעש כל אשר אמר
(232813, 66, 4);200;ר;105499;(2, 18, 25, 42, 105499);27846;(2, 18, 25, 12, 27846);שרי;2;12;ויבחר משה אנשי חיל מכל ישראל ויתן אתם ראשים על העם שרי אלפים שרי מאות שרי חמשים ושרי עשרת
(232813, 66, 4);6;ו;105565;(2, 18, 26, 37, 105565);27865;(2, 18, 26, 12, 27865);וכל;1;12;ושפטו את העם בכל עת את הדבר הקשה יביאון אל משה וכל הדבר הקטן ישפוטו הם
(232813, 66, 4);30;ל;105631;(2, 19, 1, 22, 105631);27882;(2, 19, 1, 5, 27882);ישראל;5;5;בחדש השלישי לצאת בני ישראל מארץ מצרים ביום הזה באו מדבר סיני
(232813, 66, 4);50;ן;105697;(2, 19, 2, 39, 105697);27897;(2, 19, 2, 8, 27897);ויחן;4;8;ויסעו מרפידים ויבאו מדבר סיני ויחנו במדבר ויחן שם ישראל נגד ההר
(232813, 66, 4);400;ת;105763;(2, 19, 3, 53, 105763);27916;(2, 19, 3, 15, 27916);ותגיד;2;15;ומשה עלה אל האלהים ויקרא אליו יהוה מן ההר לאמר כה תאמר לבית יעקב ותגיד לבני ישראל
(232813, 66, 4);70;ע;105829;(2, 19, 5, 2, 105829);27932;(2, 19, 5, 1, 27932);ועתה;2;1;ועתה אם שמוע תשמעו בקלי ושמרתם את בריתי והייתם לי סגלה מכל העמים כי לי כל הארץ
(232813, 66, 4);5;ה;105895;(2, 19, 6, 6, 105895);27950;(2, 19, 6, 2, 27950);תהיו;2;2;ואתם תהיו לי ממלכת כהנים וגוי קדוש אלה הדברים אשר תדבר אל בני ישראל
(232813, 66, 4);5;ה;105961;(2, 19, 7, 18, 105961);27967;(2, 19, 7, 5, 27967);העם;1;5;ויבא משה ויקרא לזקני העם וישם לפניהם את כל הדברים האלה אשר צוהו יהוה
(232813, 66, 4);10;י;106027;(2, 19, 8, 29, 106027);27985;(2, 19, 8, 9, 27985);יהוה;1;9;ויענו כל העם יחדו ויאמרו כל אשר דבר יהוה נעשה וישב משה את דברי העם אל יהוה
(232813, 66, 4);2;ב;106093;(2, 19, 9, 37, 106093);28004;(2, 19, 9, 11, 28004);בעבור;3;11;ויאמר יהוה אל משה הנה אנכי בא אליך בעב הענן בעבור ישמע העם בדברי עמך וגם בך יאמינו לעולם ויגד משה את דברי העם אל יהוה
(232813, 66, 4);30;ל;106159;(2, 19, 10, 11, 106159);28022;(2, 19, 10, 3, 28022);אל;2;3;ויאמר יהוה אל משה לך אל העם וקדשתם היום ומחר וכבסו שמלתם
(232813, 66, 4);200;ר;106225;(2, 19, 11, 32, 106225);28039;(2, 19, 11, 8, 28039);ירד;2;8;והיו נכנים ליום השלישי כי ביום השלשי ירד יהוה לעיני כל העם על הר סיני
(232813, 66, 4);6;ו;106291;(2, 19, 12, 43, 106291);28057;(2, 19, 12, 11, 28057);בקצהו;5;11;והגבלת את העם סביב לאמר השמרו לכם עלות בהר ונגע בקצהו כל הנגע בהר מות יומת
(232813, 66, 4);5;ה;106357;(2, 19, 13, 50, 106357);28080;(2, 19, 13, 18, 28080);היבל;1;18;לא תגע בו יד כי סקול יסקל או ירה יירה אם בהמה אם איש לא יחיה במשך היבל המה יעלו בהר
(232813, 66, 4);20;כ;106423;(2, 19, 15, 15, 106423);28099;(2, 19, 15, 5, 28099);נכנים;2;5;ויאמר אל העם היו נכנים לשלשת ימים אל תגשו אל אשה
(232813, 66, 4);70;ע;106489;(2, 19, 16, 43, 106489);28116;(2, 19, 16, 11, 28116);על;1;11;ויהי ביום השלישי בהית הבקר ויהי קלת וברקים וענן כבד על ההר וקל שפר חזק מאד ויחרד כל העם אשר במחנה
(232813, 66, 4);6;ו;106555;(2, 19, 17, 32, 106555);28135;(2, 19, 17, 9, 28135);ויתיצבו;1;9;ויוצא משה את העם לקראת האלהים מן המחנה ויתיצבו בתחתית ההר
(232813, 66, 4);50;ן;106621;(2, 19, 18, 51, 106621);28151;(2, 19, 18, 14, 28151);הכבשן;5;14;והר סיני עשן כלו מפני אשר ירד עליו יהוה באש ויעל עשנו כעשן הכבשן ויחרד כל ההר מאד
(232813, 66, 4);5;ה;106687;(2, 19, 20, 8, 106687);28168;(2, 19, 20, 2, 28168);יהוה;4;2;וירד יהוה על הר סיני אל ראש ההר ויקרא יהוה למשה אל ראש ההר ויעל משה
(232813, 66, 4);40;ם;106753;(2, 19, 21, 22, 106753);28189;(2, 19, 21, 7, 28189);בעם;3;7;ויאמר יהוה אל משה רד העד בעם פן יהרסו אל יהוה לראות ונפל ממנו רב
(232813, 66, 4);5;ה;106819;(2, 19, 22, 38, 106819);28207;(2, 19, 22, 10, 28207);יהוה;2;10;וגם הכהנים הנגשים אל יהוה יתקדשו פן יפרץ בהם יהוה
(232813, 66, 4);4;ד;106885;(2, 19, 23, 64, 106885);28227;(2, 19, 23, 20, 28227);וקדשתו;3;20;ויאמר משה אל יהוה לא יוכל העם לעלת אל הר סיני כי אתה העדתה בנו לאמר הגבל את ההר וקדשתו
(232813, 66, 4);50;ן;106951;(2, 19, 24, 63, 106951);28244;(2, 19, 24, 17, 28244);פן;2;17;ויאמר אליו יהוה לך רד ועלית אתה ואהרן עמך והכהנים והעם אל יהרסו לעלת אל יהוה פן יפרץ בם
(232813, 66, 4);5;ה;107017;(2, 20, 2, 11, 107017);28262;(2, 20, 2, 3, 28262);אלהיך;3;3;אנכי יהוה אלהיך אשר הוצאתיך מארץ מצרים מבית עבדים
(232813, 66, 4);20;כ;107083;(2, 20, 4, 13, 107083);28280;(2, 20, 4, 5, 28280);וכל;2;5;לא תעשה לך פסל וכל תמונה אשר בשמים ממעל ואשר בארץ מתחת ואשר במים מתחת לארץ
(232813, 66, 4);20;כ;107149;(2, 20, 5, 20, 107149);28297;(2, 20, 5, 6, 28297);כי;1;6;לא תשתחוה להם ולא תעבדם כי אנכי יהוה אלהיך אל קנא פקד עון אבת על בנים על שלשים ועל רבעים לשנאי
(232813, 66, 4);10;י;107215;(2, 20, 6, 12, 107215);28315;(2, 20, 6, 3, 28315);לאלפים;5;3;ועשה חסד לאלפים לאהבי ולשמרי מצותי
(232813, 66, 4);300;ש;107281;(2, 20, 7, 49, 107281);28335;(2, 20, 7, 17, 28335);לשוא;2;17;לא תשא את שם יהוה אלהיך לשוא כי לא ינקה יהוה את אשר ישא את שמו לשוא
(232813, 66, 4);10;י;107347;(2, 20, 10, 22, 107347);28351;(2, 20, 10, 5, 28351);אלהיך;4;5;ויום השביעי שבת ליהוה אלהיך לא תעשה כל מלאכה אתה ובנך ובתך עבדך ואמתך ובהמתך וגרך אשר בשעריך
(232813, 66, 4);10;י;107413;(2, 20, 11, 13, 107413);28369;(2, 20, 11, 5, 28369);יהוה;1;5;כי ששת ימים עשה יהוה את השמים ואת הארץ את הים ואת כל אשר בם וינח ביום השביעי על כן ברך יהוה את יום השבת ויקדשהו
(232813, 66, 4);400;ת;107479;(2, 20, 11, 79, 107479);28389;(2, 20, 11, 25, 28389);השבת;4;25;כי ששת ימים עשה יהוה את השמים ואת הארץ את הים ואת כל אשר בם וינח ביום השביעי על כן ברך יהוה את יום השבת ויקדשהו
(232813, 66, 4);8;ח;107545;(2, 20, 13, 6, 107545);28407;(2, 20, 13, 2, 28407);תרצח;4;2;לא תרצח לא תנאף לא תגנב לא תענה ברעך עד שקר
(232813, 66, 4);6;ו;107611;(2, 20, 14, 39, 107611);28427;(2, 20, 14, 11, 28427);ושורו;5;11;לא תחמד בית רעך לא תחמד אשת רעך ועבדו ואמתו ושורו וחמרו וכל אשר לרעך
(232813, 66, 4);70;ע;107677;(2, 20, 15, 51, 107677);28446;(2, 20, 15, 15, 28446);העם;2;15;וכל העם ראים את הקולת ואת הלפידם ואת קול השפר ואת ההר עשן וירא העם וינעו ויעמדו מרחק
(232813, 66, 4);6;ו;107743;(2, 20, 17, 1, 107743);28463;(2, 20, 17, 1, 28463);ויאמר;1;1;ויאמר משה אל העם אל תיראו כי לבעבור נסות אתכם בא האלהים ובעבור תהיה יראתו על פניכם לבלתי תחטאו
(232813, 66, 4);30;ל;107809;(2, 20, 17, 67, 107809);28480;(2, 20, 17, 18, 28480);לבלתי;1;18;ויאמר משה אל העם אל תיראו כי לבעבור נסות אתכם בא האלהים ובעבור תהיה יראתו על פניכם לבלתי תחטאו
(232813, 66, 4);200;ר;107875;(2, 20, 19, 20, 107875);28497;(2, 20, 19, 6, 28497);תאמר;4;6;ויאמר יהוה אל משה כה תאמר אל בני ישראל אתם ראיתם כי מן השמים דברתי עמכם
(232813, 66, 4);300;ש;107941;(2, 20, 20, 30, 107941);28516;(2, 20, 20, 9, 28516);תעשו;3;9;לא תעשון אתי אלהי כסף ואלהי זהב לא תעשו לכם
(232813, 66, 4);200;ר;108007;(2, 20, 21, 62, 108007);28534;(2, 20, 21, 17, 28534);אשר;3;17;מזבח אדמה תעשה לי וזבחת עליו את עלתיך ואת שלמיך את צאנך ואת בקרך בכל המקום אשר אזכיר את שמי אבוא אליך וברכתיך
(232813, 66, 4);80;פ;108073;(2, 20, 22, 41, 108073);28552;(2, 20, 22, 12, 28552);הנפת;3;12;ואם מזבח אבנים תעשה לי לא תבנה אתהן גזית כי חרבך הנפת עליה ותחללה
(232813, 66, 4);40;ם;108139;(2, 21, 1, 18, 108139);28568;(2, 21, 1, 4, 28568);תשים;4;4;ואלה המשפטים אשר תשים לפניהם
(232813, 66, 4);70;ע;108205;(2, 21, 3, 20, 108205);28587;(2, 21, 3, 7, 28587);בעל;2;7;אם בגפו יבא בגפו יצא אם בעל אשה הוא ויצאה אשתו עמו
(232813, 66, 4);30;ל;108271;(2, 21, 4, 47, 108271);28606;(2, 21, 4, 14, 28606);לאדניה;1;14;אם אדניו יתן לו אשה וילדה לו בנים או בנות האשה וילדיה תהיה לאדניה והוא יצא בגפו
(232813, 66, 4);10;י;108337;(2, 21, 6, 4, 108337);28624;(2, 21, 6, 1, 28624);והגישו;4;1;והגישו אדניו אל האלהים והגישו אל הדלת או אל המזוזה ורצע אדניו את אזנו במרצע ועבדו לעלם
(232813, 66, 4);40;ם;108403;(2, 21, 6, 70, 108403);28640;(2, 21, 6, 17, 28640);לעלם;4;17;והגישו אדניו אל האלהים והגישו אל הדלת או אל המזוזה ורצע אדניו את אזנו במרצע ועבדו לעלם
(232813, 66, 4);40;ם;108469;(2, 21, 8, 32, 108469);28659;(2, 21, 8, 9, 28659);לעם;3;9;אם רעה בעיני אדניה אשר לא יעדה והפדה לעם נכרי לא ימשל למכרה בבגדו בה
(232813, 66, 4);5;ה;108535;(2, 21, 10, 15, 108535);28677;(2, 21, 10, 5, 28677);שארה;4;5;אם אחרת יקח לו שארה כסותה וענתה לא יגרע
(232813, 66, 4);300;ש;108601;(2, 21, 13, 3, 108601);28697;(2, 21, 13, 1, 28697);ואשר;3;1;ואשר לא צדה והאלהים אנה לידו ושמתי לך מקום אשר ינוס שמה
(232813, 66, 4);5;ה;108667;(2, 21, 14, 25, 108667);28715;(2, 21, 14, 7, 28715);בערמה;5;7;וכי יזד איש על רעהו להרגו בערמה מעם מזבחי תקחנו למות
(232813, 66, 4);40;מ;108733;(2, 21, 17, 2, 108733);28732;(2, 21, 17, 1, 28732);ומקלל;2;1;ומקלל אביו ואמו מות יומת
(232813, 66, 4);30;ל;108799;(2, 21, 18, 48, 108799);28749;(2, 21, 18, 13, 28749);ונפל;4;13;וכי יריבן אנשים והכה איש את רעהו באבן או באגרף ולא ימות ונפל למשכב
(232813, 66, 4);70;ע;108865;(2, 21, 20, 12, 108865);28768;(2, 21, 20, 5, 28768);עבדו;1;5;וכי יכה איש את עבדו או את אמתו בשבט ומת תחת ידו נקם ינקם
(232813, 66, 4);10;י;108931;(2, 21, 22, 3, 108931);28789;(2, 21, 22, 1, 28789);וכי;3;1;וכי ינצו אנשים ונגפו אשה הרה ויצאו ילדיה ולא יהיה אסון ענוש יענש כאשר ישית עליו בעל האשה ונתן בפללים
(232813, 66, 4);1;א;108997;(2, 21, 22, 69, 108997);28806;(2, 21, 22, 18, 28806);האשה;2;18;וכי ינצו אנשים ונגפו אשה הרה ויצאו ילדיה ולא יהיה אסון ענוש יענש כאשר ישית עליו בעל האשה ונתן בפללים
(232813, 66, 4);400;ת;109063;(2, 21, 24, 29, 109063);28826;(2, 21, 24, 11, 28826);תחת;3;11;עין תחת עין שן תחת שן יד תחת יד רגל תחת רגל
(232813, 66, 4);6;ו;109129;(2, 21, 26, 30, 109129);28847;(2, 21, 26, 11, 28847);ושחתה;1;11;וכי יכה איש את עין עבדו או את עין אמתו ושחתה לחפשי ישלחנו תחת עינו
(232813, 66, 4);8;ח;109195;(2, 21, 28, 6, 109195);28864;(2, 21, 28, 2, 28864);יגח;3;2;וכי יגח שור את איש או את אשה ומת סקול יסקל השור ולא יאכל את בשרו ובעל השור נקי
(232813, 66, 4);1;א;109261;(2, 21, 29, 12, 109261);28885;(2, 21, 29, 4, 28885);הוא;3;4;ואם שור נגח הוא מתמל שלשם והועד בבעליו ולא ישמרנו והמית איש או אשה השור יסקל וגם בעליו יומת
(232813, 66, 4);200;ר;109327;(2, 21, 30, 5, 109327);28902;(2, 21, 30, 2, 28902);כפר;3;2;אם כפר יושת עליו ונתן פדין נפשו ככל אשר יושת עליו
(232813, 66, 4);2;ב;109393;(2, 21, 32, 4, 109393);28923;(2, 21, 32, 2, 28923);עבד;2;2;אם עבד יגח השור או אמה כסף שלשים שקלים יתן לאדניו והשור יסקל
(232813, 66, 4);1;א;109459;(2, 21, 33, 22, 109459);28942;(2, 21, 33, 8, 28942);איש;1;8;וכי יפתח איש בור או כי יכרה איש בר ולא יכסנו ונפל שמה שור או חמור
(232813, 66, 4);10;י;109525;(2, 21, 35, 4, 109525);28961;(2, 21, 35, 2, 28961);יגף;1;2;וכי יגף שור איש את שור רעהו ומת ומכרו את השור החי וחצו את כספו וגם את המת יחצון
(232813, 66, 4);300;ש;109591;(2, 21, 36, 9, 109591);28982;(2, 21, 36, 4, 28982);שור;1;4;או נודע כי שור נגח הוא מתמול שלשם ולא ישמרנו בעליו שלם ישלם שור תחת השור והמת יהיה לו
(232813, 66, 4);10;י;109657;(2, 21, 37, 8, 109657);29000;(2, 21, 37, 3, 29000);איש;2;3;כי יגנב איש שור או שה וטבחו או מכרו חמשה בקר ישלם תחת השור וארבע צאן תחת השה
(232813, 66, 4);50;נ;109723;(2, 22, 1, 15, 109723);29019;(2, 22, 1, 4, 29019);הגנב;3;4;אם במחתרת ימצא הגנב והכה ומת אין לו דמים
(232813, 66, 4);40;מ;109789;(2, 22, 3, 4, 109789);29039;(2, 22, 3, 2, 29039);המצא;2;2;אם המצא תמצא בידו הגנבה משור עד חמור עד שה חיים שנים ישלם
(232813, 66, 4);70;ע;109855;(2, 22, 4, 25, 109855);29059;(2, 22, 4, 9, 29059);בעירה;2;9;כי יבער איש שדה או כרם ושלח את בעירה ובער בשדה אחר מיטב שדהו ומיטב כרמו ישלם
(232813, 66, 4);5;ה;109921;(2, 22, 5, 31, 109921);29076;(2, 22, 5, 9, 29076);הקמה;4;9;כי תצא אש ומצאה קצים ונאכל גדיש או הקמה או השדה שלם ישלם המבער את הבערה
(232813, 66, 4);40;ם;109987;(2, 22, 6, 41, 109987);29096;(2, 22, 6, 13, 29096);אם;2;13;כי יתן איש אל רעהו כסף או כלים לשמר וגנב מבית האיש אם ימצא הגנב ישלם שנים
(232813, 66, 4);70;ע;110053;(2, 22, 7, 50, 110053);29115;(2, 22, 7, 15, 29115);רעהו;2;15;אם לא ימצא הגנב ונקרב בעל הבית אל האלהים אם לא שלח ידו במלאכת רעהו
(232813, 66, 4);1;א;110119;(2, 22, 8, 64, 110119);29138;(2, 22, 8, 23, 29138);יבא;3;23;על כל דבר פשע על שור על חמור על שה על שלמה על כל אבדה אשר יאמר כי הוא זה עד האלהים יבא דבר שניהם אשר ירשיען אלהים ישלם שנים לרעהו
(232813, 66, 4);2;ב;110185;(2, 22, 9, 31, 110185);29158;(2, 22, 9, 12, 29158);בהמה;1;12;כי יתן איש אל רעהו חמור או שור או שה וכל בהמה לשמר ומת או נשבר או נשבה אין ראה
(232813, 66, 4);70;ע;110251;(2, 22, 10, 38, 110251);29177;(2, 22, 10, 11, 29177);רעהו;2;11;שבעת יהוה תהיה בין שניהם אם לא שלח ידו במלאכת רעהו ולקח בעליו ולא ישלם
(232813, 66, 4);10;י;110317;(2, 22, 12, 24, 110317);29195;(2, 22, 12, 8, 29195);ישלם;1;8;אם טרף יטרף יבאהו עד הטרפה לא ישלם
(232813, 66, 4);300;ש;110383;(2, 22, 14, 19, 110383);29215;(2, 22, 14, 7, 29215);שכיר;1;7;אם בעליו עמו לא ישלם אם שכיר הוא בא בשכרו
(232813, 66, 4);40;מ;110449;(2, 22, 16, 7, 110449);29234;(2, 22, 16, 3, 29234);ימאן;2;3;אם מאן ימאן אביה לתתה לו כסף ישקל כמהר הבתולת
(232813, 66, 4);10;י;110515;(2, 22, 19, 8, 110515);29252;(2, 22, 19, 2, 29252);לאלהים;5;2;זבח לאלהים יחרם בלתי ליהוה לבדו
(232813, 66, 4);400;ת;110581;(2, 22, 21, 10, 110581);29269;(2, 22, 21, 3, 29269);ויתום;3;3;כל אלמנה ויתום לא תענון
(232813, 66, 4);8;ח;110647;(2, 22, 23, 19, 110647);29288;(2, 22, 23, 5, 29288);בחרב;2;5;וחרה אפי והרגתי אתכם בחרב והיו נשיכם אלמנות ובניכם יתמים
(232813, 66, 4);400;ת;110713;(2, 22, 24, 38, 110713);29307;(2, 22, 24, 14, 29307);תשימון;1;14;אם כסף תלוה את עמי את העני עמך לא תהיה לו כנשה לא תשימון עליו נשך
(232813, 66, 4);6;ו;110779;(2, 22, 26, 22, 110779);29325;(2, 22, 26, 6, 29325);שמלתו;5;6;כי הוא כסותה לבדה הוא שמלתו לערו במה ישכב והיה כי יצעק אלי ושמעתי כי חנון אני
(232813, 66, 4);30;ל;110845;(2, 22, 28, 2, 110845);29344;(2, 22, 28, 1, 29344);מלאתך;2;1;מלאתך ודמעך לא תאחר בכור בניך תתן לי
(232813, 66, 4);40;מ;110911;(2, 22, 29, 39, 110911);29362;(2, 22, 29, 11, 29362);השמיני;3;11;כן תעשה לשרך לצאנך שבעת ימים יהיה עם אמו ביום השמיני תתנו לי
(232813, 66, 4);6;ו;110977;(2, 23, 1, 10, 110977);29380;(2, 23, 1, 4, 29380);שוא;2;4;לא תשא שמע שוא אל תשת ידך עם רשע להית עד חמס
(232813, 66, 4);5;ה;111043;(2, 23, 2, 43, 111043);29401;(2, 23, 2, 13, 29401);להטת;2;13;לא תהיה אחרי רבים לרעת ולא תענה על רב לנטת אחרי רבים להטת
(232813, 66, 4);90;ץ;111109;(2, 23, 5, 17, 111109);29420;(2, 23, 5, 5, 29420);רבץ;3;5;כי תראה חמור שנאך רבץ תחת משאו וחדלת מעזב לו עזב תעזב עמו
(232813, 66, 4);10;י;111175;(2, 23, 7, 19, 111175);29438;(2, 23, 7, 5, 29438);וצדיק;4;5;מדבר שקר תרחק ונקי וצדיק אל תהרג כי לא אצדיק רשע
(232813, 66, 4);8;ח;111241;(2, 23, 9, 8, 111241);29457;(2, 23, 9, 3, 29457);תלחץ;3;3;וגר לא תלחץ ואתם ידעתם את נפש הגר כי גרים הייתם בארץ מצרים
(232813, 66, 4);1;א;111307;(2, 23, 10, 28, 111307);29475;(2, 23, 10, 8, 29475);תבואתה;4;8;ושש שנים תזרע את ארצך ואספת את תבואתה
(232813, 66, 4);20;ך;111373;(2, 23, 11, 64, 111373);29489;(2, 23, 11, 14, 29489);לזיתך;5;14;והשביעת תשמטנה ונטשתה ואכלו אביני עמך ויתרם תאכל חית השדה כן תעשה לכרמך לזיתך
(232813, 66, 4);20;כ;111439;(2, 23, 13, 3, 111439);29505;(2, 23, 13, 1, 29505);ובכל;3;1;ובכל אשר אמרתי אליכם תשמרו ושם אלהים אחרים לא תזכירו לא ישמע על פיך
(232813, 66, 4);300;ש;111505;(2, 23, 14, 15, 111505);29523;(2, 23, 14, 5, 29523);בשנה;2;5;שלש רגלים תחג לי בשנה
(232813, 66, 4);10;י;111571;(2, 23, 15, 64, 111571);29540;(2, 23, 15, 17, 29540);ממצרים;5;17;את חג המצות תשמר שבעת ימים תאכל מצות כאשר צויתך למועד חדש האביב כי בו יצאת ממצרים ולא יראו פני ריקם
(232813, 66, 4);400;ת;111637;(2, 23, 16, 51, 111637);29557;(2, 23, 16, 13, 29557);את;2;13;וחג הקציר בכורי מעשיך אשר תזרע בשדה וחג האסף בצאת השנה באספך את מעשיך מן השדה
(232813, 66, 4);30;ל;111703;(2, 23, 18, 19, 111703);29577;(2, 23, 18, 7, 29577);ולא;2;7;לא תזבח על חמץ דם זבחי ולא ילין חלב חגי עד בקר
(232813, 66, 4);5;ה;111769;(2, 23, 20, 3, 111769);29595;(2, 23, 20, 1, 29595);הנה;3;1;הנה אנכי שלח מלאך לפניך לשמרך בדרך ולהביאך אל המקום אשר הכנתי
(232813, 66, 4);30;ל;111835;(2, 23, 21, 19, 111835);29611;(2, 23, 21, 5, 29611);אל;2;5;השמר מפניו ושמע בקלו אל תמר בו כי לא ישא לפשעכם כי שמי בקרבו
(232813, 66, 4);400;ת;111901;(2, 23, 22, 38, 111901);29631;(2, 23, 22, 11, 29631);את;2;11;כי אם שמוע תשמע בקלו ועשית כל אשר אדבר ואיבתי את איביך וצרתי את צרריך
(232813, 66, 4);6;ו;111967;(2, 23, 23, 49, 111967);29646;(2, 23, 23, 11, 29646);החוי;3;11;כי ילך מלאכי לפניך והביאך אל האמרי והחתי והפרזי והכנעני החוי והיבוסי והכחדתיו
(232813, 66, 4);2;ב;112033;(2, 23, 24, 50, 112033);29660;(2, 23, 24, 12, 29660);ושבר;3;12;לא תשתחוה לאלהיהם ולא תעבדם ולא תעשה כמעשיהם כי הרס תהרסם ושבר תשבר מצבתיהם
(232813, 66, 4);400;ת;112099;(2, 23, 26, 3, 112099);29676;(2, 23, 26, 2, 29676);תהיה;1;2;לא תהיה משכלה ועקרה בארצך את מספר ימיך אמלא
(232813, 66, 4);1;א;112165;(2, 23, 27, 34, 112165);29693;(2, 23, 27, 10, 29693);תבא;3;10;את אימתי אשלח לפניך והמתי את כל העם אשר תבא בהם ונתתי את כל איביך אליך ערף
(232813, 66, 4);8;ח;112231;(2, 23, 28, 42, 112231);29711;(2, 23, 28, 11, 29711);החתי;2;11;ושלחתי את הצרעה לפניך וגרשה את החוי את הכנעני ואת החתי מלפניך
(232813, 66, 4);200;ר;112297;(2, 23, 30, 9, 112297);29728;(2, 23, 30, 3, 29728);אגרשנו;3;3;מעט מעט אגרשנו מפניך עד אשר תפרה ונחלת את הארץ
(232813, 66, 4);5;ה;112363;(2, 23, 31, 38, 112363);29746;(2, 23, 31, 11, 29746);הנהר;3;11;ושתי את גבלך מים סוף ועד ים פלשתים וממדבר עד הנהר כי אתן בידכם את ישבי הארץ וגרשתמו מפניך
(232813, 66, 4);80;פ;112429;(2, 23, 33, 12, 112429);29763;(2, 23, 33, 4, 29763);פן;1;4;לא ישבו בארצך פן יחטיאו אתך לי כי תעבד את אלהיהם כי יהיה לך למוקש
(232813, 66, 4);50;נ;112495;(2, 24, 1, 27, 112495);29783;(2, 24, 1, 9, 29783);נדב;1;9;ואל משה אמר עלה אל יהוה אתה ואהרן נדב ואביהוא ושבעים מזקני ישראל והשתחויתם מרחק
(232813, 66, 4);5;ה;112561;(2, 24, 2, 28, 112561);29798;(2, 24, 2, 9, 29798);והעם;2;9;ונגש משה לבדו אל יהוה והם לא יגשו והעם לא יעלו עמו
(232813, 66, 4);6;ו;112627;(2, 24, 3, 55, 112627);29818;(2, 24, 3, 17, 29818);ויאמרו;1;17;ויבא משה ויספר לעם את כל דברי יהוה ואת כל המשפטים ויען כל העם קול אחד ויאמרו כל הדברים אשר דבר יהוה נעשה
(232813, 66, 4);8;ח;112693;(2, 24, 4, 39, 112693);29835;(2, 24, 4, 11, 29835);תחת;2;11;ויכתב משה את כל דברי יהוה וישכם בבקר ויבן מזבח תחת ההר ושתים עשרה מצבה לשנים עשר שבטי ישראל
(232813, 66, 4);8;ח;112759;(2, 24, 5, 32, 112759);29851;(2, 24, 5, 8, 29851);ויזבחו;5;8;וישלח את נערי בני ישראל ויעלו עלת ויזבחו זבחים שלמים ליהוה פרים
(232813, 66, 4);200;ר;112825;(2, 24, 7, 7, 112825);29868;(2, 24, 7, 2, 29868);ספר;3;2;ויקח ספר הברית ויקרא באזני העם ויאמרו כל אשר דבר יהוה נעשה ונשמע
(232813, 66, 4);70;ע;112891;(2, 24, 8, 21, 112891);29886;(2, 24, 8, 7, 29886);העם;2;7;ויקח משה את הדם ויזרק על העם ויאמר הנה דם הברית אשר כרת יהוה עמכם על כל הדברים האלה
(232813, 66, 4);1;א;112957;(2, 24, 9, 22, 112957);29903;(2, 24, 9, 5, 29903);ואביהוא;7;5;ויעל משה ואהרן נדב ואביהוא ושבעים מזקני ישראל
(232813, 66, 4);30;ל;113023;(2, 24, 10, 50, 113023);29918;(2, 24, 10, 12, 29918);לטהר;1;12;ויראו את אלהי ישראל ותחת רגליו כמעשה לבנת הספיר וכעצם השמים לטהר
(232813, 66, 4);70;ע;113089;(2, 24, 12, 15, 113089);29935;(2, 24, 12, 5, 29935);עלה;1;5;ויאמר יהוה אל משה עלה אלי ההרה והיה שם ואתנה לך את לחת האבן והתורה והמצוה אשר כתבתי להורתם
(232813, 66, 4);10;י;113155;(2, 24, 13, 9, 113155);29952;(2, 24, 13, 3, 29952);ויהושע;2;3;ויקם משה ויהושע משרתו ויעל משה אל הר האלהים
(232813, 66, 4);1;א;113221;(2, 24, 14, 40, 113221);29970;(2, 24, 14, 12, 29970);אהרן;1;12;ואל הזקנים אמר שבו לנו בזה עד אשר נשוב אליכם והנה אהרן וחור עמכם מי בעל דברים יגש אלהם
(232813, 66, 4);5;ה;113287;(2, 24, 16, 13, 113287);29988;(2, 24, 16, 3, 29988);יהוה;4;3;וישכן כבוד יהוה על הר סיני ויכסהו הענן ששת ימים ויקרא אל משה ביום השביעי מתוך הענן
(232813, 66, 4);5;ה;113353;(2, 24, 17, 13, 113353);30005;(2, 24, 17, 3, 30005);יהוה;4;3;ומראה כבוד יהוה כאש אכלת בראש ההר לעיני בני ישראל
(232813, 66, 4);10;י;113419;(2, 24, 18, 39, 113419);30023;(2, 24, 18, 11, 30023);ארבעים;5;11;ויבא משה בתוך הענן ויעל אל ההר ויהי משה בהר ארבעים יום וארבעים לילה
(232813, 66, 4);300;ש;113485;(2, 25, 2, 33, 113485);30041;(2, 25, 2, 10, 30041);איש;3;10;דבר אל בני ישראל ויקחו לי תרומה מאת כל איש אשר ידבנו לבו תקחו את תרומתי
(232813, 66, 4);40;מ;113551;(2, 25, 4, 10, 113551);30057;(2, 25, 4, 2, 30057);וארגמן;5;2;ותכלת וארגמן ותולעת שני ושש ועזים
(232813, 66, 4);5;ה;113617;(2, 25, 6, 17, 113617);30073;(2, 25, 6, 5, 30073);המשחה;1;5;שמן למאר בשמים לשמן המשחה ולקטרת הסמים
(232813, 66, 4);1;א;113683;(2, 25, 9, 4, 113683);30088;(2, 25, 9, 2, 30088);אשר;1;2;ככל אשר אני מראה אותך את תבנית המשכן ואת תבנית כל כליו וכן תעשו
(232813, 66, 4);40;ם;113749;(2, 25, 10, 20, 113749);30105;(2, 25, 10, 5, 30105);אמתים;5;5;ועשו ארון עצי שטים אמתים וחצי ארכו ואמה וחצי רחבו ואמה וחצי קמתו
(232813, 66, 4);400;ת;113815;(2, 25, 11, 34, 113815);30121;(2, 25, 11, 8, 30121);ועשית;5;8;וצפית אתו זהב טהור מבית ומחוץ תצפנו ועשית עליו זר זהב סביב
(232813, 66, 4);400;ת;113881;(2, 25, 12, 53, 113881);30139;(2, 25, 12, 14, 30139);האחת;4;14;ויצקת לו ארבע טבעת זהב ונתתה על ארבע פעמתיו ושתי טבעת על צלעו האחת ושתי טבעת על צלעו השנית
(232813, 66, 4);30;ל;113947;(2, 25, 14, 21, 113947);30157;(2, 25, 14, 6, 30157);צלעת;2;6;והבאת את הבדים בטבעת על צלעת הארן לשאת את הארן בהם
(232813, 66, 4);200;ר;114013;(2, 25, 16, 19, 114013);30175;(2, 25, 16, 6, 30175);אשר;3;6;ונתת אל הארן את העדת אשר אתן אליך
(232813, 66, 4);40;מ;114079;(2, 25, 18, 18, 114079);30192;(2, 25, 18, 5, 30192);מקשה;1;5;ועשית שנים כרבים זהב מקשה תעשה אתם משני קצות הכפרת
(232813, 66, 4);300;ש;114145;(2, 25, 19, 43, 114145);30209;(2, 25, 19, 12, 30209);תעשו;3;12;ועשה כרוב אחד מקצה מזה וכרוב אחד מקצה מזה מן הכפרת תעשו את הכרבים על שני קצותיו
(232813, 66, 4);50;נ;114211;(2, 25, 20, 46, 114211);30224;(2, 25, 20, 10, 30224);ופניהם;3;10;והיו הכרבים פרשי כנפים למעלה סככים בכנפיהם על הכפרת ופניהם איש אל אחיו אל הכפרת יהיו פני הכרבים
(232813, 66, 4);1;א;114277;(2, 25, 21, 34, 114277);30242;(2, 25, 21, 10, 30242);את;1;10;ונתת את הכפרת על הארן מלמעלה ואל הארן תתן את העדת אשר אתן אליך
(232813, 66, 4);5;ה;114343;(2, 25, 22, 51, 114343);30260;(2, 25, 22, 14, 30260);העדת;1;14;ונועדתי לך שם ודברתי אתך מעל הכפרת מבין שני הכרבים אשר על ארון העדת את כל אשר אצוה אותך אל בני ישראל
(232813, 66, 4);6;ו;114409;(2, 25, 23, 38, 114409);30278;(2, 25, 23, 10, 30278);וחצי;1;10;ועשית שלחן עצי שטים אמתים ארכו ואמה רחבו ואמה וחצי קמתו
(232813, 66, 4);5;ה;114475;(2, 25, 25, 28, 114475);30296;(2, 25, 25, 8, 30296);זהב;2;8;ועשית לו מסגרת טפח סביב ועשית זר זהב למסגרתו סביב
(232813, 66, 4);70;ע;114541;(2, 25, 27, 2, 114541);30313;(2, 25, 27, 1, 30313);לעמת;2;1;לעמת המסגרת תהיין הטבעת לבתים לבדים לשאת את השלחן
(232813, 66, 4);40;ם;114607;(2, 25, 28, 27, 114607);30328;(2, 25, 28, 7, 30328);אתם;3;7;ועשית את הבדים עצי שטים וצפית אתם זהב ונשא בם את השלחן
(232813, 66, 4);70;ע;114673;(2, 25, 29, 50, 114673);30344;(2, 25, 29, 11, 30344);תעשה;2;11;ועשית קערתיו וכפתיו וקשותיו ומנקיתיו אשר יסך בהן זהב טהור תעשה אתם
(232813, 66, 4);5;ה;114739;(2, 25, 31, 35, 114739);30360;(2, 25, 31, 8, 30360);ירכה;4;8;ועשית מנרת זהב טהור מקשה תיעשה המנורה ירכה וקנה גביעיה כפתריה ופרחיה ממנה יהיו
(232813, 66, 4);8;ח;114805;(2, 25, 32, 36, 114805);30375;(2, 25, 32, 9, 30375);האחד;3;9;וששה קנים יצאים מצדיה שלשה קני מנרה מצדה האחד ושלשה קני מנרה מצדה השני
(232813, 66, 4);4;ד;114871;(2, 25, 33, 45, 114871);30390;(2, 25, 33, 10, 30390);משקדים;4;10;שלשה גבעים משקדים בקנה האחד כפתר ופרח ושלשה גבעים משקדים בקנה האחד כפתר ופרח כן לששת הקנים היצאים מן המנרה
(232813, 66, 4);80;פ;114937;(2, 25, 34, 24, 114937);30405;(2, 25, 34, 5, 30405);כפתריה;2;5;ובמנרה ארבעה גבעים משקדים כפתריה ופרחיה
(232813, 66, 4);40;ם;115003;(2, 25, 35, 56, 115003);30420;(2, 25, 35, 14, 30420);הקנים;5;14;וכפתר תחת שני הקנים ממנה וכפתר תחת שני הקנים ממנה וכפתר תחת שני הקנים ממנה לששת הקנים היצאים מן המנרה
(232813, 66, 4);300;ש;115069;(2, 25, 37, 3, 115069);30436;(2, 25, 37, 1, 30436);ועשית;3;1;ועשית את נרתיה שבעה והעלה את נרתיה והאיר על עבר פניה
(232813, 66, 4);2;ב;115135;(2, 25, 39, 6, 115135);30452;(2, 25, 39, 2, 30452);זהב;3;2;ככר זהב טהור יעשה אתה את כל הכלים האלה
(232813, 66, 4);300;ש;115201;(2, 26, 1, 14, 115201);30470;(2, 26, 1, 4, 30470);עשר;2;4;ואת המשכן תעשה עשר יריעת שש משזר ותכלת וארגמן ותלעת שני כרבים מעשה חשב תעשה אתם
(232813, 66, 4);50;נ;115267;(2, 26, 2, 16, 115267);30486;(2, 26, 2, 4, 30486);שמנה;3;4;ארך היריעה האחת שמנה ועשרים באמה ורחב ארבע באמה היריעה האחת מדה אחת לכל היריעת
(232813, 66, 4);400;ת;115333;(2, 26, 3, 18, 115333);30501;(2, 26, 3, 4, 30501);חברת;4;4;חמש היריעת תהיין חברת אשה אל אחתה וחמש יריעת חברת אשה אל אחתה
(232813, 66, 4);2;ב;115399;(2, 26, 4, 35, 115399);30519;(2, 26, 4, 9, 30519);בחברת;3;9;ועשית ללאת תכלת על שפת היריעה האחת מקצה בחברת וכן תעשה בשפת היריעה הקיצונה במחברת השנית
(232813, 66, 4);40;ם;115465;(2, 26, 5, 29, 115465);30532;(2, 26, 5, 6, 30532);וחמשים;6;6;חמשים ללאת תעשה ביריעה האחת וחמשים ללאת תעשה בקצה היריעה אשר במחברת השנית מקבילת הללאת אשה אל אחתה
(232813, 66, 4);10;י;115531;(2, 26, 6, 14, 115531);30547;(2, 26, 6, 3, 30547);קרסי;4;3;ועשית חמשים קרסי זהב וחברת את היריעת אשה אל אחתה בקרסים והיה המשכן אחד
(232813, 66, 4);300;ש;115597;(2, 26, 7, 23, 115597);30564;(2, 26, 7, 6, 30564);המשכן;3;6;ועשית יריעת עזים לאהל על המשכן עשתי עשרה יריעת תעשה אתם
(232813, 66, 4);400;ת;115663;(2, 26, 8, 44, 115663);30579;(2, 26, 8, 10, 30579);האחת;4;10;ארך היריעה האחת שלשים באמה ורחב ארבע באמה היריעה האחת מדה אחת לעשתי עשרה יריעת
(232813, 66, 4);5;ה;115729;(2, 26, 9, 46, 115729);30596;(2, 26, 9, 12, 30596);היריעה;6;12;וחברת את חמש היריעת לבד ואת שש היריעת לבד וכפלת את היריעה הששית אל מול פני האהל
(232813, 66, 4);1;א;115795;(2, 26, 10, 49, 115795);30612;(2, 26, 10, 11, 30612);ללאת;3;11;ועשית חמשים ללאת על שפת היריעה האחת הקיצנה בחברת וחמשים ללאת על שפת היריעה החברת השנית
(232813, 66, 4);5;ה;115861;(2, 26, 11, 44, 115861);30628;(2, 26, 11, 11, 30628);האהל;1;11;ועשית קרסי נחשת חמשים והבאת את הקרסים בללאת וחברת את האהל והיה אחד
(232813, 66, 4);6;ו;115927;(2, 26, 13, 9, 115927);30644;(2, 26, 13, 3, 30644);והאמה;1;3;והאמה מזה והאמה מזה בעדף בארך יריעת האהל יהיה סרוח על צדי המשכן מזה ומזה לכסתו
(232813, 66, 4);5;ה;115993;(2, 26, 14, 12, 115993);30660;(2, 26, 14, 3, 30660);לאהל;3;3;ועשית מכסה לאהל ערת אילם מאדמים ומכסה ערת תחשים מלמעלה
(232813, 66, 4);200;ר;116059;(2, 26, 16, 3, 116059);30675;(2, 26, 16, 1, 30675);עשר;3;1;עשר אמות ארך הקרש ואמה וחצי האמה רחב הקרש האחד
(232813, 66, 4);400;ת;116125;(2, 26, 17, 32, 116125);30694;(2, 26, 17, 10, 30694);תעשה;1;10;שתי ידות לקרש האחד משלבת אשה אל אחתה כן תעשה לכל קרשי המשכן
(232813, 66, 4);20;כ;116191;(2, 26, 19, 12, 116191);30709;(2, 26, 19, 3, 30709);כסף;1;3;וארבעים אדני כסף תעשה תחת עשרים הקרש שני אדנים תחת הקרש האחד לשתי ידתיו ושני אדנים תחת הקרש האחד לשתי ידתיו
(232813, 66, 4);4;ד;116257;(2, 26, 19, 78, 116257);30725;(2, 26, 19, 19, 30725);האחד;4;19;וארבעים אדני כסף תעשה תחת עשרים הקרש שני אדנים תחת הקרש האחד לשתי ידתיו ושני אדנים תחת הקרש האחד לשתי ידתיו
(232813, 66, 4);8;ח;116323;(2, 26, 21, 26, 116323);30740;(2, 26, 21, 6, 30740);תחת;2;6;וארבעים אדניהם כסף שני אדנים תחת הקרש האחד ושני אדנים תחת הקרש האחד
(232813, 66, 4);400;ת;116389;(2, 26, 23, 10, 116389);30756;(2, 26, 23, 3, 30756);תעשה;1;3;ושני קרשים תעשה למקצעת המשכן בירכתים
(232813, 66, 4);20;כ;116455;(2, 26, 24, 45, 116455);30771;(2, 26, 24, 12, 30771);כן;1;12;ויהיו תאמם מלמטה ויחדו יהיו תמים על ראשו אל הטבעת האחת כן יהיה לשניהם לשני המקצעת יהיו
(232813, 66, 4);10;י;116521;(2, 26, 25, 41, 116521);30786;(2, 26, 25, 10, 30786);אדנים;4;10;והיו שמנה קרשים ואדניהם כסף ששה עשר אדנים שני אדנים תחת הקרש האחד ושני אדנים תחת הקרש האחד
(232813, 66, 4);50;ן;116587;(2, 26, 26, 34, 116587);30802;(2, 26, 26, 8, 30802);המשכן;5;8;ועשית בריחם עצי שטים חמשה לקרשי צלע המשכן האחד
(232813, 66, 4);6;ו;116653;(2, 26, 28, 1, 116653);30817;(2, 26, 28, 1, 30817);והבריח;1;1;והבריח התיכן בתוך הקרשים מברח מן הקצה אל הקצה
(232813, 66, 4);5;ה;116719;(2, 26, 29, 30, 116719);30832;(2, 26, 29, 7, 30832);תעשה;4;7;ואת הקרשים תצפה זהב ואת טבעתיהם תעשה זהב בתים לבריחם וצפית את הבריחם זהב
(232813, 66, 4);20;כ;116785;(2, 26, 31, 8, 116785);30848;(2, 26, 31, 2, 30848);פרכת;3;2;ועשית פרכת תכלת וארגמן ותולעת שני ושש משזר מעשה חשב יעשה אתה כרבים
(232813, 66, 4);10;י;116851;(2, 26, 32, 20, 116851);30864;(2, 26, 32, 5, 30864);עמודי;5;5;ונתתה אתה על ארבעה עמודי שטים מצפים זהב וויהם זהב על ארבעה אדני כסף
(232813, 66, 4);10;י;116917;(2, 26, 33, 32, 116917);30881;(2, 26, 33, 8, 30881);מבית;3;8;ונתתה את הפרכת תחת הקרסים והבאת שמה מבית לפרכת את ארון העדות והבדילה הפרכת לכם בין הקדש ובין קדש הקדשים
(232813, 66, 4);1;א;116983;(2, 26, 34, 14, 116983);30898;(2, 26, 34, 5, 30898);ארון;1;5;ונתת את הכפרת על ארון העדת בקדש הקדשים
(232813, 66, 4);40;מ;117049;(2, 26, 35, 49, 117049);30914;(2, 26, 35, 13, 30914);תימנה;3;13;ושמת את השלחן מחוץ לפרכת ואת המנרה נכח השלחן על צלע המשכן תימנה והשלחן תתן על צלע צפון
(232813, 66, 4);5;ה;117115;(2, 26, 36, 46, 117115);30930;(2, 26, 36, 11, 30930);מעשה;4;11;ועשית מסך לפתח האהל תכלת וארגמן ותולעת שני ושש משזר מעשה רקם
(232813, 66, 4);70;ע;117181;(2, 27, 1, 2, 117181);30947;(2, 27, 1, 1, 30947);ועשית;2;1;ועשית את המזבח עצי שטים חמש אמות ארך וחמש אמות רחב רבוע יהיה המזבח ושלש אמות קמתו
(232813, 66, 4);300;ש;117247;(2, 27, 2, 3, 117247);30964;(2, 27, 2, 1, 30964);ועשית;3;1;ועשית קרנתיו על ארבע פנתיו ממנו תהיין קרנתיו וצפית אתו נחשת
(232813, 66, 4);10;י;117313;(2, 27, 3, 20, 117313);30978;(2, 27, 3, 4, 30978);ויעיו;4;4;ועשית סירתיו לדשנו ויעיו ומזרקתיו ומזלגתיו ומחתתיו לכל כליו תעשה נחשת
(232813, 66, 4);400;ת;117379;(2, 27, 4, 27, 117379);30992;(2, 27, 4, 7, 30992);ועשית;5;7;ועשית לו מכבר מעשה רשת נחשת ועשית על הרשת ארבע טבעת נחשת על ארבע קצותיו
(232813, 66, 4);4;ד;117445;(2, 27, 5, 36, 117445);31009;(2, 27, 5, 9, 31009);עד;2;9;ונתתה אתה תחת כרכב המזבח מלמטה והיתה הרשת עד חצי המזבח
(232813, 66, 4);2;ב;117511;(2, 27, 7, 22, 117511);31026;(2, 27, 7, 6, 31026);הבדים;2;6;והובא את בדיו בטבעת והיו הבדים על שתי צלעת המזבח בשאת אתו
(232813, 66, 4);8;ח;117577;(2, 27, 9, 8, 117577);31045;(2, 27, 9, 3, 31045);חצר;1;3;ועשית את חצר המשכן לפאת נגב תימנה קלעים לחצר שש משזר מאה באמה ארך לפאה האחת
(232813, 66, 4);4;ד;117643;(2, 27, 10, 14, 117643);31061;(2, 27, 10, 3, 31061);ואדניהם;3;3;ועמדיו עשרים ואדניהם עשרים נחשת ווי העמדים וחשקיהם כסף
(232813, 66, 4);200;ר;117709;(2, 27, 11, 34, 117709);31076;(2, 27, 11, 9, 31076);עשרים;3;9;וכן לפאת צפון בארך קלעים מאה ארך ועמדו עשרים ואדניהם עשרים נחשת ווי העמדים וחשקיהם כסף
(232813, 66, 4);40;מ;117775;(2, 27, 12, 29, 117775);31091;(2, 27, 12, 8, 31091);עמדיהם;2;8;ורחב החצר לפאת ים קלעים חמשים אמה עמדיהם עשרה ואדניהם עשרה
(232813, 66, 4);20;כ;117841;(2, 27, 14, 18, 117841);31106;(2, 27, 14, 5, 31106);לכתף;2;5;וחמש עשרה אמה קלעים לכתף עמדיהם שלשה ואדניהם שלשה
(232813, 66, 4);5;ה;117907;(2, 27, 15, 43, 117907);31119;(2, 27, 15, 9, 31119);שלשה;4;9;ולכתף השנית חמש עשרה קלעים עמדיהם שלשה ואדניהם שלשה
(232813, 66, 4);1;א;117973;(2, 27, 16, 66, 117973);31135;(2, 27, 16, 16, 31135);ואדניהם;2;16;ולשער החצר מסך עשרים אמה תכלת וארגמן ותולעת שני ושש משזר מעשה רקם עמדיהם ארבעה ואדניהם ארבעה
(232813, 66, 4);40;מ;118039;(2, 27, 18, 13, 118039);31150;(2, 27, 18, 4, 31150);באמה;3;4;ארך החצר מאה באמה ורחב חמשים בחמשים וקמה חמש אמות שש משזר ואדניהם נחשת
(232813, 66, 4);30;ל;118105;(2, 27, 19, 22, 118105);31166;(2, 27, 19, 6, 31166);וכל;3;6;לכל כלי המשכן בכל עבדתו וכל יתדתיו וכל יתדת החצר נחשת
(232813, 66, 4);30;ל;118171;(2, 27, 20, 45, 118171);31184;(2, 27, 20, 13, 31184);להעלת;1;13;ואתה תצוה את בני ישראל ויקחו אליך שמן זית זך כתית למאור להעלת נר תמיד
(232813, 66, 4);10;י;118237;(2, 27, 21, 56, 118237);31202;(2, 27, 21, 16, 31202);יהוה;1;16;באהל מועד מחוץ לפרכת אשר על העדת יערך אתו אהרן ובניו מערב עד בקר לפני יהוה חקת עולם לדרתם מאת בני ישראל
(232813, 66, 4);10;י;118303;(2, 28, 1, 40, 118303);31220;(2, 28, 1, 12, 31220);ישראל;1;12;ואתה הקרב אליך את אהרן אחיך ואת בניו אתו מתוך בני ישראל לכהנו לי אהרן נדב ואביהוא אלעזר ואיתמר בני אהרן
(232813, 66, 4);20;כ;118369;(2, 28, 2, 23, 118369);31235;(2, 28, 2, 6, 31235);לכבוד;2;6;ועשית בגדי קדש לאהרן אחיך לכבוד ולתפארת
(232813, 66, 4);5;ה;118435;(2, 28, 3, 56, 118435);31252;(2, 28, 3, 16, 31252);לכהנו;3;16;ואתה תדבר אל כל חכמי לב אשר מלאתיו רוח חכמה ועשו את בגדי אהרן לקדשו לכהנו לי
(232813, 66, 4);1;א;118501;(2, 28, 4, 62, 118501);31268;(2, 28, 4, 15, 31268);לאהרן;2;15;ואלה הבגדים אשר יעשו חשן ואפוד ומעיל וכתנת תשבץ מצנפת ואבנט ועשו בגדי קדש לאהרן אחיך ולבניו לכהנו לי
(232813, 66, 4);5;ה;118567;(2, 28, 5, 46, 118567);31285;(2, 28, 5, 13, 31285);השש;1;13;והם יקחו את הזהב ואת התכלת ואת הארגמן ואת תולעת השני ואת השש
(232813, 66, 4);30;ל;118633;(2, 28, 7, 19, 118633);31303;(2, 28, 7, 6, 31303);אל;2;6;שתי כתפת חברת יהיה לו אל שני קצותיו וחבר
(232813, 66, 4);6;ו;118699;(2, 28, 8, 53, 118699);31319;(2, 28, 8, 13, 31319);ושש;1;13;וחשב אפדתו אשר עליו כמעשהו ממנו יהיה זהב תכלת וארגמן ותולעת שני ושש משזר
(232813, 66, 4);400;ת;118765;(2, 28, 10, 21, 118765);31336;(2, 28, 10, 6, 31336);ואת;3;6;ששה משמתם על האבן האחת ואת שמות הששה הנותרים על האבן השנית כתולדתם
(232813, 66, 4);40;ם;118831;(2, 28, 11, 33, 118831);31352;(2, 28, 11, 9, 31352);האבנים;6;9;מעשה חרש אבן פתוחי חתם תפתח את שתי האבנים על שמת בני ישראל מסבת משבצות זהב תעשה אתם
(232813, 66, 4);50;ן;118897;(2, 28, 12, 33, 118897);31370;(2, 28, 12, 9, 31370);זכרן;4;9;ושמת את שתי האבנים על כתפת האפד אבני זכרן לבני ישראל ונשא אהרן את שמותם לפני יהוה על שתי כתפיו לזכרן
(232813, 66, 4);200;ר;118963;(2, 28, 14, 6, 118963);31387;(2, 28, 14, 2, 31387);שרשרת;2;2;ושתי שרשרת זהב טהור מגבלת תעשה אתם מעשה עבת ונתתה את שרשרת העבתת על המשבצת
(232813, 66, 4);9;ט;119029;(2, 28, 15, 12, 119029);31403;(2, 28, 15, 3, 31403);משפט;4;3;ועשית חשן משפט מעשה חשב כמעשה אפד תעשנו זהב תכלת וארגמן ותולעת שני ושש משזר תעשה אתו
(232813, 66, 4);80;פ;119095;(2, 28, 16, 10, 119095);31420;(2, 28, 16, 3, 31420);כפול;2;3;רבוע יהיה כפול זרת ארכו וזרת רחבו
(232813, 66, 4);8;ח;119161;(2, 28, 17, 49, 119161);31437;(2, 28, 17, 13, 31437);האחד;3;13;ומלאת בו מלאת אבן ארבעה טורים אבן טור אדם פטדה וברקת הטור האחד
(232813, 66, 4);6;ו;119227;(2, 28, 20, 21, 119227);31452;(2, 28, 20, 5, 31452);וישפה;1;5;והטור הרביעי תרשיש ושהם וישפה משבצים זהב יהיו במלואתם
(232813, 66, 4);6;ו;119293;(2, 28, 21, 42, 119293);31467;(2, 28, 21, 11, 31467);פתוחי;3;11;והאבנים תהיין על שמת בני ישראל שתים עשרה על שמתם פתוחי חותם איש על שמו תהיין לשני עשר שבט
(232813, 66, 4);10;י;119359;(2, 28, 23, 4, 119359);31485;(2, 28, 23, 1, 31485);ועשית;4;1;ועשית על החשן שתי טבעות זהב ונתת את שתי הטבעות על שני קצות החשן
(232813, 66, 4);30;ל;119425;(2, 28, 24, 20, 119425);31504;(2, 28, 24, 6, 31504);על;2;6;ונתתה את שתי עבתת הזהב על שתי הטבעת אל קצות החשן
(232813, 66, 4);80;פ;119491;(2, 28, 25, 48, 119491);31522;(2, 28, 25, 13, 31522);האפד;3;13;ואת שתי קצות שתי העבתת תתן על שתי המשבצות ונתתה על כתפות האפד אל מול פניו
(232813, 66, 4);2;ב;119557;(2, 28, 26, 56, 119557);31542;(2, 28, 26, 17, 31542);ביתה;1;17;ועשית שתי טבעות זהב ושמת אתם על שני קצות החשן על שפתו אשר אל עבר האפוד ביתה
(232813, 66, 4);40;מ;119623;(2, 28, 27, 63, 119623);31558;(2, 28, 27, 16, 31558);ממעל;1;16;ועשית שתי טבעות זהב ונתתה אתם על שתי כתפות האפוד מלמטה ממול פניו לעמת מחברתו ממעל לחשב האפוד
(232813, 66, 4);6;ו;119689;(2, 28, 28, 54, 119689);31574;(2, 28, 28, 14, 31574);ולא;1;14;וירכסו את החשן מטבעתו אל טבעת האפוד בפתיל תכלת להיות על חשב האפוד ולא יזח החשן מעל האפוד
(232813, 66, 4);20;כ;119755;(2, 28, 29, 49, 119755);31592;(2, 28, 29, 14, 31592);לזכרן;3;14;ונשא אהרן את שמות בני ישראל בחשן המשפט על לבו בבאו אל הקדש לזכרן לפני יהוה תמיד
(232813, 66, 4);5;ה;119821;(2, 28, 30, 52, 119821);31610;(2, 28, 30, 15, 31610);יהוה;2;15;ונתת אל חשן המשפט את האורים ואת התמים והיו על לב אהרן בבאו לפני יהוה ונשא אהרן את משפט בני ישראל על לבו לפני יהוה תמיד
(232813, 66, 4);6;ו;119887;(2, 28, 32, 1, 119887);31628;(2, 28, 32, 1, 31628);והיה;1;1;והיה פי ראשו בתוכו שפה יהיה לפיו סביב מעשה ארג כפי תחרא יהיה לו לא יקרע
(232813, 66, 4);10;י;119953;(2, 28, 33, 11, 119953);31646;(2, 28, 33, 3, 31646);שוליו;4;3;ועשית על שוליו רמני תכלת וארגמן ותולעת שני על שוליו סביב ופעמני זהב בתוכם סביב
(232813, 66, 4);80;פ;120019;(2, 28, 34, 13, 120019);31662;(2, 28, 34, 4, 31662);פעמן;1;4;פעמן זהב ורמון פעמן זהב ורמון על שולי המעיל סביב
(232813, 66, 4);6;ו;120085;(2, 28, 35, 40, 120085);31679;(2, 28, 35, 11, 31679);יהוה;3;11;והיה על אהרן לשרת ונשמע קולו בבאו אל הקדש לפני יהוה ובצאתו ולא ימות
(232813, 66, 4);10;י;120151;(2, 28, 37, 12, 120151);31696;(2, 28, 37, 4, 31696);פתיל;3;4;ושמת אתו על פתיל תכלת והיה על המצנפת אל מול פני המצנפת יהיה
(232813, 66, 4);10;י;120217;(2, 28, 38, 31, 120217);31714;(2, 28, 38, 9, 31714);הקדשים;5;9;והיה על מצח אהרן ונשא אהרן את עון הקדשים אשר יקדישו בני ישראל לכל מתנת קדשיהם והיה על מצחו תמיד לרצון להם לפני יהוה
(232813, 66, 4);400;ת;120283;(2, 28, 39, 5, 120283);31730;(2, 28, 39, 1, 31730);ושבצת;5;1;ושבצת הכתנת שש ועשית מצנפת שש ואבנט תעשה מעשה רקם
(232813, 66, 4);40;ם;120349;(2, 28, 40, 31, 120349);31746;(2, 28, 40, 7, 31746);אבנטים;6;7;ולבני אהרן תעשה כתנת ועשית להם אבנטים ומגבעות תעשה להם לכבוד ולתפארת
(232813, 66, 4);30;ל;120415;(2, 28, 41, 40, 120415);31762;(2, 28, 41, 11, 31762);ומלאת;3;11;והלבשת אתם את אהרן אחיך ואת בניו אתו ומשחת אתם ומלאת את ידם וקדשת אתם וכהנו לי
(232813, 66, 4);6;ו;120481;(2, 28, 42, 44, 120481);31779;(2, 28, 42, 11, 31779);יהיו;4;11;ועשה להם מכנסי בד לכסות בשר ערוה ממתנים ועד ירכים יהיו
(232813, 66, 4);6;ו;120547;(2, 28, 43, 66, 120547);31798;(2, 28, 43, 19, 31798);ומתו;4;19;והיו על אהרן ועל בניו בבאם אל אהל מועד או בגשתם אל המזבח לשרת בקדש ולא ישאו עון ומתו חקת עולם לו ולזרעו אחריו
(232813, 66, 4);10;י;120613;(2, 29, 1, 46, 120613);31818;(2, 29, 1, 15, 31818);ואילם;3;15;וזה הדבר אשר תעשה להם לקדש אתם לכהן לי לקח פר אחד בן בקר ואילם שנים תמימם
(232813, 66, 4);1;א;120679;(2, 29, 2, 55, 120679);31834;(2, 29, 2, 14, 31834);אתם;1;14;ולחם מצות וחלת מצת בלולת בשמן ורקיקי מצות משחים בשמן סלת חטים תעשה אתם
(232813, 66, 4);1;א;120745;(2, 29, 4, 20, 120745);31853;(2, 29, 4, 6, 31853);אל;1;6;ואת אהרן ואת בניו תקריב אל פתח אהל מועד ורחצת אתם במים
(232813, 66, 4);4;ד;120811;(2, 29, 5, 43, 120811);31870;(2, 29, 5, 11, 31870);האפד;4;11;ולקחת את הבגדים והלבשת את אהרן את הכתנת ואת מעיל האפד ואת האפד ואת החשן ואפדת לו בחשב האפד
(232813, 66, 4);400;ת;120877;(2, 29, 6, 37, 120877);31888;(2, 29, 6, 10, 31888);המצנפת;6;10;ושמת המצנפת על ראשו ונתת את נזר הקדש על המצנפת
(232813, 66, 4);1;א;120943;(2, 29, 9, 9, 120943);31905;(2, 29, 9, 3, 31905);אבנט;1;3;וחגרת אתם אבנט אהרן ובניו וחבשת להם מגבעת והיתה להם כהנה לחקת עולם ומלאת יד אהרן ויד בניו
(232813, 66, 4);100;ק;121009;(2, 29, 10, 3, 121009);31921;(2, 29, 10, 1, 31921);והקרבת;3;1;והקרבת את הפר לפני אהל מועד וסמך אהרן ובניו את ידיהם על ראש הפר
(232813, 66, 4);80;פ;121075;(2, 29, 11, 19, 121075);31940;(2, 29, 11, 6, 31940);פתח;1;6;ושחטת את הפר לפני יהוה פתח אהל מועד
(232813, 66, 4);6;ו;121141;(2, 29, 13, 1, 121141);31958;(2, 29, 13, 1, 31958);ולקחת;1;1;ולקחת את כל החלב המכסה את הקרב ואת היתרת על הכבד ואת שתי הכלית ואת החלב אשר עליהן והקטרת המזבחה
(232813, 66, 4);100;ק;121207;(2, 29, 13, 67, 121207);31976;(2, 29, 13, 19, 31976);והקטרת;3;19;ולקחת את כל החלב המכסה את הקרב ואת היתרת על הכבד ואת שתי הכלית ואת החלב אשר עליהן והקטרת המזבחה
(232813, 66, 4);400;ת;121273;(2, 29, 15, 12, 121273);31994;(2, 29, 15, 4, 31994);תקח;1;4;ואת האיל האחד תקח וסמכו אהרן ובניו את ידיהם על ראש האיל
(232813, 66, 4);60;ס;121339;(2, 29, 16, 34, 121339);32012;(2, 29, 16, 10, 32012);סביב;1;10;ושחטת את האיל ולקחת את דמו וזרקת על המזבח סביב
(232813, 66, 4);10;י;121405;(2, 29, 18, 13, 121405);32028;(2, 29, 18, 4, 32028);האיל;3;4;והקטרת את כל האיל המזבחה עלה הוא ליהוה ריח ניחוח אשה ליהוה הוא
(232813, 66, 4);1;א;121471;(2, 29, 19, 29, 121471);32045;(2, 29, 19, 8, 32045);את;1;8;ולקחת את האיל השני וסמך אהרן ובניו את ידיהם על ראש האיל
(232813, 66, 4);10;י;121537;(2, 29, 20, 51, 121537);32063;(2, 29, 20, 14, 32063);בניו;3;14;ושחטת את האיל ולקחת מדמו ונתתה על תנוך אזן אהרן ועל תנוך אזן בניו הימנית ועל בהן ידם הימנית ועל בהן רגלם הימנית וזרקת את הדם על המזבח סביב
(232813, 66, 4);50;ן;121603;(2, 29, 21, 7, 121603);32080;(2, 29, 21, 2, 32080);מן;2;2;ולקחת מן הדם אשר על המזבח ומשמן המשחה והזית על אהרן ועל בגדיו ועל בניו ועל בגדי בניו אתו וקדש הוא ובגדיו ובניו ובגדי בניו אתו
(232813, 66, 4);4;ד;121669;(2, 29, 21, 73, 121669);32098;(2, 29, 21, 20, 32098);וקדש;3;20;ולקחת מן הדם אשר על המזבח ומשמן המשחה והזית על אהרן ועל בגדיו ועל בניו ועל בגדי בניו אתו וקדש הוא ובגדיו ובניו ובגדי בניו אתו
(232813, 66, 4);2;ב;121735;(2, 29, 22, 39, 121735);32114;(2, 29, 22, 10, 32114);הקרב;4;10;ולקחת מן האיל החלב והאליה ואת החלב המכסה את הקרב ואת יתרת הכבד ואת שתי הכלית ואת החלב אשר עליהן ואת שוק הימין כי איל מלאים הוא
(232813, 66, 4);30;ל;121801;(2, 29, 23, 5, 121801);32133;(2, 29, 23, 2, 32133);לחם;1;2;וככר לחם אחת וחלת לחם שמן אחת ורקיק אחד מסל המצות אשר לפני יהוה
(232813, 66, 4);80;פ;121867;(2, 29, 24, 21, 121867);32152;(2, 29, 24, 7, 32152);כפי;2;7;ושמת הכל על כפי אהרן ועל כפי בניו והנפת אתם תנופה לפני יהוה
(232813, 66, 4);30;ל;121933;(2, 29, 25, 40, 121933);32168;(2, 29, 25, 10, 32168);לפני;1;10;ולקחת אתם מידם והקטרת המזבחה על העלה לריח ניחוח לפני יהוה אשה הוא ליהוה
(232813, 66, 4);5;ה;121999;(2, 29, 26, 48, 121999);32184;(2, 29, 26, 12, 32184);יהוה;2;12;ולקחת את החזה מאיל המלאים אשר לאהרן והנפת אתו תנופה לפני יהוה והיה לך למנה
(232813, 66, 4);40;מ;122065;(2, 29, 27, 54, 122065);32201;(2, 29, 27, 14, 32201);מאשר;1;14;וקדשת את חזה התנופה ואת שוק התרומה אשר הונף ואשר הורם מאיל המלאים מאשר לאהרן ומאשר לבניו
(232813, 66, 4);40;מ;122131;(2, 29, 28, 48, 122131);32216;(2, 29, 28, 12, 32216);ותרומה;5;12;והיה לאהרן ולבניו לחק עולם מאת בני ישראל כי תרומה הוא ותרומה יהיה מאת בני ישראל מזבחי שלמיהם תרומתם ליהוה
(232813, 66, 4);8;ח;122197;(2, 29, 29, 28, 122197);32231;(2, 29, 29, 7, 32231);אחריו;2;7;ובגדי הקדש אשר לאהרן יהיו לבניו אחריו למשחה בהם ולמלא בם את ידם
(232813, 66, 4);30;ל;122263;(2, 29, 30, 43, 122263);32249;(2, 29, 30, 12, 32249);לשרת;1;12;שבעת ימים ילבשם הכהן תחתיו מבניו אשר יבא אל אהל מועד לשרת בקדש
(232813, 66, 4);5;ה;122329;(2, 29, 32, 26, 122329);32267;(2, 29, 32, 8, 32267);הלחם;1;8;ואכל אהרן ובניו את בשר האיל ואת הלחם אשר בסל פתח אהל מועד
(232813, 66, 4);300;ש;122395;(2, 29, 33, 47, 122395);32287;(2, 29, 33, 15, 32287);קדש;3;15;ואכלו אתם אשר כפר בהם למלא את ידם לקדש אתם וזר לא יאכל כי קדש הם
(232813, 66, 4);400;ת;122461;(2, 29, 35, 5, 122461);32306;(2, 29, 35, 1, 32306);ועשית;5;1;ועשית לאהרן ולבניו ככה ככל אשר צויתי אתכה שבעת ימים תמלא ידם
(232813, 66, 4);10;י;122527;(2, 29, 36, 22, 122527);32323;(2, 29, 36, 6, 32323);הכפרים;5;6;ופר חטאת תעשה ליום על הכפרים וחטאת על המזבח בכפרך עליו ומשחת אתו לקדשו
(232813, 66, 4);5;ה;122593;(2, 29, 37, 31, 122593);32339;(2, 29, 37, 8, 32339);והיה;4;8;שבעת ימים תכפר על המזבח וקדשת אתו והיה המזבח קדש קדשים כל הנגע במזבח יקדש
(232813, 66, 4);40;מ;122659;(2, 29, 38, 38, 122659);32357;(2, 29, 38, 11, 32357);תמיד;2;11;וזה אשר תעשה על המזבח כבשים בני שנה שנים ליום תמיד
(232813, 66, 4);2;ב;122725;(2, 29, 40, 22, 122725);32374;(2, 29, 40, 6, 32374);רבע;2;6;ועשרן סלת בלול בשמן כתית רבע ההין ונסך רביעת ההין יין לכבש האחד
(232813, 66, 4);60;ס;122791;(2, 29, 41, 37, 122791);32390;(2, 29, 41, 9, 32390);וכנסכה;4;9;ואת הכבש השני תעשה בין הערבים כמנחת הבקר וכנסכה תעשה לה לריח ניחח אשה ליהוה
(232813, 66, 4);40;ם;122857;(2, 29, 42, 42, 122857);32407;(2, 29, 42, 11, 32407);לכם;3;11;עלת תמיד לדרתיכם פתח אהל מועד לפני יהוה אשר אועד לכם שמה לדבר אליך שם
(232813, 66, 4);1;א;122923;(2, 29, 44, 25, 122923);32424;(2, 29, 44, 7, 32424);ואת;2;7;וקדשתי את אהל מועד ואת המזבח ואת אהרן ואת בניו אקדש לכהן לי
(232813, 66, 4);10;י;122989;(2, 29, 46, 11, 122989);32441;(2, 29, 46, 4, 32441);יהוה;1;4;וידעו כי אני יהוה אלהיהם אשר הוצאתי אתם מארץ מצרים לשכני בתוכם אני יהוה אלהיהם
(232813, 66, 4);200;ר;123055;(2, 30, 1, 13, 123055);32455;(2, 30, 1, 3, 32455);מקטר;4;3;ועשית מזבח מקטר קטרת עצי שטים תעשה אתו
(232813, 66, 4);400;ת;123121;(2, 30, 3, 5, 123121);32471;(2, 30, 3, 1, 32471);וצפית;5;1;וצפית אתו זהב טהור את גגו ואת קירתיו סביב ואת קרנתיו ועשית לו זר זהב סביב
(232813, 66, 4);70;ע;123187;(2, 30, 4, 13, 123187);32490;(2, 30, 4, 4, 32490);תעשה;2;4;ושתי טבעת זהב תעשה לו מתחת לזרו על שתי צלעתיו תעשה על שני צדיו והיה לבתים לבדים לשאת אתו בהמה
(232813, 66, 4);400;ת;123253;(2, 30, 5, 5, 123253);32507;(2, 30, 5, 1, 32507);ועשית;5;1;ועשית את הבדים עצי שטים וצפית אתם זהב
(232813, 66, 4);200;ר;123319;(2, 30, 6, 41, 123319);32525;(2, 30, 6, 11, 32525);אשר;3;11;ונתתה אתו לפני הפרכת אשר על ארן העדת לפני הכפרת אשר על העדת אשר אועד לך שמה
(232813, 66, 4);200;ר;123385;(2, 30, 7, 48, 123385);32542;(2, 30, 7, 11, 32542);יקטירנה;5;11;והקטיר עליו אהרן קטרת סמים בבקר בבקר בהיטיבו את הנרת יקטירנה
(232813, 66, 4);10;י;123451;(2, 30, 9, 9, 123451);32557;(2, 30, 9, 3, 32557);עליו;3;3;לא תעלו עליו קטרת זרה ועלה ומנחה ונסך לא תסכו עליו
(232813, 66, 4);10;י;123517;(2, 30, 10, 35, 123517);32574;(2, 30, 10, 9, 32574);הכפרים;5;9;וכפר אהרן על קרנתיו אחת בשנה מדם חטאת הכפרים אחת בשנה יכפר עליו לדרתיכם קדש קדשים הוא ליהוה
(232813, 66, 4);1;א;123583;(2, 30, 12, 9, 123583);32592;(2, 30, 12, 4, 32592);ראש;2;4;כי תשא את ראש בני ישראל לפקדיהם ונתנו איש כפר נפשו ליהוה בפקד אתם ולא יהיה בהם נגף בפקד אתם
(232813, 66, 4);10;י;123649;(2, 30, 13, 3, 123649);32610;(2, 30, 13, 2, 32610);יתנו;1;2;זה יתנו כל העבר על הפקדים מחצית השקל בשקל הקדש עשרים גרה השקל מחצית השקל תרומה ליהוה
(232813, 66, 4);20;כ;123715;(2, 30, 14, 1, 123715);32626;(2, 30, 14, 1, 32626);כל;1;1;כל העבר על הפקדים מבן עשרים שנה ומעלה יתן תרומת יהוה
(232813, 66, 4);8;ח;123781;(2, 30, 15, 25, 123781);32643;(2, 30, 15, 7, 32643);ממחצית;3;7;העשיר לא ירבה והדל לא ימעיט ממחצית השקל לתת את תרומת יהוה לכפר על נפשתיכם
(232813, 66, 4);1;א;123847;(2, 30, 16, 32, 123847);32660;(2, 30, 16, 9, 32660);אתו;1;9;ולקחת את כסף הכפרים מאת בני ישראל ונתת אתו על עבדת אהל מועד והיה לבני ישראל לזכרון לפני יהוה לכפר על נפשתיכם
(232813, 66, 4);30;ל;123913;(2, 30, 17, 11, 123913);32676;(2, 30, 17, 3, 32676);אל;2;3;וידבר יהוה אל משה לאמר
(232813, 66, 4);5;ה;123979;(2, 30, 18, 59, 123979);32693;(2, 30, 18, 15, 32693);שמה;3;15;ועשית כיור נחשת וכנו נחשת לרחצה ונתת אתו בין אהל מועד ובין המזבח ונתת שמה מים
(232813, 66, 4);1;א;124045;(2, 30, 20, 29, 124045);32711;(2, 30, 20, 9, 32711);או;1;9;בבאם אל אהל מועד ירחצו מים ולא ימתו או בגשתם אל המזבח לשרת להקטיר אשה ליהוה
(232813, 66, 4);70;ע;124111;(2, 30, 21, 35, 124111);32727;(2, 30, 21, 9, 32727);עולם;1;9;ורחצו ידיהם ורגליהם ולא ימתו והיתה להם חק עולם לו ולזרעו לדרתם
(232813, 66, 4);50;נ;124177;(2, 30, 23, 32, 124177);32745;(2, 30, 23, 10, 32745);וקנמן;3;10;ואתה קח לך בשמים ראש מר דרור חמש מאות וקנמן בשם מחציתו חמשים ומאתים וקנה בשם חמשים ומאתים
(232813, 66, 4);400;ת;124243;(2, 30, 24, 26, 124243);32760;(2, 30, 24, 7, 32760);זית;3;7;וקדה חמש מאות בשקל הקדש ושמן זית הין
(232813, 66, 4);4;ד;124309;(2, 30, 26, 16, 124309);32779;(2, 30, 26, 5, 32779);מועד;4;5;ומשחת בו את אהל מועד ואת ארון העדת
(232813, 66, 4);5;ה;124375;(2, 30, 28, 11, 124375);32797;(2, 30, 28, 3, 32797);העלה;4;3;ואת מזבח העלה ואת כל כליו ואת הכיר ואת כנו
(232813, 66, 4);2;ב;124441;(2, 30, 30, 11, 124441);32817;(2, 30, 30, 4, 32817);בניו;1;4;ואת אהרן ואת בניו תמשח וקדשת אתם לכהן לי
(232813, 66, 4);70;ע;124507;(2, 30, 32, 1, 124507);32835;(2, 30, 32, 1, 32835);על;1;1;על בשר אדם לא ייסך ובמתכנתו לא תעשו כמהו קדש הוא קדש יהיה לכם
(232813, 66, 4);10;י;124573;(2, 30, 33, 19, 124573);32854;(2, 30, 33, 6, 32854);יתן;1;6;איש אשר ירקח כמהו ואשר יתן ממנו על זר ונכרת מעמיו
(232813, 66, 4);7;ז;124639;(2, 30, 34, 46, 124639);32872;(2, 30, 34, 13, 32872);זכה;1;13;ויאמר יהוה אל משה קח לך סמים נטף ושחלת וחלבנה סמים ולבנה זכה בד בבד יהיה
(232813, 66, 4);5;ה;124705;(2, 30, 36, 21, 124705);32889;(2, 30, 36, 5, 32889);ממנה;4;5;ושחקת ממנה הדק ונתתה ממנה לפני העדת באהל מועד אשר אועד לך שמה קדש קדשים תהיה לכם
(232813, 66, 4);400;ת;124771;(2, 30, 37, 23, 124771);32907;(2, 30, 37, 6, 32907);תעשו;1;6;והקטרת אשר תעשה במתכנתה לא תעשו לכם קדש תהיה לך ליהוה
(232813, 66, 4);30;ל;124837;(2, 31, 1, 15, 124837);32925;(2, 31, 1, 5, 32925);לאמר;1;5;וידבר יהוה אל משה לאמר
(232813, 66, 4);50;נ;124903;(2, 31, 3, 27, 124903);32941;(2, 31, 3, 6, 32941);ובתבונה;6;6;ואמלא אתו רוח אלהים בחכמה ובתבונה ובדעת ובכל מלאכה
(232813, 66, 4);90;ץ;124969;(2, 31, 5, 22, 124969);32955;(2, 31, 5, 5, 32955);עץ;2;5;ובחרשת אבן למלאת ובחרשת עץ לעשות בכל מלאכה
(232813, 66, 4);20;כ;125035;(2, 31, 6, 53, 125035);32974;(2, 31, 6, 16, 32974);חכמה;2;16;ואני הנה נתתי אתו את אהליאב בן אחיסמך למטה דן ובלב כל חכם לב נתתי חכמה ועשו את כל אשר צויתך
(232813, 66, 4);6;ו;125101;(2, 31, 8, 1, 125101);32994;(2, 31, 8, 1, 32994);ואת;1;1;ואת השלחן ואת כליו ואת המנרה הטהרה ואת כל כליה ואת מזבח הקטרת
(232813, 66, 4);30;ל;125167;(2, 31, 9, 18, 125167);33012;(2, 31, 9, 6, 33012);כליו;2;6;ואת מזבח העלה ואת כל כליו ואת הכיור ואת כנו
(232813, 66, 4);300;ש;125233;(2, 31, 11, 4, 125233);33030;(2, 31, 11, 2, 33030);שמן;1;2;ואת שמן המשחה ואת קטרת הסמים לקדש ככל אשר צויתך יעשו
(232813, 66, 4);2;ב;125299;(2, 31, 13, 10, 125299);33048;(2, 31, 13, 4, 33048);בני;1;4;ואתה דבר אל בני ישראל לאמר אך את שבתתי תשמרו כי אות הוא ביני וביניכם לדרתיכם לדעת כי אני יהוה מקדשכם
(232813, 66, 4);100;ק;125365;(2, 31, 13, 76, 125365);33065;(2, 31, 13, 21, 33065);מקדשכם;2;21;ואתה דבר אל בני ישראל לאמר אך את שבתתי תשמרו כי אות הוא ביני וביניכם לדרתיכם לדעת כי אני יהוה מקדשכם
(232813, 66, 4);5;ה;125431;(2, 31, 14, 62, 125431);33083;(2, 31, 14, 18, 33083);ההוא;1;18;ושמרתם את השבת כי קדש הוא לכם מחלליה מות יומת כי כל העשה בה מלאכה ונכרתה הנפש ההוא מקרב עמיה
(232813, 66, 4);2;ב;125497;(2, 31, 15, 55, 125497);33099;(2, 31, 15, 14, 33099);ביום;1;14;ששת ימים יעשה מלאכה וביום השביעי שבת שבתון קדש ליהוה כל העשה מלאכה ביום השבת מות יומת
(232813, 66, 4);2;ב;125563;(2, 31, 17, 9, 125563);33116;(2, 31, 17, 3, 33116);בני;1;3;ביני ובין בני ישראל אות הוא לעלם כי ששת ימים עשה יהוה את השמים ואת הארץ וביום השביעי שבת וינפש
(232813, 66, 4);300;ש;125629;(2, 31, 17, 75, 125629);33133;(2, 31, 17, 20, 33133);וינפש;5;20;ביני ובין בני ישראל אות הוא לעלם כי ששת ימים עשה יהוה את השמים ואת הארץ וביום השביעי שבת וינפש
(232813, 66, 4);40;ם;125695;(2, 32, 1, 7, 125695);33151;(2, 32, 1, 2, 33151);העם;3;2;וירא העם כי בשש משה לרדת מן ההר ויקהל העם על אהרן ויאמרו אליו קום עשה לנו אלהים אשר ילכו לפנינו כי זה משה האיש אשר העלנו מארץ מצרים לא ידענו מה היה לו
(232813, 66, 4);10;י;125761;(2, 32, 1, 73, 125761);33170;(2, 32, 1, 21, 33170);לפנינו;4;21;וירא העם כי בשש משה לרדת מן ההר ויקהל העם על אהרן ויאמרו אליו קום עשה לנו אלהים אשר ילכו לפנינו כי זה משה האיש אשר העלנו מארץ מצרים לא ידענו מה היה לו
(232813, 66, 4);5;ה;125827;(2, 32, 2, 22, 125827);33189;(2, 32, 2, 6, 33189);הזהב;1;6;ויאמר אלהם אהרן פרקו נזמי הזהב אשר באזני נשיכם בניכם ובנתיכם והביאו אלי
(232813, 66, 4);50;נ;125893;(2, 32, 3, 29, 125893);33204;(2, 32, 3, 8, 33204);באזניהם;4;8;ויתפרקו כל העם את נזמי הזהב אשר באזניהם ויביאו אל אהרן
(232813, 66, 4);30;ל;125959;(2, 32, 4, 51, 125959);33219;(2, 32, 4, 12, 33219);ישראל;5;12;ויקח מידם ויצר אתו בחרט ויעשהו עגל מסכה ויאמרו אלה אלהיך ישראל אשר העלוך מארץ מצרים
(232813, 66, 4);20;כ;126025;(2, 32, 6, 4, 126025);33235;(2, 32, 6, 1, 33235);וישכימו;4;1;וישכימו ממחרת ויעלו עלת ויגשו שלמים וישב העם לאכל ושתו ויקמו לצחק
(232813, 66, 4);20;ך;126091;(2, 32, 7, 16, 126091);33251;(2, 32, 7, 5, 33251);לך;2;5;וידבר יהוה אל משה לך רד כי שחת עמך אשר העלית מארץ מצרים
(232813, 66, 4);6;ו;126157;(2, 32, 8, 39, 126157);33270;(2, 32, 8, 11, 33270);וישתחוו;6;11;סרו מהר מן הדרך אשר צויתם עשו להם עגל מסכה וישתחוו לו ויזבחו לו ויאמרו אלה אלהיך ישראל אשר העלוך מארץ מצרים
(232813, 66, 4);10;י;126223;(2, 32, 9, 19, 126223);33286;(2, 32, 9, 5, 33286);ראיתי;5;5;ויאמר יהוה אל משה ראיתי את העם הזה והנה עם קשה ערף הוא
(232813, 66, 4);30;ל;126289;(2, 32, 10, 43, 126289);33305;(2, 32, 10, 11, 33305);גדול;4;11;ועתה הניחה לי ויחר אפי בהם ואכלם ואעשה אותך לגוי גדול
(232813, 66, 4);4;ד;126355;(2, 32, 11, 66, 126355);33323;(2, 32, 11, 18, 33323);גדול;2;18;ויחל משה את פני יהוה אלהיו ויאמר למה יהוה יחרה אפך בעמך אשר הוצאת מארץ מצרים בכח גדול וביד חזקה
(232813, 66, 4);5;ה;126421;(2, 32, 12, 56, 126421);33338;(2, 32, 12, 13, 33338);האדמה;5;13;למה יאמרו מצרים לאמר ברעה הוציאם להרג אתם בהרים ולכלתם מעל פני האדמה שוב מחרון אפך והנחם על הרעה לעמך
(232813, 66, 4);6;ו;126487;(2, 32, 13, 40, 126487);33355;(2, 32, 13, 10, 33355);ותדבר;1;10;זכר לאברהם ליצחק ולישראל עבדיך אשר נשבעת להם בך ותדבר אלהם ארבה את זרעכם ככוכבי השמים וכל הארץ הזאת אשר אמרתי אתן לזרעכם ונחלו לעלם
(232813, 66, 4);30;ל;126553;(2, 32, 13, 106, 126553);33370;(2, 32, 13, 25, 33370);לעלם;3;25;זכר לאברהם ליצחק ולישראל עבדיך אשר נשבעת להם בך ותדבר אלהם ארבה את זרעכם ככוכבי השמים וכל הארץ הזאת אשר אמרתי אתן לזרעכם ונחלו לעלם
(232813, 66, 4);20;כ;126619;(2, 32, 15, 35, 126619);33389;(2, 32, 15, 11, 33389);כתבים;1;11;ויפן וירד משה מן ההר ושני לחת העדת בידו לחת כתבים משני עבריהם מזה ומזה הם כתבים
(232813, 66, 4);6;ו;126685;(2, 32, 16, 38, 126685);33404;(2, 32, 16, 9, 33404);חרות;3;9;והלחת מעשה אלהים המה והמכתב מכתב אלהים הוא חרות על הלחת
(232813, 66, 4);6;ו;126751;(2, 32, 18, 14, 126751);33422;(2, 32, 18, 4, 33422);ענות;3;4;ויאמר אין קול ענות גבורה ואין קול ענות חלושה קול ענות אנכי שמע
(232813, 66, 4);40;מ;126817;(2, 32, 19, 30, 126817);33440;(2, 32, 19, 9, 33440);ומחלת;2;9;ויהי כאשר קרב אל המחנה וירא את העגל ומחלת ויחר אף משה וישלך מידו את הלחת וישבר אתם תחת ההר
(232813, 66, 4);6;ו;126883;(2, 32, 20, 25, 126883);33459;(2, 32, 20, 8, 33459);ויטחן;1;8;ויקח את העגל אשר עשו וישרף באש ויטחן עד אשר דק ויזר על פני המים וישק את בני ישראל
(232813, 66, 4);20;כ;126949;(2, 32, 21, 28, 126949);33480;(2, 32, 21, 10, 33480);כי;1;10;ויאמר משה אל אהרן מה עשה לך העם הזה כי הבאת עליו חטאה גדלה
(232813, 66, 4);70;ע;127015;(2, 32, 23, 9, 127015);33500;(2, 32, 23, 3, 33500);עשה;1;3;ויאמרו לי עשה לנו אלהים אשר ילכו לפנינו כי זה משה האיש אשר העלנו מארץ מצרים לא ידענו מה היה לו
(232813, 66, 4);6;ו;127081;(2, 32, 24, 1, 127081);33519;(2, 32, 24, 1, 33519);ואמר;1;1;ואמר להם למי זהב התפרקו ויתנו לי ואשלכהו באש ויצא העגל הזה
(232813, 66, 4);1;א;127147;(2, 32, 25, 20, 127147);33537;(2, 32, 25, 7, 33537);הוא;3;7;וירא משה את העם כי פרע הוא כי פרעה אהרן לשמצה בקמיהם
(232813, 66, 4);2;ב;127213;(2, 32, 26, 45, 127213);33554;(2, 32, 26, 12, 33554);בני;1;12;ויעמד משה בשער המחנה ויאמר מי ליהוה אלי ויאספו אליו כל בני לוי
(232813, 66, 4);2;ב;127279;(2, 32, 27, 61, 127279);33572;(2, 32, 27, 17, 33572);במחנה;1;17;ויאמר להם כה אמר יהוה אלהי ישראל שימו איש חרבו על ירכו עברו ושובו משער לשער במחנה והרגו איש את אחיו ואיש את רעהו ואיש את קרבו
(232813, 66, 4);2;ב;127345;(2, 32, 28, 28, 127345);33591;(2, 32, 28, 9, 33591);ביום;1;9;ויעשו בני לוי כדבר משה ויפל מן העם ביום ההוא כשלשת אלפי איש
(232813, 66, 4);10;י;127411;(2, 32, 29, 47, 127411);33607;(2, 32, 29, 12, 33607);עליכם;3;12;ויאמר משה מלאו ידכם היום ליהוה כי איש בבנו ובאחיו ולתת עליכם היום ברכה
(232813, 66, 4);10;י;127477;(2, 32, 30, 56, 127477);33624;(2, 32, 30, 15, 33624);אולי;4;15;ויהי ממחרת ויאמר משה אל העם אתם חטאתם חטאה גדלה ועתה אעלה אל יהוה אולי אכפרה בעד חטאתכם
(232813, 66, 4);5;ה;127543;(2, 32, 31, 52, 127543);33642;(2, 32, 31, 15, 33642);זהב;2;15;וישב משה אל יהוה ויאמר אנא חטא העם הזה חטאה גדלה ויעשו להם אלהי זהב
(232813, 66, 4);8;ח;127609;(2, 32, 33, 27, 127609);33662;(2, 32, 33, 9, 33662);אמחנו;3;9;ויאמר יהוה אל משה מי אשר חטא לי אמחנו מספרי
(232813, 66, 4);30;ל;127675;(2, 32, 34, 59, 127675);33680;(2, 32, 34, 17, 33680);עלהם;2;17;ועתה לך נחה את העם אל אשר דברתי לך הנה מלאכי ילך לפניך וביום פקדי ופקדתי עלהם חטאתם
(232813, 66, 4);5;ה;127741;(2, 33, 1, 22, 127741);33700;(2, 33, 1, 7, 33700);מזה;3;7;וידבר יהוה אל משה לך עלה מזה אתה והעם אשר העלית מארץ מצרים אל הארץ אשר נשבעתי לאברהם ליצחק וליעקב לאמר לזרעך אתננה
(232813, 66, 4);1;א;127807;(2, 33, 1, 88, 127807);33716;(2, 33, 1, 23, 33716);אתננה;1;23;וידבר יהוה אל משה לך עלה מזה אתה והעם אשר העלית מארץ מצרים אל הארץ אשר נשבעתי לאברהם ליצחק וליעקב לאמר לזרעך אתננה
(232813, 66, 4);7;ז;127873;(2, 33, 3, 6, 127873);33730;(2, 33, 3, 3, 33730);זבת;1;3;אל ארץ זבת חלב ודבש כי לא אעלה בקרבך כי עם קשה ערף אתה פן אכלך בדרך
(232813, 66, 4);6;ו;127939;(2, 33, 4, 21, 127939);33751;(2, 33, 4, 7, 33751);ויתאבלו;1;7;וישמע העם את הדבר הרע הזה ויתאבלו ולא שתו איש עדיו עליו
(232813, 66, 4);8;ח;128005;(2, 33, 5, 43, 128005);33770;(2, 33, 5, 14, 33770);אחד;2;14;ויאמר יהוה אל משה אמר אל בני ישראל אתם עם קשה ערף רגע אחד אעלה בקרבך וכליתיך ועתה הורד עדיך מעליך ואדעה מה אעשה לך
(232813, 66, 4);4;ד;128071;(2, 33, 6, 19, 128071);33786;(2, 33, 6, 5, 33786);עדים;2;5;ויתנצלו בני ישראל את עדים מהר חורב
(232813, 66, 4);20;כ;128137;(2, 33, 7, 57, 128137);33805;(2, 33, 7, 17, 33805);כל;1;17;ומשה יקח את האהל ונטה לו מחוץ למחנה הרחק מן המחנה וקרא לו אהל מועד והיה כל מבקש יהוה יצא אל אהל מועד אשר מחוץ למחנה
(232813, 66, 4);1;א;128203;(2, 33, 8, 33, 128203);33824;(2, 33, 8, 10, 33824);איש;1;10;והיה כצאת משה אל האהל יקומו כל העם ונצבו איש פתח אהלו והביטו אחרי משה עד באו האהלה
(232813, 66, 4);5;ה;128269;(2, 33, 9, 34, 128269);33842;(2, 33, 9, 10, 33842);האהל;1;10;והיה כבא משה האהלה ירד עמוד הענן ועמד פתח האהל ודבר עם משה
(232813, 66, 4);6;ו;128335;(2, 33, 10, 54, 128335);33861;(2, 33, 10, 16, 33861);אהלו;4;16;וראה כל העם את עמוד הענן עמד פתח האהל וקם כל העם והשתחוו איש פתח אהלו
(232813, 66, 4);50;ן;128401;(2, 33, 11, 66, 128401);33880;(2, 33, 11, 19, 33880);נון;3;19;ודבר יהוה אל משה פנים אל פנים כאשר ידבר איש אל רעהו ושב אל המחנה ומשרתו יהושע בן נון נער לא ימיש מתוך האהל
(232813, 66, 4);50;נ;128467;(2, 33, 12, 49, 128467);33900;(2, 33, 12, 15, 33900);הודעתני;6;15;ויאמר משה אל יהוה ראה אתה אמר אלי העל את העם הזה ואתה לא הודעתני את אשר תשלח עמי ואתה אמרת ידעתיך בשם וגם מצאת חן בעיני
(232813, 66, 4);5;ה;128533;(2, 33, 13, 22, 128533);33919;(2, 33, 13, 7, 33919);הודעני;1;7;ועתה אם נא מצאתי חן בעיניך הודעני נא את דרכך ואדעך למען אמצא חן בעיניך וראה כי עמך הגוי הזה
(232813, 66, 4);8;ח;128599;(2, 33, 14, 16, 128599);33936;(2, 33, 14, 4, 33936);והנחתי;4;4;ויאמר פני ילכו והנחתי לך
(232813, 66, 4);50;נ;128665;(2, 33, 16, 29, 128665);33954;(2, 33, 16, 8, 33954);אני;2;8;ובמה יודע אפוא כי מצאתי חן בעיניך אני ועמך הלוא בלכתך עמנו ונפלינו אני ועמך מכל העם אשר על פני האדמה
(232813, 66, 4);3;ג;128731;(2, 33, 17, 15, 128731);33972;(2, 33, 17, 5, 33972);גם;1;5;ויאמר יהוה אל משה גם את הדבר הזה אשר דברת אעשה כי מצאת חן בעיני ואדעך בשם
(232813, 66, 4);1;א;128797;(2, 33, 19, 6, 128797);33991;(2, 33, 19, 2, 33991);אני;1;2;ויאמר אני אעביר כל טובי על פניך וקראתי בשם יהוה לפניך וחנתי את אשר אחן ורחמתי את אשר ארחם
(232813, 66, 4);6;ו;128863;(2, 33, 20, 1, 128863);34009;(2, 33, 20, 1, 34009);ויאמר;1;1;ויאמר לא תוכל לראת את פני כי לא יראני האדם וחי
(232813, 66, 4);6;ו;128929;(2, 33, 22, 1, 128929);34028;(2, 33, 22, 1, 34028);והיה;1;1;והיה בעבר כבדי ושמתיך בנקרת הצור ושכתי כפי עליך עד עברי
(232813, 66, 4);10;י;128995;(2, 33, 23, 22, 128995);34044;(2, 33, 23, 6, 34044);אחרי;4;6;והסרתי את כפי וראית את אחרי ופני לא יראו
(232813, 66, 4);10;י;129061;(2, 34, 1, 56, 129061);34062;(2, 34, 1, 15, 34062);הדברים;5;15;ויאמר יהוה אל משה פסל לך שני לחת אבנים כראשנים וכתבתי על הלחת את הדברים אשר היו על הלחת הראשנים אשר שברת
(232813, 66, 4);70;ע;129127;(2, 34, 2, 39, 129127);34081;(2, 34, 2, 12, 34081);על;1;12;והיה נכון לבקר ועלית בבקר אל הר סיני ונצבת לי שם על ראש ההר
(232813, 66, 4);1;א;129193;(2, 34, 3, 59, 129193);34102;(2, 34, 3, 19, 34102);ההוא;4;19;ואיש לא יעלה עמך וגם איש אל ירא בכל ההר גם הצאן והבקר אל ירעו אל מול ההר ההוא
(232813, 66, 4);2;ב;129259;(2, 34, 4, 66, 129259);34120;(2, 34, 4, 18, 34120);בידו;1;18;ויפסל שני לחת אבנים כראשנים וישכם משה בבקר ויעל אל הר סיני כאשר צוה יהוה אתו ויקח בידו שני לחת אבנים
(232813, 66, 4);10;י;129325;(2, 34, 6, 17, 129325);34137;(2, 34, 6, 5, 34137);ויקרא;2;5;ויעבר יהוה על פניו ויקרא יהוה יהוה אל רחום וחנון ארך אפים ורב חסד ואמת
(232813, 66, 4);5;ה;129391;(2, 34, 7, 27, 129391);34154;(2, 34, 7, 7, 34154);וחטאה;5;7;נצר חסד לאלפים נשא עון ופשע וחטאה ונקה לא ינקה פקד עון אבות על בנים ועל בני בנים על שלשים ועל רבעים
(232813, 66, 4);90;צ;129457;(2, 34, 8, 15, 129457);34173;(2, 34, 8, 4, 34173);ארצה;3;4;וימהר משה ויקד ארצה וישתחו
(232813, 66, 4);400;ת;129523;(2, 34, 9, 59, 129523);34191;(2, 34, 9, 17, 34191);וסלחת;5;17;ויאמר אם נא מצאתי חן בעיניך אדני ילך נא אדני בקרבנו כי עם קשה ערף הוא וסלחת לעוננו ולחטאתנו ונחלתנו
(232813, 66, 4);1;א;129589;(2, 34, 10, 45, 129589);34207;(2, 34, 10, 13, 34207);נבראו;4;13;ויאמר הנה אנכי כרת ברית נגד כל עמך אעשה נפלאת אשר לא נבראו בכל הארץ ובכל הגוים וראה כל העם אשר אתה בקרבו את מעשה יהוה כי נורא הוא אשר אני עשה עמך
(232813, 66, 4);70;ע;129655;(2, 34, 10, 111, 129655);34227;(2, 34, 10, 33, 34227);עמך;1;33;ויאמר הנה אנכי כרת ברית נגד כל עמך אעשה נפלאת אשר לא נבראו בכל הארץ ובכל הגוים וראה כל העם אשר אתה בקרבו את מעשה יהוה כי נורא הוא אשר אני עשה עמך
(232813, 66, 4);10;י;129721;(2, 34, 11, 64, 129721);34243;(2, 34, 11, 16, 34243);והחוי;5;16;שמר לך את אשר אנכי מצוך היום הנני גרש מפניך את האמרי והכנעני והחתי והפרזי והחוי והיבוסי
(232813, 66, 4);7;ז;129787;(2, 34, 13, 6, 129787);34262;(2, 34, 13, 3, 34262);מזבחתם;2;3;כי את מזבחתם תתצון ואת מצבתם תשברון ואת אשריו תכרתון
(232813, 66, 4);1;א;129853;(2, 34, 14, 29, 129853);34279;(2, 34, 14, 10, 34279);אל;1;10;כי לא תשתחוה לאל אחר כי יהוה קנא שמו אל קנא הוא
(232813, 66, 4);2;ב;129919;(2, 34, 15, 59, 129919);34295;(2, 34, 15, 14, 34295);מזבחו;3;14;פן תכרת ברית ליושב הארץ וזנו אחרי אלהיהם וזבחו לאלהיהם וקרא לך ואכלת מזבחו
(232813, 66, 4);5;ה;129985;(2, 34, 17, 8, 129985);34309;(2, 34, 17, 2, 34309);מסכה;4;2;אלהי מסכה לא תעשה לך
(232813, 66, 4);1;א;130051;(2, 34, 18, 58, 130051);34328;(2, 34, 18, 16, 34328);האביב;2;16;את חג המצות תשמר שבעת ימים תאכל מצות אשר צויתך למועד חדש האביב כי בחדש האביב יצאת ממצרים
(232813, 66, 4);4;ד;130117;(2, 34, 20, 23, 130117);34347;(2, 34, 20, 7, 34347);תפדה;3;7;ופטר חמור תפדה בשה ואם לא תפדה וערפתו כל בכור בניך תפדה ולא יראו פני ריקם
(232813, 66, 4);300;ש;130183;(2, 34, 21, 31, 130183);34363;(2, 34, 21, 7, 34363);בחריש;5;7;ששת ימים תעבד וביום השביעי תשבת בחריש ובקציר תשבת
(232813, 66, 4);10;י;130249;(2, 34, 23, 13, 130249);34380;(2, 34, 23, 4, 34380);יראה;1;4;שלש פעמים בשנה יראה כל זכורך את פני האדן יהוה אלהי ישראל
(232813, 66, 4);8;ח;130315;(2, 34, 24, 34, 130315);34397;(2, 34, 24, 9, 34397);יחמד;2;9;כי אוריש גוים מפניך והרחבתי את גבלך ולא יחמד איש את ארצך בעלתך לראות את פני יהוה אלהיך שלש פעמים בשנה
(232813, 66, 4);30;ל;130381;(2, 34, 25, 19, 130381);34416;(2, 34, 25, 7, 34416);ולא;2;7;לא תשחט על חמץ דם זבחי ולא ילין לבקר זבח חג הפסח
(232813, 66, 4);6;ו;130447;(2, 34, 27, 1, 130447);34434;(2, 34, 27, 1, 34434);ויאמר;1;1;ויאמר יהוה אל משה כתב לך את הדברים האלה כי על פי הדברים האלה כרתי אתך ברית ואת ישראל
(232813, 66, 4);6;ו;130513;(2, 34, 28, 1, 130513);34453;(2, 34, 28, 1, 34453);ויהי;1;1;ויהי שם עם יהוה ארבעים יום וארבעים לילה לחם לא אכל ומים לא שתה ויכתב על הלחת את דברי הברית עשרת הדברים
(232813, 66, 4);5;ה;130579;(2, 34, 28, 67, 130579);34472;(2, 34, 28, 20, 34472);הברית;1;20;ויהי שם עם יהוה ארבעים יום וארבעים לילה לחם לא אכל ומים לא שתה ויכתב על הלחת את דברי הברית עשרת הדברים
(232813, 66, 4);10;י;130645;(2, 34, 29, 52, 130645);34490;(2, 34, 29, 16, 34490);ידע;1;16;ויהי ברדת משה מהר סיני ושני לחת העדת ביד משה ברדתו מן ההר ומשה לא ידע כי קרן עור פניו בדברו אתו
(232813, 66, 4);6;ו;130711;(2, 34, 30, 44, 130711);34508;(2, 34, 30, 12, 34508);וייראו;6;12;וירא אהרן וכל בני ישראל את משה והנה קרן עור פניו וייראו מגשת אליו
(232813, 66, 4);50;נ;130777;(2, 34, 32, 8, 130777);34525;(2, 34, 32, 3, 34525);נגשו;1;3;ואחרי כן נגשו כל בני ישראל ויצום את כל אשר דבר יהוה אתו בהר סיני
(232813, 66, 4);6;ו;130843;(2, 34, 33, 24, 130843);34544;(2, 34, 33, 7, 34544);פניו;4;7;ויכל משה מדבר אתם ויתן על פניו מסוה
(232813, 66, 4);200;ר;130909;(2, 34, 34, 62, 130909);34563;(2, 34, 34, 18, 34563);אשר;3;18;ובבא משה לפני יהוה לדבר אתו יסיר את המסוה עד צאתו ויצא ודבר אל בני ישראל את אשר יצוה
(232813, 66, 4);4;ד;130975;(2, 34, 35, 62, 130975);34584;(2, 34, 35, 20, 34584);לדבר;2;20;וראו בני ישראל את פני משה כי קרן עור פני משה והשיב משה את המסוה על פניו עד באו לדבר אתו
(232813, 66, 4);400;ת;131041;(2, 35, 2, 3, 131041);34602;(2, 35, 2, 1, 34602);ששת;3;1;ששת ימים תעשה מלאכה וביום השביעי יהיה לכם קדש שבת שבתון ליהוה כל העשה בו מלאכה יומת
(232813, 66, 4);1;א;131107;(2, 35, 3, 2, 131107);34619;(2, 35, 3, 1, 34619);לא;2;1;לא תבערו אש בכל משבתיכם ביום השבת
(232813, 66, 4);5;ה;131173;(2, 35, 4, 41, 131173);34638;(2, 35, 4, 13, 34638);יהוה;2;13;ויאמר משה אל כל עדת בני ישראל לאמר זה הדבר אשר צוה יהוה לאמר
(232813, 66, 4);400;ת;131239;(2, 35, 6, 5, 131239);34654;(2, 35, 6, 1, 34654);ותכלת;5;1;ותכלת וארגמן ותולעת שני ושש ועזים
(232813, 66, 4);300;ש;131305;(2, 35, 8, 12, 131305);34669;(2, 35, 8, 3, 34669);ובשמים;3;3;ושמן למאור ובשמים לשמן המשחה ולקטרת הסמים
(232813, 66, 4);6;ו;131371;(2, 35, 10, 15, 131371);34684;(2, 35, 10, 5, 34684);יבאו;4;5;וכל חכם לב בכם יבאו ויעשו את כל אשר צוה יהוה
(232813, 66, 4);40;מ;131437;(2, 35, 11, 47, 131437);34704;(2, 35, 11, 14, 34704);עמדיו;2;14;את המשכן את אהלו ואת מכסהו את קרסיו ואת קרשיו את בריחו את עמדיו ואת אדניו
(232813, 66, 4);6;ו;131503;(2, 35, 13, 24, 131503);34723;(2, 35, 13, 8, 34723);ואת;1;8;את השלחן ואת בדיו ואת כל כליו ואת לחם הפנים
(232813, 66, 4);10;י;131569;(2, 35, 15, 18, 131569);34740;(2, 35, 15, 5, 34740);בדיו;3;5;ואת מזבח הקטרת ואת בדיו ואת שמן המשחה ואת קטרת הסמים ואת מסך הפתח לפתח המשכן
(232813, 66, 4);1;א;131635;(2, 35, 16, 23, 131635);34758;(2, 35, 16, 7, 34758);אשר;1;7;את מזבח העלה ואת מכבר הנחשת אשר לו את בדיו ואת כל כליו את הכיר ואת כנו
(232813, 66, 4);5;ה;131701;(2, 35, 17, 35, 131701);34779;(2, 35, 17, 11, 34779);החצר;1;11;את קלעי החצר את עמדיו ואת אדניה ואת מסך שער החצר
(232813, 66, 4);5;ה;131767;(2, 35, 19, 31, 131767);34796;(2, 35, 19, 9, 34796);לאהרן;3;9;את בגדי השרד לשרת בקדש את בגדי הקדש לאהרן הכהן ואת בגדי בניו לכהן
(232813, 66, 4);2;ב;131833;(2, 35, 21, 19, 131833);34814;(2, 35, 21, 6, 34814);לבו;2;6;ויבאו כל איש אשר נשאו לבו וכל אשר נדבה רוחו אתו הביאו את תרומת יהוה למלאכת אהל מועד ולכל עבדתו ולבגדי הקדש
(232813, 66, 4);300;ש;131899;(2, 35, 21, 85, 131899);34830;(2, 35, 21, 22, 34830);הקדש;4;22;ויבאו כל איש אשר נשאו לבו וכל אשר נדבה רוחו אתו הביאו את תרומת יהוה למלאכת אהל מועד ולכל עבדתו ולבגדי הקדש
(232813, 66, 4);50;נ;131965;(2, 35, 22, 66, 131965);34849;(2, 35, 22, 19, 34849);הניף;2;19;ויבאו האנשים על הנשים כל נדיב לב הביאו חח ונזם וטבעת וכומז כל כלי זהב וכל איש אשר הניף תנופת זהב ליהוה
(232813, 66, 4);40;ם;132031;(2, 35, 23, 51, 132031);34865;(2, 35, 23, 13, 34865);אילם;4;13;וכל איש אשר נמצא אתו תכלת וארגמן ותולעת שני ושש ועזים וערת אילם מאדמים וערת תחשים הביאו
(232813, 66, 4);1;א;132097;(2, 35, 24, 46, 132097);34882;(2, 35, 24, 13, 34882);אתו;1;13;כל מרים תרומת כסף ונחשת הביאו את תרומת יהוה וכל אשר נמצא אתו עצי שטים לכל מלאכת העבדה הביאו
(232813, 66, 4);1;א;132163;(2, 35, 25, 39, 132163);34899;(2, 35, 25, 11, 34899);ואת;2;11;וכל אשה חכמת לב בידיה טוו ויביאו מטוה את התכלת ואת הארגמן את תולעת השני ואת השש
(232813, 66, 4);40;ם;132229;(2, 35, 27, 6, 132229);34916;(2, 35, 27, 1, 34916);והנשאם;6;1;והנשאם הביאו את אבני השהם ואת אבני המלאים לאפוד ולחשן
(232813, 66, 4);8;ח;132295;(2, 35, 28, 28, 132295);34932;(2, 35, 28, 7, 34932);המשחה;4;7;ואת הבשם ואת השמן למאור ולשמן המשחה ולקטרת הסמים
(232813, 66, 4);40;מ;132361;(2, 35, 29, 54, 132361);34950;(2, 35, 29, 16, 34950);משה;1;16;כל איש ואשה אשר נדב לבם אתם להביא לכל המלאכה אשר צוה יהוה לעשות ביד משה הביאו בני ישראל נדבה ליהוה
(232813, 66, 4);10;י;132427;(2, 35, 30, 42, 132427);34967;(2, 35, 30, 12, 34967);אורי;4;12;ויאמר משה אל בני ישראל ראו קרא יהוה בשם בצלאל בן אורי בן חור למטה יהודה
(232813, 66, 4);30;ל;132493;(2, 35, 32, 11, 132493);34983;(2, 35, 32, 3, 34983);לעשת;1;3;ולחשב מחשבת לעשת בזהב ובכסף ובנחשת
(232813, 66, 4);400;ת;132559;(2, 35, 34, 8, 132559);34997;(2, 35, 34, 2, 34997);נתן;2;2;ולהורת נתן בלבו הוא ואהליאב בן אחיסמך למטה דן
(232813, 66, 4);400;ת;132625;(2, 35, 35, 37, 132625);35015;(2, 35, 35, 11, 35015);בתכלת;2;11;מלא אתם חכמת לב לעשות כל מלאכת חרש וחשב ורקם בתכלת ובארגמן בתולעת השני ובשש וארג עשי כל מלאכה וחשבי מחשבת
(232813, 66, 4);20;כ;132691;(2, 36, 1, 18, 132691);35029;(2, 36, 1, 4, 35029);וכל;2;4;ועשה בצלאל ואהליאב וכל איש חכם לב אשר נתן יהוה חכמה ותבונה בהמה לדעת לעשת את כל מלאכת עבדת הקדש לכל אשר צוה יהוה
(232813, 66, 4);6;ו;132757;(2, 36, 1, 84, 132757);35048;(2, 36, 1, 23, 35048);צוה;2;23;ועשה בצלאל ואהליאב וכל איש חכם לב אשר נתן יהוה חכמה ותבונה בהמה לדעת לעשת את כל מלאכת עבדת הקדש לכל אשר צוה יהוה
(232813, 66, 4);50;נ;132823;(2, 36, 2, 61, 132823);35068;(2, 36, 2, 19, 35068);נשאו;1;19;ויקרא משה אל בצלאל ואל אהליאב ואל כל איש חכם לב אשר נתן יהוה חכמה בלבו כל אשר נשאו לבו לקרבה אל המלאכה לעשת אתה
(232813, 66, 4);30;ל;132889;(2, 36, 3, 40, 132889);35085;(2, 36, 3, 11, 35085);למלאכת;1;11;ויקחו מלפני משה את כל התרומה אשר הביאו בני ישראל למלאכת עבדת הקדש לעשת אתה והם הביאו אליו עוד נדבה בבקר בבקר
(232813, 66, 4);1;א;132955;(2, 36, 4, 19, 132955);35101;(2, 36, 4, 5, 35101);את;1;5;ויבאו כל החכמים העשים את כל מלאכת הקדש איש איש ממלאכתו אשר המה עשים
(232813, 66, 4);10;י;133021;(2, 36, 5, 31, 133021);35118;(2, 36, 5, 8, 35118);מדי;3;8;ויאמרו אל משה לאמר מרבים העם להביא מדי העבדה למלאכה אשר צוה יהוה לעשת אתה
(232813, 66, 4);300;ש;133087;(2, 36, 6, 38, 133087);35135;(2, 36, 6, 10, 35135);יעשו;3;10;ויצו משה ויעבירו קול במחנה לאמר איש ואשה אל יעשו עוד מלאכה לתרומת הקדש ויכלא העם מהביא
(232813, 66, 4);6;ו;133153;(2, 36, 7, 34, 133153);35150;(2, 36, 7, 8, 35150);והותר;3;8;והמלאכה היתה דים לכל המלאכה לעשות אתה והותר
(232813, 66, 4);20;כ;133219;(2, 36, 8, 64, 133219);35167;(2, 36, 8, 17, 35167);כרבים;1;17;ויעשו כל חכם לב בעשי המלאכה את המשכן עשר יריעת שש משזר ותכלת וארגמן ותולעת שני כרבים מעשה חשב עשה אתם
(232813, 66, 4);400;ת;133285;(2, 36, 9, 49, 133285);35182;(2, 36, 9, 11, 35182);האחת;4;11;ארך היריעה האחת שמנה ועשרים באמה ורחב ארבע באמה היריעה האחת מדה אחת לכל היריעת
(232813, 66, 4);1;א;133351;(2, 36, 11, 7, 133351);35201;(2, 36, 11, 2, 35201);ללאת;3;2;ויעש ללאת תכלת על שפת היריעה האחת מקצה במחברת כן עשה בשפת היריעה הקיצונה במחברת השנית
(232813, 66, 4);300;ש;133417;(2, 36, 12, 3, 133417);35216;(2, 36, 12, 1, 35216);חמשים;3;1;חמשים ללאת עשה ביריעה האחת וחמשים ללאת עשה בקצה היריעה אשר במחברת השנית מקבילת הללאת אחת אל אחת
(232813, 66, 4);1;א;133483;(2, 36, 12, 69, 133483);35230;(2, 36, 12, 15, 35230);הללאת;4;15;חמשים ללאת עשה ביריעה האחת וחמשים ללאת עשה בקצה היריעה אשר במחברת השנית מקבילת הללאת אחת אל אחת
(232813, 66, 4);10;י;133549;(2, 36, 14, 2, 133549);35248;(2, 36, 14, 1, 35248);ויעש;2;1;ויעש יריעת עזים לאהל על המשכן עשתי עשרה יריעת עשה אתם
(232813, 66, 4);200;ר;133615;(2, 36, 15, 25, 133615);35264;(2, 36, 15, 6, 35264);וארבע;3;6;ארך היריעה האחת שלשים באמה וארבע אמות רחב היריעה האחת מדה אחת לעשתי עשרה יריעת
(232813, 66, 4);200;ר;133681;(2, 36, 16, 27, 133681);35281;(2, 36, 16, 8, 35281);היריעת;3;8;ויחבר את חמש היריעת לבד ואת שש היריעת לבד
(232813, 66, 4);5;ה;133747;(2, 36, 17, 60, 133747);35296;(2, 36, 17, 14, 35296);היריעה;6;14;ויעש ללאת חמשים על שפת היריעה הקיצנה במחברת וחמשים ללאת עשה על שפת היריעה החברת השנית
(232813, 66, 4);4;ד;133813;(2, 36, 19, 22, 133813);35313;(2, 36, 19, 6, 35313);מאדמים;3;6;ויעש מכסה לאהל ערת אילם מאדמים ומכסה ערת תחשים מלמעלה
(232813, 66, 4);1;א;133879;(2, 36, 21, 15, 133879);35329;(2, 36, 21, 5, 35329);ואמה;2;5;עשר אמת ארך הקרש ואמה וחצי האמה רחב הקרש האחד
(232813, 66, 4);6;ו;133945;(2, 36, 23, 1, 133945);35348;(2, 36, 23, 1, 35348);ויעש;1;1;ויעש את הקרשים למשכן עשרים קרשים לפאת נגב תימנה
(232813, 66, 4);200;ר;134011;(2, 36, 24, 28, 134011);35363;(2, 36, 24, 7, 35363);הקרשים;3;7;וארבעים אדני כסף עשה תחת עשרים הקרשים שני אדנים תחת הקרש האחד לשתי ידתיו ושני אדנים תחת הקרש האחד לשתי ידתיו
(232813, 66, 4);5;ה;134077;(2, 36, 25, 6, 134077);35379;(2, 36, 25, 2, 35379);המשכן;1;2;ולצלע המשכן השנית לפאת צפון עשה עשרים קרשים
(232813, 66, 4);6;ו;134143;(2, 36, 26, 36, 134143);35394;(2, 36, 26, 9, 35394);ושני;1;9;וארבעים אדניהם כסף שני אדנים תחת הקרש האחד ושני אדנים תחת הקרש האחד
(232813, 66, 4);300;ש;134209;(2, 36, 28, 21, 134209);35409;(2, 36, 28, 5, 35409);המשכן;3;5;ושני קרשים עשה למקצעת המשכן בירכתים
(232813, 66, 4);300;ש;134275;(2, 36, 29, 57, 134275);35425;(2, 36, 29, 15, 35425);לשני;2;15;והיו תואמם מלמטה ויחדו יהיו תמים אל ראשו אל הטבעת האחת כן עשה לשניהם לשני המקצעת
(232813, 66, 4);5;ה;134341;(2, 36, 30, 58, 134341);35441;(2, 36, 30, 15, 35441);האחד;1;15;והיו שמנה קרשים ואדניהם כסף ששה עשר אדנים שני אדנים שני אדנים תחת הקרש האחד
(232813, 66, 4);50;נ;134407;(2, 36, 32, 26, 134407);35456;(2, 36, 32, 6, 35456);השנית;3;6;וחמשה בריחם לקרשי צלע המשכן השנית וחמשה בריחם לקרשי המשכן לירכתים ימה
(232813, 66, 4);100;ק;134473;(2, 36, 33, 34, 134473);35471;(2, 36, 33, 9, 35471);הקצה;2;9;ויעש את הבריח התיכן לברח בתוך הקרשים מן הקצה אל הקצה
(232813, 66, 4);300;ש;134539;(2, 36, 35, 4, 134539);35488;(2, 36, 35, 1, 35488);ויעש;4;1;ויעש את הפרכת תכלת וארגמן ותולעת שני ושש משזר מעשה חשב עשה אתה כרבים
(232813, 66, 4);4;ד;134605;(2, 36, 36, 15, 134605);35505;(2, 36, 36, 4, 35505);עמודי;4;4;ויעש לה ארבעה עמודי שטים ויצפם זהב וויהם זהב ויצק להם ארבעה אדני כסף
(232813, 66, 4);6;ו;134671;(2, 36, 37, 26, 134671);35522;(2, 36, 37, 7, 35522);ותולעת;1;7;ויעש מסך לפתח האהל תכלת וארגמן ותולעת שני ושש משזר מעשה רקם
(232813, 66, 4);4;ד;134737;(2, 36, 38, 44, 134737);35537;(2, 36, 38, 10, 35537);ואדניהם;3;10;ואת עמודיו חמשה ואת וויהם וצפה ראשיהם וחשקיהם זהב ואדניהם חמשה נחשת
(232813, 66, 4);90;צ;134803;(2, 37, 1, 54, 134803);35553;(2, 37, 1, 14, 35553);וחצי;3;14;ויעש בצלאל את הארן עצי שטים אמתים וחצי ארכו ואמה וחצי רחבו ואמה וחצי קמתו
(232813, 66, 4);80;פ;134869;(2, 37, 3, 24, 134869);35572;(2, 37, 3, 8, 35572);פעמתיו;1;8;ויצק לו ארבע טבעת זהב על ארבע פעמתיו ושתי טבעת על צלעו האחת ושתי טבעת על צלעו השנית
(232813, 66, 4);2;ב;134935;(2, 37, 4, 24, 134935);35589;(2, 37, 4, 7, 35589);זהב;3;7;ויעש בדי עצי שטים ויצף אתם זהב
(232813, 66, 4);1;א;135001;(2, 37, 6, 30, 135001);35607;(2, 37, 6, 8, 35607);ואמה;2;8;ויעש כפרת זהב טהור אמתים וחצי ארכה ואמה וחצי רחבה
(232813, 66, 4);6;ו;135067;(2, 37, 8, 18, 135067);35624;(2, 37, 8, 5, 35624);וכרוב;4;5;כרוב אחד מקצה מזה וכרוב אחד מקצה מזה מן הכפרת עשה את הכרבים משני קצוותו
(232813, 66, 4);20;כ;135133;(2, 37, 9, 27, 135133);35640;(2, 37, 9, 6, 35640);סככים;2;6;ויהיו הכרבים פרשי כנפים למעלה סככים בכנפיהם על הכפרת ופניהם איש אל אחיו אל הכפרת היו פני הכרבים
(232813, 66, 4);300;ש;135199;(2, 37, 10, 15, 135199);35657;(2, 37, 10, 5, 35657);שטים;1;5;ויעש את השלחן עצי שטים אמתים ארכו ואמה רחבו ואמה וחצי קמתו
(232813, 66, 4);30;ל;135265;(2, 37, 12, 5, 135265);35675;(2, 37, 12, 2, 35675);לו;1;2;ויעש לו מסגרת טפח סביב ויעש זר זהב למסגרתו סביב
(232813, 66, 4);2;ב;135331;(2, 37, 13, 33, 135331);35693;(2, 37, 13, 10, 35693);ארבע;3;10;ויצק לו ארבע טבעת זהב ויתן את הטבעת על ארבע הפאת אשר לארבע רגליו
(232813, 66, 4);10;י;135397;(2, 37, 15, 10, 135397);35709;(2, 37, 15, 3, 35709);הבדים;4;3;ויעש את הבדים עצי שטים ויצף אתם זהב לשאת את השלחן
(232813, 66, 4);6;ו;135463;(2, 37, 16, 37, 135463);35727;(2, 37, 16, 10, 35727);כפתיו;5;10;ויעש את הכלים אשר על השלחן את קערתיו ואת כפתיו ואת מנקיתיו ואת הקשות אשר יסך בהן זהב טהור
(232813, 66, 4);5;ה;135529;(2, 37, 17, 32, 135529);35745;(2, 37, 17, 9, 35745);המנרה;5;9;ויעש את המנרה זהב טהור מקשה עשה את המנרה ירכה וקנה גביעיה כפתריה ופרחיה ממנה היו
(232813, 66, 4);5;ה;135595;(2, 37, 18, 33, 135595);35760;(2, 37, 18, 8, 35760);מצדה;4;8;וששה קנים יצאים מצדיה שלשה קני מנרה מצדה האחד ושלשה קני מנרה מצדה השני
(232813, 66, 4);40;מ;135661;(2, 37, 19, 42, 135661);35776;(2, 37, 19, 10, 35776);משקדים;1;10;שלשה גבעים משקדים בקנה האחד כפתר ופרח ושלשה גבעים משקדים בקנה אחד כפתר ופרח כן לששת הקנים היצאים מן המנרה
(232813, 66, 4);40;ם;135727;(2, 37, 20, 22, 135727);35790;(2, 37, 20, 4, 35790);משקדים;6;4;ובמנרה ארבעה גבעים משקדים כפתריה ופרחיה
(232813, 66, 4);50;נ;135793;(2, 37, 21, 54, 135793);35806;(2, 37, 21, 14, 35806);הקנים;3;14;וכפתר תחת שני הקנים ממנה וכפתר תחת שני הקנים ממנה וכפתר תחת שני הקנים ממנה לששת הקנים היצאים ממנה
(232813, 66, 4);1;א;135859;(2, 37, 23, 5, 135859);35822;(2, 37, 23, 2, 35822);את;1;2;ויעש את נרתיה שבעה ומלקחיה ומחתתיה זהב טהור
(232813, 66, 4);8;ח;135925;(2, 37, 25, 10, 135925);35839;(2, 37, 25, 3, 35839);מזבח;4;3;ויעש את מזבח הקטרת עצי שטים אמה ארכו ואמה רחבו רבוע ואמתים קמתו ממנו היו קרנתיו
(232813, 66, 4);5;ה;135991;(2, 37, 26, 12, 135991);35856;(2, 37, 26, 4, 35856);טהור;2;4;ויצף אתו זהב טהור את גגו ואת קירתיו סביב ואת קרנתיו ויעש לו זר זהב סביב
(232813, 66, 4);7;ז;136057;(2, 37, 27, 22, 136057);35875;(2, 37, 27, 7, 35875);לזרו;2;7;ושתי טבעת זהב עשה לו מתחת לזרו על שתי צלעתיו על שני צדיו לבתים לבדים לשאת אתו בהם
(232813, 66, 4);400;ת;136123;(2, 37, 28, 24, 136123);35893;(2, 37, 28, 7, 35893);אתם;2;7;ויעש את הבדים עצי שטים ויצף אתם זהב
(232813, 66, 4);8;ח;136189;(2, 38, 1, 22, 136189);35912;(2, 38, 1, 7, 35912);חמש;1;7;ויעש את מזבח העלה עצי שטים חמש אמות ארכו וחמש אמות רחבו רבוע ושלש אמות קמתו
(232813, 66, 4);6;ו;136255;(2, 38, 2, 28, 136255);35928;(2, 38, 2, 7, 35928);היו;3;7;ויעש קרנתיו על ארבע פנתיו ממנו היו קרנתיו ויצף אתו נחשת
(232813, 66, 4);6;ו;136321;(2, 38, 3, 49, 136321);35946;(2, 38, 3, 14, 35946);ואת;1;14;ויעש את כל כלי המזבח את הסירת ואת היעים ואת המזרקת את המזלגת ואת המחתת כל כליו עשה נחשת
(232813, 66, 4);90;צ;136387;(2, 38, 5, 3, 136387);35963;(2, 38, 5, 1, 35963);ויצק;3;1;ויצק ארבע טבעת בארבע הקצות למכבר הנחשת בתים לבדים
(232813, 66, 4);300;ש;136453;(2, 38, 6, 28, 136453);35979;(2, 38, 6, 8, 35979);נחשת;3;8;ויעש את הבדים עצי שטים ויצף אתם נחשת
(232813, 66, 4);400;ת;136519;(2, 38, 8, 15, 136519);35997;(2, 38, 8, 4, 35997);נחשת;4;4;ויעש את הכיור נחשת ואת כנו נחשת במראת הצבאת אשר צבאו פתח אהל מועד
(232813, 66, 4);90;צ;136585;(2, 38, 9, 29, 136585);36015;(2, 38, 9, 8, 36015);החצר;3;8;ויעש את החצר לפאת נגב תימנה קלעי החצר שש משזר מאה באמה
(232813, 66, 4);1;א;136651;(2, 38, 11, 4, 136651);36029;(2, 38, 11, 1, 36029);ולפאת;4;1;ולפאת צפון מאה באמה עמודיהם עשרים ואדניהם עשרים נחשת ווי העמודים וחשקיהם כסף
(232813, 66, 4);10;י;136717;(2, 38, 12, 6, 136717);36043;(2, 38, 12, 2, 36043);ים;1;2;ולפאת ים קלעים חמשים באמה עמודיהם עשרה ואדניהם עשרה ווי העמדים וחשוקיהם כסף
(232813, 66, 4);5;ה;136783;(2, 38, 13, 9, 136783);36056;(2, 38, 13, 2, 36056);קדמה;4;2;ולפאת קדמה מזרחה חמשים אמה
(232813, 66, 4);400;ת;136849;(2, 38, 15, 10, 136849);36071;(2, 38, 15, 2, 36071);השנית;5;2;ולכתף השנית מזה ומזה לשער החצר קלעים חמש עשרה אמה עמדיהם שלשה ואדניהם שלשה
(232813, 66, 4);300;ש;136915;(2, 38, 16, 15, 136915);36088;(2, 38, 16, 5, 36088);שש;1;5;כל קלעי החצר סביב שש משזר
(232813, 66, 4);40;ם;136981;(2, 38, 17, 61, 136981);36101;(2, 38, 17, 12, 36101);מחשקים;6;12;והאדנים לעמדים נחשת ווי העמודים וחשוקיהם כסף וצפוי ראשיהם כסף והם מחשקים כסף כל עמדי החצר
(232813, 66, 4);5;ה;137047;(2, 38, 18, 53, 137047);36118;(2, 38, 18, 13, 36118);אמה;3;13;ומסך שער החצר מעשה רקם תכלת וארגמן ותולעת שני ושש משזר ועשרים אמה ארך וקומה ברחב חמש אמות לעמת קלעי החצר
(232813, 66, 4);60;ס;137113;(2, 38, 19, 35, 137113);36133;(2, 38, 19, 7, 36133);כסף;2;7;ועמדיהם ארבעה ואדניהם ארבעה נחשת וויהם כסף וצפוי ראשיהם וחשקיהם כסף
(232813, 66, 4);5;ה;137179;(2, 38, 21, 18, 137179);36148;(2, 38, 21, 5, 36148);העדת;1;5;אלה פקודי המשכן משכן העדת אשר פקד על פי משה עבדת הלוים ביד איתמר בן אהרן הכהן
(232813, 66, 4);5;ה;137245;(2, 38, 22, 23, 137245);36167;(2, 38, 22, 7, 36167);יהודה;2;7;ובצלאל בן אורי בן חור למטה יהודה עשה את כל אשר צוה יהוה את משה
(232813, 66, 4);6;ו;137311;(2, 38, 23, 41, 137311);36186;(2, 38, 23, 11, 36186);ובארגמן;1;11;ואתו אהליאב בן אחיסמך למטה דן חרש וחשב ורקם בתכלת ובארגמן ובתולעת השני ובשש
(232813, 66, 4);70;ע;137377;(2, 38, 24, 45, 137377);36200;(2, 38, 24, 11, 36200);תשע;3;11;כל הזהב העשוי למלאכה בכל מלאכת הקדש ויהי זהב התנופה תשע ועשרים ככר ושבע מאות ושלשים שקל בשקל הקדש
(232813, 66, 4);6;ו;137443;(2, 38, 25, 32, 137443);36217;(2, 38, 25, 9, 36217);וחמשה;1;9;וכסף פקודי העדה מאת ככר ואלף ושבע מאות וחמשה ושבעים שקל בשקל הקדש
(232813, 66, 4);70;ע;137509;(2, 38, 26, 45, 137509);36233;(2, 38, 26, 12, 36233);עשרים;1;12;בקע לגלגלת מחצית השקל בשקל הקדש לכל העבר על הפקדים מבן עשרים שנה ומעלה לשש מאות אלף ושלשת אלפים וחמש מאות וחמשים
(232813, 66, 4);400;ת;137575;(2, 38, 27, 20, 137575);36249;(2, 38, 27, 6, 36249);את;2;6;ויהי מאת ככר הכסף לצקת את אדני הקדש ואת אדני הפרכת מאת אדנים למאת הככר ככר לאדן
(232813, 66, 4);300;ש;137641;(2, 38, 28, 23, 137641);36266;(2, 38, 28, 6, 36266);ושבעים;2;6;ואת האלף ושבע המאות וחמשה ושבעים עשה ווים לעמודים וצפה ראשיהם וחשק אתם
(232813, 66, 4);40;מ;137707;(2, 38, 29, 31, 137707);36280;(2, 38, 29, 7, 36280);מאות;1;7;ונחשת התנופה שבעים ככר ואלפים וארבע מאות שקל
(232813, 66, 4);5;ה;137773;(2, 38, 30, 60, 137773);36300;(2, 38, 30, 19, 36300);המזבח;1;19;ויעש בה את אדני פתח אהל מועד ואת מזבח הנחשת ואת מכבר הנחשת אשר לו ואת כל כלי המזבח
(232813, 66, 4);40;מ;137839;(2, 39, 1, 2, 137839);36318;(2, 39, 1, 1, 36318);ומן;2;1;ומן התכלת והארגמן ותולעת השני עשו בגדי שרד לשרת בקדש ויעשו את בגדי הקדש אשר לאהרן כאשר צוה יהוה את משה
(232813, 66, 4);1;א;137905;(2, 39, 1, 68, 137905);36334;(2, 39, 1, 17, 36334);כאשר;2;17;ומן התכלת והארגמן ותולעת השני עשו בגדי שרד לשרת בקדש ויעשו את בגדי הקדש אשר לאהרן כאשר צוה יהוה את משה
(232813, 66, 4);7;ז;137971;(2, 39, 3, 13, 137971);36352;(2, 39, 3, 4, 36352);הזהב;2;4;וירקעו את פחי הזהב וקצץ פתילם לעשות בתוך התכלת ובתוך הארגמן ובתוך תולעת השני ובתוך השש מעשה חשב
(232813, 66, 4);20;כ;138037;(2, 39, 4, 1, 138037);36367;(2, 39, 4, 1, 36367);כתפת;1;1;כתפת עשו לו חברת על שני קצוותו חבר
(232813, 66, 4);3;ג;138103;(2, 39, 5, 40, 138103);36384;(2, 39, 5, 10, 36384);וארגמן;4;10;וחשב אפדתו אשר עליו ממנו הוא כמעשהו זהב תכלת וארגמן ותולעת שני ושש משזר כאשר צוה יהוה את משה
(232813, 66, 4);400;ת;138169;(2, 39, 6, 32, 138169);36401;(2, 39, 6, 8, 36401);מפתחת;5;8;ויעשו את אבני השהם מסבת משבצת זהב מפתחת פתוחי חותם על שמות בני ישראל
(232813, 66, 4);10;י;138235;(2, 39, 7, 43, 138235);36419;(2, 39, 7, 12, 36419);יהוה;1;12;וישם אתם על כתפת האפד אבני זכרון לבני ישראל כאשר צוה יהוה את משה
(232813, 66, 4);70;ע;138301;(2, 39, 9, 4, 138301);36436;(2, 39, 9, 1, 36436);רבוע;4;1;רבוע היה כפול עשו את החשן זרת ארכו וזרת רחבו כפול
(232813, 66, 4);6;ו;138367;(2, 39, 10, 31, 138367);36455;(2, 39, 10, 9, 36455);וברקת;1;9;וימלאו בו ארבעה טורי אבן טור אדם פטדה וברקת הטור האחד
(232813, 66, 4);70;ע;138433;(2, 39, 13, 10, 138433);36469;(2, 39, 13, 2, 36469);הרביעי;5;2;והטור הרביעי תרשיש שהם וישפה מוסבת משבצת זהב במלאתם
(232813, 66, 4);30;ל;138499;(2, 39, 14, 33, 138499);36485;(2, 39, 14, 9, 36485);על;2;9;והאבנים על שמת בני ישראל הנה שתים עשרה על שמתם פתוחי חתם איש על שמו לשנים עשר שבט
(232813, 66, 4);6;ו;138565;(2, 39, 16, 1, 138565);36504;(2, 39, 16, 1, 36504);ויעשו;1;1;ויעשו שתי משבצת זהב ושתי טבעת זהב ויתנו את שתי הטבעת על שני קצות החשן
(232813, 66, 4);400;ת;138631;(2, 39, 17, 12, 138631);36521;(2, 39, 17, 3, 36521);העבתת;4;3;ויתנו שתי העבתת הזהב על שתי הטבעת על קצות החשן
(232813, 66, 4);20;כ;138697;(2, 39, 18, 41, 138697);36540;(2, 39, 18, 12, 36540);כתפת;1;12;ואת שתי קצות שתי העבתת נתנו על שתי המשבצת ויתנם על כתפת האפד אל מול פניו
(232813, 66, 4);1;א;138763;(2, 39, 19, 50, 138763);36559;(2, 39, 19, 15, 36559);האפד;2;15;ויעשו שתי טבעת זהב וישימו על שני קצות החשן על שפתו אשר אל עבר האפד ביתה
(232813, 66, 4);30;ל;138829;(2, 39, 20, 60, 138829);36575;(2, 39, 20, 15, 36575);ממעל;4;15;ויעשו שתי טבעת זהב ויתנם על שתי כתפת האפד מלמטה ממול פניו לעמת מחברתו ממעל לחשב האפד
(232813, 66, 4);5;ה;138895;(2, 39, 21, 58, 138895);36593;(2, 39, 21, 16, 36593);החשן;1;16;וירכסו את החשן מטבעתיו אל טבעת האפד בפתיל תכלת להית על חשב האפד ולא יזח החשן מעל האפד כאשר צוה יהוה את משה
(232813, 66, 4);6;ו;138961;(2, 39, 23, 11, 138961);36611;(2, 39, 23, 3, 36611);בתוכו;3;3;ופי המעיל בתוכו כפי תחרא שפה לפיו סביב לא יקרע
(232813, 66, 4);10;י;139027;(2, 39, 24, 40, 139027);36627;(2, 39, 24, 9, 36627);שני;3;9;ויעשו על שולי המעיל רמוני תכלת וארגמן ותולעת שני משזר
(232813, 66, 4);200;ר;139093;(2, 39, 25, 62, 139093);36643;(2, 39, 25, 15, 36643);הרמנים;2;15;ויעשו פעמני זהב טהור ויתנו את הפעמנים בתוך הרמנים על שולי המעיל סביב בתוך הרמנים
(232813, 66, 4);50;נ;139159;(2, 39, 27, 11, 139159);36660;(2, 39, 27, 3, 36660);הכתנת;4;3;ויעשו את הכתנת שש מעשה ארג לאהרן ולבניו
(232813, 66, 4);1;א;139225;(2, 39, 29, 2, 139225);36678;(2, 39, 29, 1, 36678);ואת;2;1;ואת האבנט שש משזר ותכלת וארגמן ותולעת שני מעשה רקם כאשר צוה יהוה את משה
(232813, 66, 4);50;נ;139291;(2, 39, 30, 11, 139291);36696;(2, 39, 30, 4, 36696);נזר;1;4;ויעשו את ציץ נזר הקדש זהב טהור ויכתבו עליו מכתב פתוחי חותם קדש ליהוה
(232813, 66, 4);30;ל;139357;(2, 39, 31, 22, 139357);36712;(2, 39, 31, 6, 36712);על;2;6;ויתנו עליו פתיל תכלת לתת על המצנפת מלמעלה כאשר צוה יהוה את משה
(232813, 66, 4);1;א;139423;(2, 39, 32, 38, 139423);36730;(2, 39, 32, 11, 36730);אשר;1;11;ותכל כל עבדת משכן אהל מועד ויעשו בני ישראל ככל אשר צוה יהוה את משה כן עשו
(232813, 66, 4);8;ח;139489;(2, 39, 33, 47, 139489);36749;(2, 39, 33, 13, 36749);בריחו;4;13;ויביאו את המשכן אל משה את האהל ואת כל כליו קרסיו קרשיו בריחו ועמדיו ואדניו
(232813, 66, 4);1;א;139555;(2, 39, 35, 3, 139555);36765;(2, 39, 35, 2, 36765);ארון;1;2;את ארון העדת ואת בדיו ואת הכפרת
(232813, 66, 4);10;י;139621;(2, 39, 37, 18, 139621);36783;(2, 39, 37, 5, 36783);נרתיה;4;5;את המנרה הטהרה את נרתיה נרת המערכה ואת כל כליה ואת שמן המאור
(232813, 66, 4);1;א;139687;(2, 39, 38, 36, 139687);36801;(2, 39, 38, 10, 36801);ואת;2;10;ואת מזבח הזהב ואת שמן המשחה ואת קטרת הסמים ואת מסך פתח האהל
(232813, 66, 4);6;ו;139753;(2, 39, 39, 55, 139753);36821;(2, 39, 39, 17, 36821);כנו;3;17;את מזבח הנחשת ואת מכבר הנחשת אשר לו את בדיו ואת כל כליו את הכיר ואת כנו
(232813, 66, 4);4;ד;139819;(2, 39, 40, 66, 139819);36839;(2, 39, 40, 18, 36839);עבדת;3;18;את קלעי החצר את עמדיה ואת אדניה ואת המסך לשער החצר את מיתריו ויתדתיה ואת כל כלי עבדת המשכן לאהל מועד
(232813, 66, 4);50;ן;139885;(2, 39, 41, 52, 139885);36856;(2, 39, 41, 14, 36856);לכהן;4;14;את בגדי השרד לשרת בקדש את בגדי הקדש לאהרן הכהן ואת בגדי בניו לכהן
(232813, 66, 4);400;ת;139951;(2, 39, 43, 26, 139951);36877;(2, 39, 43, 8, 36877);אתה;2;8;וירא משה את כל המלאכה והנה עשו אתה כאשר צוה יהוה כן עשו ויברך אתם משה
(232813, 66, 4);8;ח;140017;(2, 40, 2, 20, 140017);36895;(2, 40, 2, 5, 36895);לחדש;2;5;ביום החדש הראשון באחד לחדש תקים את משכן אהל מועד
(232813, 66, 4);6;ו;140083;(2, 40, 4, 13, 140083);36914;(2, 40, 4, 4, 36914);וערכת;1;4;והבאת את השלחן וערכת את ערכו והבאת את המנרה והעלית את נרתיה
(232813, 66, 4);4;ד;140149;(2, 40, 5, 31, 140149);36930;(2, 40, 5, 8, 36930);העדת;3;8;ונתתה את מזבח הזהב לקטרת לפני ארון העדת ושמת את מסך הפתח למשכן
(232813, 66, 4);1;א;140215;(2, 40, 7, 14, 140215);36949;(2, 40, 7, 5, 36949);אהל;1;5;ונתת את הכיר בין אהל מועד ובין המזבח ונתת שם מים
(232813, 66, 4);40;מ;140281;(2, 40, 9, 12, 140281);36968;(2, 40, 9, 4, 36968);המשחה;2;4;ולקחת את שמן המשחה ומשחת את המשכן ואת כל אשר בו וקדשת אתו ואת כל כליו והיה קדש
(232813, 66, 4);1;א;140347;(2, 40, 10, 17, 140347);36987;(2, 40, 10, 5, 36987);ואת;2;5;ומשחת את מזבח העלה ואת כל כליו וקדשת את המזבח והיה המזבח קדש קדשים
(232813, 66, 4);2;ב;140413;(2, 40, 12, 5, 140413);37004;(2, 40, 12, 1, 37004);והקרבת;5;1;והקרבת את אהרן ואת בניו אל פתח אהל מועד ורחצת אתם במים
(232813, 66, 4);1;א;140479;(2, 40, 13, 28, 140479);37023;(2, 40, 13, 8, 37023);אתו;1;8;והלבשת את אהרן את בגדי הקדש ומשחת אתו וקדשת אתו וכהן לי
(232813, 66, 4);20;כ;140545;(2, 40, 15, 25, 140545);37040;(2, 40, 15, 7, 37040);וכהנו;2;7;ומשחת אתם כאשר משחת את אביהם וכהנו לי והיתה להית להם משחתם לכהנת עולם לדרתם
(232813, 66, 4);10;י;140611;(2, 40, 17, 2, 140611);37058;(2, 40, 17, 1, 37058);ויהי;2;1;ויהי בחדש הראשון בשנה השנית באחד לחדש הוקם המשכן
(232813, 66, 4);300;ש;140677;(2, 40, 18, 28, 140677);37074;(2, 40, 18, 8, 37074);וישם;3;8;ויקם משה את המשכן ויתן את אדניו וישם את קרשיו ויתן את בריחיו ויקם את עמודיו
(232813, 66, 4);30;ל;140743;(2, 40, 19, 34, 140743);37092;(2, 40, 19, 10, 37092);עליו;2;10;ויפרש את האהל על המשכן וישם את מכסה האהל עליו מלמעלה כאשר צוה יהוה את משה
(232813, 66, 4);1;א;140809;(2, 40, 20, 42, 140809);37111;(2, 40, 20, 13, 37111);את;1;13;ויקח ויתן את העדת אל הארן וישם את הבדים על הארן ויתן את הכפרת על הארן מלמעלה
(232813, 66, 4);1;א;140875;(2, 40, 21, 48, 140875);37129;(2, 40, 21, 14, 37129);כאשר;2;14;ויבא את הארן אל המשכן וישם את פרכת המסך ויסך על ארון העדות כאשר צוה יהוה את משה
(232813, 66, 4);70;ע;140941;(2, 40, 23, 10, 140941);37147;(2, 40, 23, 3, 37147);ערך;1;3;ויערך עליו ערך לחם לפני יהוה כאשר צוה יהוה את משה
(232813, 66, 4);50;ן;141007;(2, 40, 24, 37, 141007);37165;(2, 40, 24, 10, 37165);המשכן;5;10;וישם את המנרה באהל מועד נכח השלחן על ירך המשכן נגבה
(232813, 66, 4);20;כ;141073;(2, 40, 26, 30, 141073);37183;(2, 40, 26, 8, 37183);הפרכת;4;8;וישם את מזבח הזהב באהל מועד לפני הפרכת
(232813, 66, 4);80;פ;141139;(2, 40, 29, 14, 141139);37202;(2, 40, 29, 5, 37202);פתח;1;5;ואת מזבח העלה שם פתח משכן אהל מועד ויעל עליו את העלה ואת המנחה כאשר צוה יהוה את משה
(232813, 66, 4);5;ה;141205;(2, 40, 30, 15, 141205);37221;(2, 40, 30, 5, 37221);אהל;2;5;וישם את הכיר בין אהל מועד ובין המזבח ויתן שמה מים לרחצה
(232813, 66, 4);5;ה;141271;(2, 40, 31, 37, 141271);37237;(2, 40, 31, 9, 37237);רגליהם;5;9;ורחצו ממנו משה ואהרן ובניו את ידיהם ואת רגליהם
(232813, 66, 4);300;ש;141337;(2, 40, 33, 17, 141337);37255;(2, 40, 33, 5, 37255);למשכן;3;5;ויקם את החצר סביב למשכן ולמזבח ויתן את מסך שער החצר ויכל משה את המלאכה
(232813, 66, 4);40;מ;141403;(2, 40, 34, 27, 141403);37273;(2, 40, 34, 8, 37273);מלא;1;8;ויכס הענן את אהל מועד וכבוד יהוה מלא את המשכן
(232813, 66, 4);5;ה;141469;(2, 40, 36, 3, 141469);37292;(2, 40, 36, 1, 37292);ובהעלות;3;1;ובהעלות הענן מעל המשכן יסעו בני ישראל בכל מסעיהם
(232813, 66, 4);400;ת;141535;(2, 40, 37, 29, 141535);37309;(2, 40, 37, 9, 37309);העלתו;4;9;ואם לא יעלה הענן ולא יסעו עד יום העלתו
(232813, 66, 4);40;מ;141601;(3, 1, 1, 8, 141601);37328;(3, 1, 1, 3, 37328);משה;1;3;ויקרא אל משה וידבר יהוה אליו מאהל מועד לאמר
(232813, 66, 4);50;ן;141667;(3, 1, 2, 39, 141667);37345;(3, 1, 2, 11, 37345);קרבן;4;11;דבר אל בני ישראל ואמרת אלהם אדם כי יקריב מכם קרבן ליהוה מן הבהמה מן הבקר ומן הצאן תקריבו את קרבנכם
(232813, 66, 4);10;י;141733;(3, 1, 3, 27, 141733);37363;(3, 1, 3, 8, 37363);יקריבנו;4;8;אם עלה קרבנו מן הבקר זכר תמים יקריבנו אל פתח אהל מועד יקריב אתו לרצנו לפני יהוה
(232813, 66, 4);10;י;141799;(3, 1, 4, 30, 141799);37381;(3, 1, 4, 9, 37381);עליו;3;9;וסמך ידו על ראש העלה ונרצה לו לכפר עליו
(232813, 66, 4);10;י;141865;(3, 1, 5, 65, 141865);37399;(3, 1, 5, 18, 37399);סביב;3;18;ושחט את בן הבקר לפני יהוה והקריבו בני אהרן הכהנים את הדם וזרקו את הדם על המזבח סביב אשר פתח אהל מועד
(232813, 66, 4);70;ע;141931;(3, 1, 7, 27, 141931);37417;(3, 1, 7, 8, 37417);וערכו;2;8;ונתנו בני אהרן הכהן אש על המזבח וערכו עצים על האש
(232813, 66, 4);300;ש;141997;(3, 1, 8, 54, 141997);37435;(3, 1, 8, 15, 37435);האש;3;15;וערכו בני אהרן הכהנים את הנתחים את הראש ואת הפדר על העצים אשר על האש אשר על המזבח
(232813, 66, 4);10;י;142063;(3, 1, 9, 56, 142063);37452;(3, 1, 9, 14, 37452);ליהוה;2;14;וקרבו וכרעיו ירחץ במים והקטיר הכהן את הכל המזבחה עלה אשה ריח ניחוח ליהוה
(232813, 66, 4);40;מ;142129;(3, 1, 11, 14, 142129);37470;(3, 1, 11, 5, 37470);המזבח;2;5;ושחט אתו על ירך המזבח צפנה לפני יהוה וזרקו בני אהרן הכהנים את דמו על המזבח סביב
(232813, 66, 4);200;ר;142195;(3, 1, 12, 17, 142195);37487;(3, 1, 12, 5, 37487);ראשו;1;5;ונתח אתו לנתחיו ואת ראשו ואת פדרו וערך הכהן אתם על העצים אשר על האש אשר על המזבח
(232813, 66, 4);40;ם;142261;(3, 1, 13, 20, 142261);37504;(3, 1, 13, 4, 37504);במים;4;4;והקרב והכרעים ירחץ במים והקריב הכהן את הכל והקטיר המזבחה עלה הוא אשה ריח ניחח ליהוה
(232813, 66, 4);30;ל;142327;(3, 1, 14, 18, 142327);37522;(3, 1, 14, 6, 37522);ליהוה;1;6;ואם מן העוף עלה קרבנו ליהוה והקריב מן התרים או מן בני היונה את קרבנו
(232813, 66, 4);5;ה;142393;(3, 1, 15, 30, 142393);37539;(3, 1, 15, 8, 37539);והקטיר;2;8;והקריבו הכהן אל המזבח ומלק את ראשו והקטיר המזבחה ונמצה דמו על קיר המזבח
(232813, 66, 4);5;ה;142459;(3, 1, 16, 38, 142459);37554;(3, 1, 16, 9, 37554);קדמה;4;9;והסיר את מראתו בנצתה והשליך אתה אצל המזבח קדמה אל מקום הדשן
(232813, 66, 4);30;ל;142525;(3, 1, 17, 56, 142525);37572;(3, 1, 17, 15, 37572);עלה;2;15;ושסע אתו בכנפיו לא יבדיל והקטיר אתו הכהן המזבחה על העצים אשר על האש עלה הוא אשה ריח ניחח ליהוה
(232813, 66, 4);50;ן;142591;(3, 2, 1, 47, 142591);37589;(3, 2, 1, 12, 37589);שמן;3;12;ונפש כי תקריב קרבן מנחה ליהוה סלת יהיה קרבנו ויצק עליה שמן ונתן עליה לבנה
(232813, 66, 4);400;ת;142657;(3, 2, 2, 54, 142657);37606;(3, 2, 2, 14, 37606);לבנתה;4;14;והביאה אל בני אהרן הכהנים וקמץ משם מלא קמצו מסלתה ומשמנה על כל לבנתה והקטיר הכהן את אזכרתה המזבחה אשה ריח ניחח ליהוה
(232813, 66, 4);100;ק;142723;(3, 2, 3, 26, 142723);37621;(3, 2, 3, 6, 37621);קדש;1;6;והנותרת מן המנחה לאהרן ולבניו קדש קדשים מאשי יהוה
(232813, 66, 4);6;ו;142789;(3, 2, 4, 51, 142789);37637;(3, 2, 4, 13, 37637);מצות;3;13;וכי תקרב קרבן מנחה מאפה תנור סלת חלות מצת בלולת בשמן ורקיקי מצות משחים בשמן
(232813, 66, 4);30;ל;142855;(3, 2, 6, 18, 142855);37654;(3, 2, 6, 5, 37654);עליה;2;5;פתות אתה פתים ויצקת עליה שמן מנחה הוא
(232813, 66, 4);5;ה;142921;(3, 2, 8, 26, 142921);37671;(3, 2, 8, 7, 37671);ליהוה;3;7;והבאת את המנחה אשר יעשה מאלה ליהוה והקריבה אל הכהן והגישה אל המזבח
(232813, 66, 4);300;ש;142987;(3, 2, 9, 38, 142987);37686;(3, 2, 9, 9, 37686);אשה;2;9;והרים הכהן מן המנחה את אזכרתה והקטיר המזבחה אשה ריח ניחח ליהוה
(232813, 66, 4);100;ק;143053;(3, 2, 11, 12, 143053);37702;(3, 2, 11, 4, 37702);תקריבו;2;4;כל המנחה אשר תקריבו ליהוה לא תעשה חמץ כי כל שאר וכל דבש לא תקטירו ממנו אשה ליהוה
(232813, 66, 4);6;ו;143119;(3, 2, 12, 15, 143119);37719;(3, 2, 12, 3, 37719);תקריבו;6;3;קרבן ראשית תקריבו אתם ליהוה ואל המזבח לא יעלו לריח ניחח
(232813, 66, 4);1;א;143185;(3, 2, 13, 36, 143185);37737;(3, 2, 13, 10, 37737);אלהיך;1;10;וכל קרבן מנחתך במלח תמלח ולא תשבית מלח ברית אלהיך מעל מנחתך על כל קרבנך תקריב מלח
(232813, 66, 4);300;ש;143251;(3, 2, 14, 37, 143251);37753;(3, 2, 14, 9, 37753);גרש;3;9;ואם תקריב מנחת בכורים ליהוה אביב קלוי באש גרש כרמל תקריב את מנחת בכוריך
(232813, 66, 4);20;כ;143317;(3, 2, 16, 15, 143317);37770;(3, 2, 16, 4, 37770);אזכרתה;3;4;והקטיר הכהן את אזכרתה מגרשה ומשמנה על כל לבנתה אשה ליהוה
(232813, 66, 4);7;ז;143383;(3, 3, 1, 35, 143383);37788;(3, 3, 1, 11, 37788);זכר;1;11;ואם זבח שלמים קרבנו אם מן הבקר הוא מקריב אם זכר אם נקבה תמים יקריבנו לפני יהוה
(232813, 66, 4);50;נ;143449;(3, 3, 2, 39, 143449);37805;(3, 3, 2, 11, 37805);בני;2;11;וסמך ידו על ראש קרבנו ושחטו פתח אהל מועד וזרקו בני אהרן הכהנים את הדם על המזבח סביב
(232813, 66, 4);100;ק;143515;(3, 3, 3, 39, 143515);37822;(3, 3, 3, 10, 37822);הקרב;2;10;והקריב מזבח השלמים אשה ליהוה את החלב המכסה את הקרב ואת כל החלב אשר על הקרב
(232813, 66, 4);30;ל;143581;(3, 3, 4, 46, 143581);37841;(3, 3, 4, 13, 37841);על;2;13;ואת שתי הכלית ואת החלב אשר עלהן אשר על הכסלים ואת היתרת על הכבד על הכליות יסירנה
(232813, 66, 4);1;א;143647;(3, 3, 5, 48, 143647);37859;(3, 3, 5, 14, 37859);אשה;1;14;והקטירו אתו בני אהרן המזבחה על העלה אשר על העצים אשר על האש אשה ריח ניחח ליהוה
(232813, 66, 4);300;ש;143713;(3, 3, 7, 4, 143713);37876;(3, 3, 7, 2, 37876);כשב;2;2;אם כשב הוא מקריב את קרבנו והקריב אתו לפני יהוה
(232813, 66, 4);30;ל;143779;(3, 3, 8, 33, 143779);37894;(3, 3, 8, 10, 37894);אהל;3;10;וסמך את ידו על ראש קרבנו ושחט אתו לפני אהל מועד וזרקו בני אהרן את דמו על המזבח סביב
(232813, 66, 4);400;ת;143845;(3, 3, 9, 34, 143845);37911;(3, 3, 9, 8, 37911);תמימה;1;8;והקריב מזבח השלמים אשה ליהוה חלבו האליה תמימה לעמת העצה יסירנה ואת החלב המכסה את הקרב ואת כל החלב אשר על הקרב
(232813, 66, 4);6;ו;143911;(3, 3, 10, 12, 143911);37929;(3, 3, 10, 4, 37929);ואת;1;4;ואת שתי הכלית ואת החלב אשר עלהן אשר על הכסלים ואת היתרת על הכבד על הכלית יסירנה
(232813, 66, 4);2;ב;143977;(3, 3, 11, 15, 143977);37945;(3, 3, 11, 3, 37945);המזבחה;4;3;והקטירו הכהן המזבחה לחם אשה ליהוה
(232813, 66, 4);5;ה;144043;(3, 3, 13, 28, 144043);37963;(3, 3, 13, 9, 37963);אהל;2;9;וסמך את ידו על ראשו ושחט אתו לפני אהל מועד וזרקו בני אהרן את דמו על המזבח סביב
(232813, 66, 4);60;ס;144109;(3, 3, 14, 33, 144109);37980;(3, 3, 14, 8, 37980);המכסה;4;8;והקריב ממנו קרבנו אשה ליהוה את החלב המכסה את הקרב ואת כל החלב אשר על הקרב
(232813, 66, 4);10;י;144175;(3, 3, 15, 41, 144175);38000;(3, 3, 15, 12, 38000);היתרת;2;12;ואת שתי הכלית ואת החלב אשר עלהן אשר על הכסלים ואת היתרת על הכבד על הכלית יסירנה
(232813, 66, 4);400;ת;144241;(3, 3, 17, 3, 144241);38016;(3, 3, 17, 1, 38016);חקת;3;1;חקת עולם לדרתיכם בכל מושבתיכם כל חלב וכל דם לא תאכלו
(232813, 66, 4);10;י;144307;(3, 4, 2, 9, 144307);38035;(3, 4, 2, 4, 38035);ישראל;1;4;דבר אל בני ישראל לאמר נפש כי תחטא בשגגה מכל מצות יהוה אשר לא תעשינה ועשה מאחת מהנה
(232813, 66, 4);10;י;144373;(3, 4, 3, 10, 144373);38052;(3, 4, 3, 3, 38052);המשיח;4;3;אם הכהן המשיח יחטא לאשמת העם והקריב על חטאתו אשר חטא פר בן בקר תמים ליהוה לחטאת
(232813, 66, 4);80;פ;144439;(3, 4, 4, 13, 144439);38071;(3, 4, 4, 5, 38071);פתח;1;5;והביא את הפר אל פתח אהל מועד לפני יהוה וסמך את ידו על ראש הפר ושחט את הפר לפני יהוה
(232813, 66, 4);4;ד;144505;(3, 4, 5, 15, 144505);38090;(3, 4, 5, 4, 38090);מדם;2;4;ולקח הכהן המשיח מדם הפר והביא אתו אל אהל מועד
(232813, 66, 4);400;ת;144571;(3, 4, 6, 45, 144571);38109;(3, 4, 6, 13, 38109);את;2;13;וטבל הכהן את אצבעו בדם והזה מן הדם שבע פעמים לפני יהוה את פני פרכת הקדש
(232813, 66, 4);400;ת;144637;(3, 4, 7, 55, 144637);38127;(3, 4, 7, 15, 38127);ואת;3;15;ונתן הכהן מן הדם על קרנות מזבח קטרת הסמים לפני יהוה אשר באהל מועד ואת כל דם הפר ישפך אל יסוד מזבח העלה אשר פתח אהל מועד
(232813, 66, 4);30;ל;144703;(3, 4, 8, 28, 144703);38148;(3, 4, 8, 9, 38148);החלב;3;9;ואת כל חלב פר החטאת ירים ממנו את החלב המכסה על הקרב ואת כל החלב אשר על הקרב
(232813, 66, 4);10;י;144769;(3, 4, 9, 36, 144769);38167;(3, 4, 9, 10, 38167);הכסלים;5;10;ואת שתי הכלית ואת החלב אשר עליהן אשר על הכסלים ואת היתרת על הכבד על הכליות יסירנה
(232813, 66, 4);2;ב;144835;(3, 4, 10, 37, 144835);38183;(3, 4, 10, 9, 38183);מזבח;3;9;כאשר יורם משור זבח השלמים והקטירם הכהן על מזבח העלה
(232813, 66, 4);90;ץ;144901;(3, 4, 12, 19, 144901);38202;(3, 4, 12, 6, 38202);מחוץ;4;6;והוציא את כל הפר אל מחוץ למחנה אל מקום טהור אל שפך הדשן ושרף אתו על עצים באש על שפך הדשן ישרף
(232813, 66, 4);30;ל;144967;(3, 4, 13, 13, 144967);38222;(3, 4, 13, 4, 38222);ישראל;5;4;ואם כל עדת ישראל ישגו ונעלם דבר מעיני הקהל ועשו אחת מכל מצות יהוה אשר לא תעשינה ואשמו
(232813, 66, 4);400;ת;145033;(3, 4, 14, 11, 145033);38238;(3, 4, 14, 2, 38238);החטאת;5;2;ונודעה החטאת אשר חטאו עליה והקריבו הקהל פר בן בקר לחטאת והביאו אתו לפני אהל מועד
(232813, 66, 4);4;ד;145099;(3, 4, 15, 12, 145099);38255;(3, 4, 15, 3, 38255);העדה;3;3;וסמכו זקני העדה את ידיהם על ראש הפר לפני יהוה ושחט את הפר לפני יהוה
(232813, 66, 4);30;ל;145165;(3, 4, 16, 25, 145165);38274;(3, 4, 16, 7, 38274);אהל;3;7;והביא הכהן המשיח מדם הפר אל אהל מועד
(232813, 66, 4);50;נ;145231;(3, 4, 18, 14, 145231);38293;(3, 4, 18, 5, 38293);קרנת;3;5;ומן הדם יתן על קרנת המזבח אשר לפני יהוה אשר באהל מועד ואת כל הדם ישפך אל יסוד מזבח העלה אשר פתח אהל מועד
(232813, 66, 4);70;ע;145297;(3, 4, 18, 80, 145297);38312;(3, 4, 18, 24, 38312);מועד;3;24;ומן הדם יתן על קרנת המזבח אשר לפני יהוה אשר באהל מועד ואת כל הדם ישפך אל יסוד מזבח העלה אשר פתח אהל מועד
(232813, 66, 4);30;ל;145363;(3, 4, 20, 36, 145363);38330;(3, 4, 20, 11, 38330);עלהם;2;11;ועשה לפר כאשר עשה לפר החטאת כן יעשה לו וכפר עלהם הכהן ונסלח להם
(232813, 66, 4);5;ה;145429;(3, 4, 21, 52, 145429);38348;(3, 4, 21, 15, 38348);הקהל;1;15;והוציא את הפר אל מחוץ למחנה ושרף אתו כאשר שרף את הפר הראשון חטאת הקהל הוא
(232813, 66, 4);70;ע;145495;(3, 4, 23, 6, 145495);38365;(3, 4, 23, 2, 38365);הודע;4;2;או הודע אליו חטאתו אשר חטא בה והביא את קרבנו שעיר עזים זכר תמים
(232813, 66, 4);1;א;145561;(3, 4, 24, 22, 145561);38384;(3, 4, 24, 7, 38384);אתו;1;7;וסמך ידו על ראש השעיר ושחט אתו במקום אשר ישחט את העלה לפני יהוה חטאת הוא
(232813, 66, 4);50;נ;145627;(3, 4, 25, 31, 145627);38401;(3, 4, 25, 8, 38401);קרנת;3;8;ולקח הכהן מדם החטאת באצבעו ונתן על קרנת מזבח העלה ואת דמו ישפך אל יסוד מזבח העלה
(232813, 66, 4);40;ם;145693;(3, 4, 26, 33, 145693);38418;(3, 4, 26, 8, 38418);השלמים;6;8;ואת כל חלבו יקטיר המזבחה כחלב זבח השלמים וכפר עליו הכהן מחטאתו ונסלח לו
(232813, 66, 4);6;ו;145759;(3, 4, 27, 41, 145759);38435;(3, 4, 27, 11, 38435);יהוה;3;11;ואם נפש אחת תחטא בשגגה מעם הארץ בעשתה אחת ממצות יהוה אשר לא תעשינה ואשם
(232813, 66, 4);70;ע;145825;(3, 4, 28, 50, 145825);38452;(3, 4, 28, 13, 38452);על;1;13;או הודע אליו חטאתו אשר חטא והביא קרבנו שעירת עזים תמימה נקבה על חטאתו אשר חטא
(232813, 66, 4);90;צ;145891;(3, 4, 30, 15, 145891);38470;(3, 4, 30, 4, 38470);באצבעו;3;4;ולקח הכהן מדמה באצבעו ונתן על קרנת מזבח העלה ואת כל דמה ישפך אל יסוד המזבח
(232813, 66, 4);8;ח;145957;(3, 4, 31, 22, 145957);38489;(3, 4, 31, 7, 38489);חלב;1;7;ואת כל חלבה יסיר כאשר הוסר חלב מעל זבח השלמים והקטיר הכהן המזבחה לריח ניחח ליהוה וכפר עליו הכהן ונסלח לו
(232813, 66, 4);20;כ;146023;(3, 4, 32, 4, 146023);38505;(3, 4, 32, 2, 38505);כבש;1;2;ואם כבש יביא קרבנו לחטאת נקבה תמימה יביאנה
(232813, 66, 4);6;ו;146089;(3, 4, 33, 35, 146089);38521;(3, 4, 33, 10, 38521);במקום;4;10;וסמך את ידו על ראש החטאת ושחט אתה לחטאת במקום אשר ישחט את העלה
(232813, 66, 4);20;ך;146155;(3, 4, 34, 52, 146155);38539;(3, 4, 34, 14, 38539);ישפך;4;14;ולקח הכהן מדם החטאת באצבעו ונתן על קרנת מזבח העלה ואת כל דמה ישפך אל יסוד המזבח
(232813, 66, 4);2;ב;146221;(3, 4, 35, 55, 146221);38556;(3, 4, 35, 14, 38556);המזבחה;4;14;ואת כל חלבה יסיר כאשר יוסר חלב הכשב מזבח השלמים והקטיר הכהן אתם המזבחה על אשי יהוה וכפר עליו הכהן על חטאתו אשר חטא ונסלח לו
(232813, 66, 4);5;ה;146287;(3, 5, 1, 23, 146287);38575;(3, 5, 1, 7, 38575);והוא;2;7;ונפש כי תחטא ושמעה קול אלה והוא עד או ראה או ידע אם לוא יגיד ונשא עונו
(232813, 66, 4);1;א;146353;(3, 5, 2, 35, 146353);38597;(3, 5, 2, 12, 38597);או;1;12;או נפש אשר תגע בכל דבר טמא או בנבלת חיה טמאה או בנבלת בהמה טמאה או בנבלת שרץ טמא ונעלם ממנו והוא טמא ואשם
(232813, 66, 4);9;ט;146419;(3, 5, 3, 19, 146419);38616;(3, 5, 3, 7, 38616);טמאתו;1;7;או כי יגע בטמאת אדם לכל טמאתו אשר יטמא בה ונעלם ממנו והוא ידע ואשם
(232813, 66, 4);2;ב;146485;(3, 5, 4, 33, 146485);38633;(3, 5, 4, 9, 38633);להיטיב;6;9;או נפש כי תשבע לבטא בשפתים להרע או להיטיב לכל אשר יבטא האדם בשבעה ונעלם ממנו והוא ידע ואשם לאחת מאלה
(232813, 66, 4);6;ו;146551;(3, 5, 5, 19, 146551);38651;(3, 5, 5, 6, 38651);והתודה;1;6;והיה כי יאשם לאחת מאלה והתודה אשר חטא עליה
(232813, 66, 4);70;ע;146617;(3, 5, 6, 51, 146617);38669;(3, 5, 6, 15, 38669);עזים;1;15;והביא את אשמו ליהוה על חטאתו אשר חטא נקבה מן הצאן כשבה או שעירת עזים לחטאת וכפר עליו הכהן מחטאתו
(232813, 66, 4);40;ם;146683;(3, 5, 7, 40, 146683);38687;(3, 5, 7, 13, 38687);תרים;4;13;ואם לא תגיע ידו די שה והביא את אשמו אשר חטא שתי תרים או שני בני יונה ליהוה אחד לחטאת ואחד לעלה
(232813, 66, 4);300;ש;146749;(3, 5, 8, 33, 146749);38705;(3, 5, 8, 9, 38705);ראשונה;3;9;והביא אתם אל הכהן והקריב את אשר לחטאת ראשונה ומלק את ראשו ממול ערפו ולא יבדיל
(232813, 66, 4);30;ל;146815;(3, 5, 9, 37, 146815);38722;(3, 5, 9, 10, 38722);אל;2;10;והזה מדם החטאת על קיר המזבח והנשאר בדם ימצה אל יסוד המזבח חטאת הוא
(232813, 66, 4);6;ו;146881;(3, 5, 10, 50, 146881);38739;(3, 5, 10, 13, 38739);לו;2;13;ואת השני יעשה עלה כמשפט וכפר עליו הכהן מחטאתו אשר חטא ונסלח לו
(232813, 66, 4);9;ט;146947;(3, 5, 11, 66, 146947);38758;(3, 5, 11, 19, 38758);לחטאת;3;19;ואם לא תשיג ידו לשתי תרים או לשני בני יונה והביא את קרבנו אשר חטא עשירת האפה סלת לחטאת לא ישים עליה שמן ולא יתן עליה לבנה כי חטאת הוא
(232813, 66, 4);1;א;147013;(3, 5, 12, 28, 147013);38776;(3, 5, 12, 7, 38776);מלוא;4;7;והביאה אל הכהן וקמץ הכהן ממנה מלוא קמצו את אזכרתה והקטיר המזבחה על אשי יהוה חטאת הוא
(232813, 66, 4);40;מ;147079;(3, 5, 13, 26, 147079);38794;(3, 5, 13, 8, 38794);מאחת;1;8;וכפר עליו הכהן על חטאתו אשר חטא מאחת מאלה ונסלח לו והיתה לכהן כמנחה
(232813, 66, 4);3;ג;147145;(3, 5, 15, 20, 147145);38811;(3, 5, 15, 6, 38811);בשגגה;3;6;נפש כי תמעל מעל וחטאה בשגגה מקדשי יהוה והביא את אשמו ליהוה איל תמים מן הצאן בערכך כסף שקלים בשקל הקדש לאשם
(232813, 66, 4);6;ו;147211;(3, 5, 16, 1, 147211);38828;(3, 5, 16, 1, 38828);ואת;1;1;ואת אשר חטא מן הקדש ישלם ואת חמישתו יוסף עליו ונתן אתו לכהן והכהן יכפר עליו באיל האשם ונסלח לו
(232813, 66, 4);300;ש;147277;(3, 5, 16, 67, 147277);38845;(3, 5, 16, 18, 38845);האשם;3;18;ואת אשר חטא מן הקדש ישלם ואת חמישתו יוסף עליו ונתן אתו לכהן והכהן יכפר עליו באיל האשם ונסלח לו
(232813, 66, 4);6;ו;147343;(3, 5, 17, 58, 147343);38864;(3, 5, 17, 17, 38864);עונו;2;17;ואם נפש כי תחטא ועשתה אחת מכל מצות יהוה אשר לא תעשינה ולא ידע ואשם ונשא עונו
(232813, 66, 4);1;א;147409;(3, 5, 18, 64, 147409);38882;(3, 5, 18, 18, 38882);לא;2;18;והביא איל תמים מן הצאן בערכך לאשם אל הכהן וכפר עליו הכהן על שגגתו אשר שגג והוא לא ידע ונסלח לו
(232813, 66, 4);6;ו;147475;(3, 5, 21, 21, 147475);38901;(3, 5, 21, 6, 38901);ביהוה;4;6;נפש כי תחטא ומעלה מעל ביהוה וכחש בעמיתו בפקדון או בתשומת יד או בגזל או עשק את עמיתו
(232813, 66, 4);70;ע;147541;(3, 5, 22, 21, 147541);38920;(3, 5, 22, 7, 38920);על;1;7;או מצא אבדה וכחש בה ונשבע על שקר על אחת מכל אשר יעשה האדם לחטא בהנה
(232813, 66, 4);1;א;147607;(3, 5, 23, 35, 147607);38940;(3, 5, 23, 11, 38940);את;1;11;והיה כי יחטא ואשם והשיב את הגזלה אשר גזל או את העשק אשר עשק או את הפקדון אשר הפקד אתו או את האבדה אשר מצא
(232813, 66, 4);200;ר;147673;(3, 5, 24, 20, 147673);38960;(3, 5, 24, 6, 38960);לשקר;4;6;או מכל אשר ישבע עליו לשקר ושלם אתו בראשו וחמשתיו יסף עליו לאשר הוא לו יתננו ביום אשמתו
(232813, 66, 4);1;א;147739;(3, 5, 25, 17, 147739);38977;(3, 5, 25, 5, 38977);איל;1;5;ואת אשמו יביא ליהוה איל תמים מן הצאן בערכך לאשם אל הכהן
(232813, 66, 4);10;י;147805;(3, 5, 26, 39, 147805);38996;(3, 5, 26, 12, 38996);יעשה;1;12;וכפר עליו הכהן לפני יהוה ונסלח לו על אחת מכל אשר יעשה לאשמה בה
(232813, 66, 4);70;ע;147871;(3, 6, 2, 38, 147871);39015;(3, 6, 2, 12, 39015);על;1;12;צו את אהרן ואת בניו לאמר זאת תורת העלה הוא העלה על מוקדה על המזבח כל הלילה עד הבקר ואש המזבח תוקד בו
(232813, 66, 4);70;ע;147937;(3, 6, 3, 26, 147937);39034;(3, 6, 3, 8, 39034);על;1;8;ולבש הכהן מדו בד ומכנסי בד ילבש על בשרו והרים את הדשן אשר תאכל האש את העלה על המזבח ושמו אצל המזבח
(232813, 66, 4);300;ש;148003;(3, 6, 4, 15, 148003);39052;(3, 6, 4, 4, 39052);ולבש;4;4;ופשט את בגדיו ולבש בגדים אחרים והוציא את הדשן אל מחוץ למחנה אל מקום טהור
(232813, 66, 4);5;ה;148069;(3, 6, 5, 23, 148069);39070;(3, 6, 5, 7, 39070);תכבה;4;7;והאש על המזבח תוקד בו לא תכבה ובער עליה הכהן עצים בבקר בבקר וערך עליה העלה והקטיר עליה חלבי השלמים
(232813, 66, 4);4;ד;148135;(3, 6, 6, 10, 148135);39086;(3, 6, 6, 3, 39086);תוקד;4;3;אש תמיד תוקד על המזבח לא תכבה
(232813, 66, 4);50;נ;148201;(3, 6, 8, 8, 148201);39104;(3, 6, 8, 2, 39104);ממנו;3;2;והרים ממנו בקמצו מסלת המנחה ומשמנה ואת כל הלבנה אשר על המנחה והקטיר המזבח ריח ניחח אזכרתה ליהוה
(232813, 66, 4);30;ל;148267;(3, 6, 8, 74, 148267);39120;(3, 6, 8, 18, 39120);ליהוה;1;18;והרים ממנו בקמצו מסלת המנחה ומשמנה ואת כל הלבנה אשר על המנחה והקטיר המזבח ריח ניחח אזכרתה ליהוה
(232813, 66, 4);1;א;148333;(3, 6, 10, 4, 148333);39135;(3, 6, 10, 2, 39135);תאפה;2;2;לא תאפה חמץ חלקם נתתי אתה מאשי קדש קדשים הוא כחטאת וכאשם
(232813, 66, 4);40;ם;148399;(3, 6, 11, 25, 148399);39152;(3, 6, 11, 7, 39152);עולם;4;7;כל זכר בבני אהרן יאכלנה חק עולם לדרתיכם מאשי יהוה כל אשר יגע בהם יקדש
(232813, 66, 4);200;ר;148465;(3, 6, 13, 18, 148465);39170;(3, 6, 13, 5, 39170);אשר;3;5;זה קרבן אהרן ובניו אשר יקריבו ליהוה ביום המשח אתו עשירת האפה סלת מנחה תמיד מחציתה בבקר ומחציתה בערב
(232813, 66, 4);40;מ;148531;(3, 6, 14, 3, 148531);39186;(3, 6, 14, 2, 39186);מחבת;1;2;על מחבת בשמן תעשה מרבכת תביאנה תפיני מנחת פתים תקריב ריח ניחח ליהוה
(232813, 66, 4);10;י;148597;(3, 6, 15, 14, 148597);39200;(3, 6, 15, 3, 39200);תחתיו;4;3;והכהן המשיח תחתיו מבניו יעשה אתה חק עולם ליהוה כליל תקטר
(232813, 66, 4);1;א;148663;(3, 6, 17, 10, 148663);39218;(3, 6, 17, 3, 39218);אל;1;3;וידבר יהוה אל משה לאמר
(232813, 66, 4);30;ל;148729;(3, 6, 18, 58, 148729);39236;(3, 6, 18, 16, 39236);לפני;1;16;דבר אל אהרן ואל בניו לאמר זאת תורת החטאת במקום אשר תשחט העלה תשחט החטאת לפני יהוה קדש קדשים הוא
(232813, 66, 4);3;ג;148795;(3, 6, 20, 7, 148795);39253;(3, 6, 20, 3, 39253);יגע;2;3;כל אשר יגע בבשרה יקדש ואשר יזה מדמה על הבגד אשר יזה עליה תכבס במקום קדש
(232813, 66, 4);10;י;148861;(3, 6, 21, 17, 148861);39272;(3, 6, 21, 6, 39272);ישבר;1;6;וכלי חרש אשר תבשל בו ישבר ואם בכלי נחשת בשלה ומרק ושטף במים
(232813, 66, 4);400;ת;148927;(3, 6, 23, 7, 148927);39289;(3, 6, 23, 2, 39289);חטאת;4;2;וכל חטאת אשר יובא מדמה אל אהל מועד לכפר בקדש לא תאכל באש תשרף
(232813, 66, 4);40;מ;148993;(3, 7, 2, 2, 148993);39308;(3, 7, 2, 1, 39308);במקום;2;1;במקום אשר ישחטו את העלה ישחטו את האשם ואת דמו יזרק על המזבח סביב
(232813, 66, 4);50;נ;149059;(3, 7, 3, 17, 149059);39326;(3, 7, 3, 5, 39326);ממנו;3;5;ואת כל חלבו יקריב ממנו את האליה ואת החלב המכסה את הקרב
(232813, 66, 4);400;ת;149125;(3, 7, 4, 40, 149125);39344;(3, 7, 4, 11, 39344);ואת;3;11;ואת שתי הכלית ואת החלב אשר עליהן אשר על הכסלים ואת היתרת על הכבד על הכלית יסירנה
(232813, 66, 4);50;נ;149191;(3, 7, 6, 9, 149191);39361;(3, 7, 6, 3, 39361);בכהנים;4;3;כל זכר בכהנים יאכלנו במקום קדוש יאכל קדש קדשים הוא
(232813, 66, 4);6;ו;149257;(3, 7, 7, 34, 149257);39378;(3, 7, 7, 10, 39378);לו;2;10;כחטאת כאשם תורה אחת להם הכהן אשר יכפר בו לו יהיה
(232813, 66, 4);6;ו;149323;(3, 7, 9, 18, 149323);39396;(3, 7, 9, 5, 39396);בתנור;4;5;וכל מנחה אשר תאפה בתנור וכל נעשה במרחשת ועל מחבת לכהן המקריב אתה לו תהיה
(232813, 66, 4);50;נ;149389;(3, 7, 10, 26, 149389);39413;(3, 7, 10, 7, 39413);בני;2;7;וכל מנחה בלולה בשמן וחרבה לכל בני אהרן תהיה איש כאחיו
(232813, 66, 4);200;ר;149455;(3, 7, 12, 19, 149455);39429;(3, 7, 12, 5, 39429);והקריב;4;5;אם על תודה יקריבנו והקריב על זבח התודה חלות מצות בלולת בשמן ורקיקי מצות משחים בשמן וסלת מרבכת חלת בלולת בשמן
(232813, 66, 4);2;ב;149521;(3, 7, 12, 85, 149521);39445;(3, 7, 12, 21, 39445);בשמן;1;21;אם על תודה יקריבנו והקריב על זבח התודה חלות מצות בלולת בשמן ורקיקי מצות משחים בשמן וסלת מרבכת חלת בלולת בשמן
(232813, 66, 4);5;ה;149587;(3, 7, 14, 28, 149587);39462;(3, 7, 14, 7, 39462);ליהוה;3;7;והקריב ממנו אחד מכל קרבן תרומה ליהוה לכהן הזרק את דם השלמים לו יהיה
(232813, 66, 4);70;ע;149653;(3, 7, 15, 40, 149653);39480;(3, 7, 15, 11, 39480);עד;1;11;ובשר זבח תודת שלמיו ביום קרבנו יאכל לא יניח ממנו עד בקר
(232813, 66, 4);5;ה;149719;(3, 7, 17, 2, 149719);39497;(3, 7, 17, 1, 39497);והנותר;2;1;והנותר מבשר הזבח ביום השלישי באש ישרף
(232813, 66, 4);200;ר;149785;(3, 7, 18, 37, 149785);39513;(3, 7, 18, 10, 39513);ירצה;2;10;ואם האכל יאכל מבשר זבח שלמיו ביום השלישי לא ירצה המקריב אתו לא יחשב לו פגול יהיה והנפש האכלת ממנו עונה תשא
(232813, 66, 4);30;ל;149851;(3, 7, 19, 18, 149851);39531;(3, 7, 19, 6, 39531);לא;1;6;והבשר אשר יגע בכל טמא לא יאכל באש ישרף והבשר כל טהור יאכל בשר
(232813, 66, 4);40;מ;149917;(3, 7, 20, 36, 149917);39548;(3, 7, 20, 9, 39548);וטמאתו;3;9;והנפש אשר תאכל בשר מזבח השלמים אשר ליהוה וטמאתו עליו ונכרתה הנפש ההוא מעמיה
(232813, 66, 4);300;ש;149983;(3, 7, 21, 40, 149983);39566;(3, 7, 21, 13, 39566);שקץ;1;13;ונפש כי תגע בכל טמא בטמאת אדם או בבהמה טמאה או בכל שקץ טמא ואכל מבשר זבח השלמים אשר ליהוה ונכרתה הנפש ההוא מעמיה
(232813, 66, 4);40;מ;150049;(3, 7, 22, 17, 150049);39582;(3, 7, 22, 5, 39582);לאמר;3;5;וידבר יהוה אל משה לאמר
(232813, 66, 4);1;א;150115;(3, 7, 24, 26, 150115);39601;(3, 7, 24, 7, 39601);מלאכה;3;7;וחלב נבלה וחלב טרפה יעשה לכל מלאכה ואכל לא תאכלהו
(232813, 66, 4);400;ת;150181;(3, 7, 25, 52, 150181);39618;(3, 7, 25, 14, 39618);האכלת;5;14;כי כל אכל חלב מן הבהמה אשר יקריב ממנה אשה ליהוה ונכרתה הנפש האכלת מעמיה
(232813, 66, 4);5;ה;150247;(3, 7, 27, 28, 150247);39636;(3, 7, 27, 9, 39636);ההוא;2;9;כל נפש אשר תאכל כל דם ונכרתה הנפש ההוא מעמיה
(232813, 66, 4);10;י;150313;(3, 7, 29, 41, 150313);39653;(3, 7, 29, 11, 39653);יביא;3;11;דבר אל בני ישראל לאמר המקריב את זבח שלמיו ליהוה יביא את קרבנו ליהוה מזבח שלמיו
(232813, 66, 4);5;ה;150379;(3, 7, 30, 44, 150379);39670;(3, 7, 30, 12, 39670);החזה;4;12;ידיו תביאינה את אשי יהוה את החלב על החזה יביאנו את החזה להניף אתו תנופה לפני יהוה
(232813, 66, 4);300;ש;150445;(3, 7, 32, 4, 150445);39686;(3, 7, 32, 2, 39686);שוק;1;2;ואת שוק הימין תתנו תרומה לכהן מזבחי שלמיכם
(232813, 66, 4);5;ה;150511;(3, 7, 33, 35, 150511);39702;(3, 7, 33, 10, 39702);תהיה;2;10;המקריב את דם השלמים ואת החלב מבני אהרן לו תהיה שוק הימין למנה
(232813, 66, 4);40;ם;150577;(3, 7, 34, 52, 150577);39718;(3, 7, 34, 13, 39718);שלמיהם;6;13;כי את חזה התנופה ואת שוק התרומה לקחתי מאת בני ישראל מזבחי שלמיהם ואתן אתם לאהרן הכהן ולבניו לחק עולם מאת בני ישראל
(232813, 66, 4);5;ה;150643;(3, 7, 35, 26, 150643);39735;(3, 7, 35, 7, 39735);יהוה;2;7;זאת משחת אהרן ומשחת בניו מאשי יהוה ביום הקריב אתם לכהן ליהוה
(232813, 66, 4);6;ו;150709;(3, 7, 36, 43, 150709);39753;(3, 7, 36, 13, 39753);עולם;2;13;אשר צוה יהוה לתת להם ביום משחו אתם מאת בני ישראל חקת עולם לדרתם
(232813, 66, 4);400;ת;150775;(3, 7, 38, 12, 150775);39767;(3, 7, 38, 4, 39767);את;2;4;אשר צוה יהוה את משה בהר סיני ביום צותו את בני ישראל להקריב את קרבניהם ליהוה במדבר סיני
(232813, 66, 4);5;ה;150841;(3, 8, 1, 9, 150841);39783;(3, 8, 1, 2, 39783);יהוה;4;2;וידבר יהוה אל משה לאמר
(232813, 66, 4);10;י;150907;(3, 8, 2, 57, 150907);39803;(3, 8, 2, 17, 39803);האילים;3;17;קח את אהרן ואת בניו אתו ואת הבגדים ואת שמן המשחה ואת פר החטאת ואת שני האילים ואת סל המצות
(232813, 66, 4);70;ע;150973;(3, 8, 4, 28, 150973);39822;(3, 8, 4, 8, 39822);העדה;2;8;ויעש משה כאשר צוה יהוה אתו ותקהל העדה אל פתח אהל מועד
(232813, 66, 4);400;ת;151039;(3, 8, 6, 17, 151039);39841;(3, 8, 6, 5, 39841);ואת;3;5;ויקרב משה את אהרן ואת בניו וירחץ אתם במים
(232813, 66, 4);10;י;151105;(3, 8, 7, 50, 151105);39858;(3, 8, 7, 13, 39858);עליו;3;13;ויתן עליו את הכתנת ויחגר אתו באבנט וילבש אתו את המעיל ויתן עליו את האפד ויחגר אתו בחשב האפד ויאפד לו בו
(232813, 66, 4);1;א;151171;(3, 8, 8, 34, 151171);39877;(3, 8, 8, 10, 39877);ואת;2;10;וישם עליו את החשן ויתן אל החשן את האורים ואת התמים
(232813, 66, 4);90;צ;151237;(3, 8, 9, 60, 151237);39896;(3, 8, 9, 18, 39896);צוה;1;18;וישם את המצנפת על ראשו וישם על המצנפת אל מול פניו את ציץ הזהב נזר הקדש כאשר צוה יהוה את משה
(232813, 66, 4);70;ע;151303;(3, 8, 11, 8, 151303);39916;(3, 8, 11, 3, 39916);על;1;3;ויז ממנו על המזבח שבע פעמים וימשח את המזבח ואת כל כליו ואת הכיר ואת כנו לקדשם
(232813, 66, 4);5;ה;151369;(3, 8, 12, 13, 151369);39933;(3, 8, 12, 3, 39933);המשחה;5;3;ויצק משמן המשחה על ראש אהרן וימשח אתו לקדשו
(232813, 66, 4);300;ש;151435;(3, 8, 13, 44, 151435);39950;(3, 8, 13, 11, 39950);ויחבש;5;11;ויקרב משה את בני אהרן וילבשם כתנת ויחגר אתם אבנט ויחבש להם מגבעות כאשר צוה יהוה את משה
(232813, 66, 4);200;ר;151501;(3, 8, 14, 41, 151501);39969;(3, 8, 14, 12, 39969);פר;2;12;ויגש את פר החטאת ויסמך אהרן ובניו את ידיהם על ראש פר החטאת
(232813, 66, 4);40;ם;151567;(3, 8, 15, 61, 151567);39986;(3, 8, 15, 16, 39986);הדם;3;16;וישחט ויקח משה את הדם ויתן על קרנות המזבח סביב באצבעו ויחטא את המזבח ואת הדם יצק אל יסוד המזבח ויקדשהו לכפר עליו
(232813, 66, 4);400;ת;151633;(3, 8, 16, 37, 151633);40005;(3, 8, 16, 12, 40005);שתי;2;12;ויקח את כל החלב אשר על הקרב ואת יתרת הכבד ואת שתי הכלית ואת חלבהן ויקטר משה המזבחה
(232813, 66, 4);40;מ;151699;(3, 8, 17, 38, 151699);40023;(3, 8, 17, 12, 40023);למחנה;2;12;ואת הפר ואת ערו ואת בשרו ואת פרשו שרף באש מחוץ למחנה כאשר צוה יהוה את משה
(232813, 66, 4);10;י;151765;(3, 8, 19, 2, 151765);40041;(3, 8, 19, 1, 40041);וישחט;2;1;וישחט ויזרק משה את הדם על המזבח סביב
(232813, 66, 4);40;ם;151831;(3, 8, 20, 39, 151831);40058;(3, 8, 20, 10, 40058);הנתחים;6;10;ואת האיל נתח לנתחיו ויקטר משה את הראש ואת הנתחים ואת הפדר
(232813, 66, 4);8;ח;151897;(3, 8, 21, 59, 151897);40076;(3, 8, 21, 16, 40076);ניחח;4;16;ואת הקרב ואת הכרעים רחץ במים ויקטר משה את כל האיל המזבחה עלה הוא לריח ניחח אשה הוא ליהוה כאשר צוה יהוה את משה
(232813, 66, 4);6;ו;151963;(3, 8, 22, 39, 151963);40093;(3, 8, 22, 9, 40093);ובניו;5;9;ויקרב את האיל השני איל המלאים ויסמכו אהרן ובניו את ידיהם על ראש האיל
(232813, 66, 4);10;י;152029;(3, 8, 23, 50, 152029);40112;(3, 8, 23, 14, 40112);הימנית;2;14;וישחט ויקח משה מדמו ויתן על תנוך אזן אהרן הימנית ועל בהן ידו הימנית ועל בהן רגלו הימנית
(232813, 66, 4);2;ב;152095;(3, 8, 24, 46, 152095);40130;(3, 8, 24, 14, 40130);בהן;1;14;ויקרב את בני אהרן ויתן משה מן הדם על תנוך אזנם הימנית ועל בהן ידם הימנית ועל בהן רגלם הימנית ויזרק משה את הדם על המזבח סביב
(232813, 66, 4);1;א;152161;(3, 8, 25, 15, 152161);40148;(3, 8, 25, 5, 40148);האליה;2;5;ויקח את החלב ואת האליה ואת כל החלב אשר על הקרב ואת יתרת הכבד ואת שתי הכלית ואת חלבהן ואת שוק הימין
(232813, 66, 4);30;ל;152227;(3, 8, 26, 4, 152227);40166;(3, 8, 26, 1, 40166);ומסל;4;1;ומסל המצות אשר לפני יהוה לקח חלת מצה אחת וחלת לחם שמן אחת ורקיק אחד וישם על החלבים ועל שוק הימין
(232813, 66, 4);6;ו;152293;(3, 8, 26, 70, 152293);40185;(3, 8, 26, 20, 40185);שוק;2;20;ומסל המצות אשר לפני יהוה לקח חלת מצה אחת וחלת לחם שמן אחת ורקיק אחד וישם על החלבים ועל שוק הימין
(232813, 66, 4);70;ע;152359;(3, 8, 28, 12, 152359);40204;(3, 8, 28, 4, 40204);מעל;2;4;ויקח משה אתם מעל כפיהם ויקטר המזבחה על העלה מלאים הם לריח ניחח אשה הוא ליהוה
(232813, 66, 4);10;י;152425;(3, 8, 29, 17, 152425);40221;(3, 8, 29, 5, 40221);ויניפהו;4;5;ויקח משה את החזה ויניפהו תנופה לפני יהוה מאיל המלאים למשה היה למנה כאשר צוה יהוה את משה
(232813, 66, 4);40;מ;152491;(3, 8, 30, 13, 152491);40238;(3, 8, 30, 4, 40238);המשחה;2;4;ויקח משה משמן המשחה ומן הדם אשר על המזבח ויז על אהרן על בגדיו ועל בניו ועל בגדי בניו אתו ויקדש את אהרן את בגדיו ואת בניו ואת בגדי בניו אתו
(232813, 66, 4);200;ר;152557;(3, 8, 30, 79, 152557);40257;(3, 8, 30, 23, 40257);אהרן;3;23;ויקח משה משמן המשחה ומן הדם אשר על המזבח ויז על אהרן על בגדיו ועל בניו ועל בגדי בניו אתו ויקדש את אהרן את בגדיו ואת בניו ואת בגדי בניו אתו
(232813, 66, 4);30;ל;152623;(3, 8, 31, 37, 152623);40276;(3, 8, 31, 11, 40276);אהל;3;11;ויאמר משה אל אהרן ואל בניו בשלו את הבשר פתח אהל מועד ושם תאכלו אתו ואת הלחם אשר בסל המלאים כאשר צויתי לאמר אהרן ובניו יאכלהו
(232813, 66, 4);6;ו;152689;(3, 8, 32, 4, 152689);40292;(3, 8, 32, 1, 40292);והנותר;4;1;והנותר בבשר ובלחם באש תשרפו
(232813, 66, 4);300;ש;152755;(3, 8, 33, 47, 152755);40310;(3, 8, 33, 14, 40310);שבעת;1;14;ומפתח אהל מועד לא תצאו שבעת ימים עד יום מלאת ימי מלאיכם כי שבעת ימים ימלא את ידכם
(232813, 66, 4);6;ו;152821;(3, 8, 35, 15, 152821);40327;(3, 8, 35, 4, 40327);תשבו;4;4;ופתח אהל מועד תשבו יומם ולילה שבעת ימים ושמרתם את משמרת יהוה ולא תמותו כי כן צויתי
(232813, 66, 4);400;ת;152887;(3, 8, 36, 15, 152887);40344;(3, 8, 36, 4, 40344);את;2;4;ויעש אהרן ובניו את כל הדברים אשר צוה יהוה ביד משה
(232813, 66, 4);30;ל;152953;(3, 9, 1, 42, 152953);40360;(3, 9, 1, 9, 40360);ישראל;5;9;ויהי ביום השמיני קרא משה לאהרן ולבניו ולזקני ישראל
(232813, 66, 4);400;ת;153019;(3, 9, 3, 12, 153019);40379;(3, 9, 3, 4, 40379);תדבר;1;4;ואל בני ישראל תדבר לאמר קחו שעיר עזים לחטאת ועגל וכבש בני שנה תמימם לעלה
(232813, 66, 4);80;פ;153085;(3, 9, 4, 20, 153085);40395;(3, 9, 4, 5, 40395);לפני;2;5;ושור ואיל לשלמים לזבח לפני יהוה ומנחה בלולה בשמן כי היום יהוה נראה אליכם
(232813, 66, 4);70;ע;153151;(3, 9, 5, 27, 153151);40413;(3, 9, 5, 9, 40413);מועד;3;9;ויקחו את אשר צוה משה אל פני אהל מועד ויקרבו כל העדה ויעמדו לפני יהוה
(232813, 66, 4);2;ב;153217;(3, 9, 6, 39, 153217);40430;(3, 9, 6, 11, 40430);כבוד;2;11;ויאמר משה זה הדבר אשר צוה יהוה תעשו וירא אליכם כבוד יהוה
(232813, 66, 4);300;ש;153283;(3, 9, 7, 60, 153283);40448;(3, 9, 7, 17, 40448);ועשה;3;17;ויאמר משה אל אהרן קרב אל המזבח ועשה את חטאתך ואת עלתך וכפר בעדך ובעד העם ועשה את קרבן העם וכפר בעדם כאשר צוה יהוה
(232813, 66, 4);6;ו;153349;(3, 9, 9, 1, 153349);40467;(3, 9, 9, 1, 40467);ויקרבו;1;1;ויקרבו בני אהרן את הדם אליו ויטבל אצבעו בדם ויתן על קרנות המזבח ואת הדם יצק אל יסוד המזבח
(232813, 66, 4);5;ה;153415;(3, 9, 9, 67, 153415);40485;(3, 9, 9, 19, 40485);המזבח;1;19;ויקרבו בני אהרן את הדם אליו ויטבל אצבעו בדם ויתן על קרנות המזבח ואת הדם יצק אל יסוד המזבח
(232813, 66, 4);300;ש;153481;(3, 9, 10, 62, 153481);40502;(3, 9, 10, 17, 40502);משה;2;17;ואת החלב ואת הכלית ואת היתרת מן הכבד מן החטאת הקטיר המזבחה כאשר צוה יהוה את משה
(232813, 66, 4);7;ז;153547;(3, 9, 12, 36, 153547);40520;(3, 9, 12, 10, 40520);ויזרקהו;3;10;וישחט את העלה וימצאו בני אהרן אליו את הדם ויזרקהו על המזבח סביב
(232813, 66, 4);100;ק;153613;(3, 9, 14, 9, 153613);40536;(3, 9, 14, 3, 40536);הקרב;2;3;וירחץ את הקרב ואת הכרעים ויקטר על העלה המזבחה
(232813, 66, 4);300;ש;153679;(3, 9, 15, 38, 153679);40553;(3, 9, 15, 11, 40553);וישחטהו;3;11;ויקרב את קרבן העם ויקח את שעיר החטאת אשר לעם וישחטהו ויחטאהו כראשון
(232813, 66, 4);9;ט;153745;(3, 9, 17, 28, 153745);40567;(3, 9, 17, 7, 40567);ויקטר;4;7;ויקרב את המנחה וימלא כפו ממנה ויקטר על המזבח מלבד עלת הבקר
(232813, 66, 4);1;א;153811;(3, 9, 18, 47, 153811);40585;(3, 9, 18, 13, 40585);את;1;13;וישחט את השור ואת האיל זבח השלמים אשר לעם וימצאו בני אהרן את הדם אליו ויזרקהו על המזבח סביב
(232813, 66, 4);6;ו;153877;(3, 9, 19, 40, 153877);40601;(3, 9, 19, 10, 40601);ויתרת;1;10;ואת החלבים מן השור ומן האיל האליה והמכסה והכלית ויתרת הכבד
(232813, 66, 4);5;ה;153943;(3, 9, 21, 20, 153943);40616;(3, 9, 21, 6, 40616);הניף;1;6;ואת החזות ואת שוק הימין הניף אהרן תנופה לפני יהוה כאשר צוה משה
(232813, 66, 4);1;א;154009;(3, 9, 22, 36, 154009);40633;(3, 9, 22, 10, 40633);החטאת;4;10;וישא אהרן את ידו אל העם ויברכם וירד מעשת החטאת והעלה והשלמים
(232813, 66, 4);30;ל;154075;(3, 9, 23, 53, 154075);40650;(3, 9, 23, 15, 40650);כל;2;15;ויבא משה ואהרן אל אהל מועד ויצאו ויברכו את העם וירא כבוד יהוה אל כל העם
(232813, 66, 4);30;ל;154141;(3, 9, 24, 63, 154141);40668;(3, 9, 24, 17, 40668);על;2;17;ותצא אש מלפני יהוה ותאכל על המזבח את העלה ואת החלבים וירא כל העם וירנו ויפלו על פניהם
(232813, 66, 4);6;ו;154207;(3, 10, 1, 61, 154207);40683;(3, 10, 1, 14, 40683);ויקריבו;7;14;ויקחו בני אהרן נדב ואביהוא איש מחתתו ויתנו בהן אש וישימו עליה קטרת ויקריבו לפני יהוה אש זרה אשר לא צוה אתם
(232813, 66, 4);200;ר;154273;(3, 10, 3, 5, 154273);40701;(3, 10, 3, 1, 40701);ויאמר;5;1;ויאמר משה אל אהרן הוא אשר דבר יהוה לאמר בקרבי אקדש ועל פני כל העם אכבד וידם אהרן
(232813, 66, 4);5;ה;154339;(3, 10, 4, 8, 154339);40720;(3, 10, 4, 2, 40720);משה;3;2;ויקרא משה אל מישאל ואל אלצפן בני עזיאל דד אהרן ויאמר אלהם קרבו שאו את אחיכם מאת פני הקדש אל מחוץ למחנה
(232813, 66, 4);8;ח;154405;(3, 10, 4, 74, 154405);40739;(3, 10, 4, 21, 40739);מחוץ;2;21;ויקרא משה אל מישאל ואל אלצפן בני עזיאל דד אהרן ויאמר אלהם קרבו שאו את אחיכם מאת פני הקדש אל מחוץ למחנה
(232813, 66, 4);200;ר;154471;(3, 10, 6, 21, 154471);40754;(3, 10, 6, 5, 40754);ולאלעזר;7;5;ויאמר משה אל אהרן ולאלעזר ולאיתמר בניו ראשיכם אל תפרעו ובגדיכם לא תפרמו ולא תמתו ועל כל העדה יקצף ואחיכם כל בית ישראל יבכו את השרפה אשר שרף יהוה
(232813, 66, 4);30;ל;154537;(3, 10, 6, 87, 154537);40770;(3, 10, 6, 21, 40770);כל;2;21;ויאמר משה אל אהרן ולאלעזר ולאיתמר בניו ראשיכם אל תפרעו ובגדיכם לא תפרמו ולא תמתו ועל כל העדה יקצף ואחיכם כל בית ישראל יבכו את השרפה אשר שרף יהוה
(232813, 66, 4);5;ה;154603;(3, 10, 7, 37, 154603);40789;(3, 10, 7, 11, 40789);יהוה;4;11;ומפתח אהל מועד לא תצאו פן תמתו כי שמן משחת יהוה עליכם ויעשו כדבר משה
(232813, 66, 4);30;ל;154669;(3, 10, 9, 30, 154669);40807;(3, 10, 9, 9, 40807);אל;2;9;יין ושכר אל תשת אתה ובניך אתך בבאכם אל אהל מועד ולא תמתו חקת עולם לדרתיכם
(232813, 66, 4);200;ר;154735;(3, 10, 10, 38, 154735);40823;(3, 10, 10, 9, 40823);הטהור;5;9;ולהבדיל בין הקדש ובין החל ובין הטמא ובין הטהור
(232813, 66, 4);70;ע;154801;(3, 10, 12, 20, 154801);40842;(3, 10, 12, 6, 40842);אלעזר;3;6;וידבר משה אל אהרן ואל אלעזר ואל איתמר בניו הנותרים קחו את המנחה הנותרת מאשי יהוה ואכלוה מצות אצל המזבח כי קדש קדשים הוא
(232813, 66, 4);100;ק;154867;(3, 10, 12, 86, 154867);40858;(3, 10, 12, 22, 40858);קדש;1;22;וידבר משה אל אהרן ואל אלעזר ואל איתמר בניו הנותרים קחו את המנחה הנותרת מאשי יהוה ואכלוה מצות אצל המזבח כי קדש קדשים הוא
(232813, 66, 4);5;ה;154933;(3, 10, 14, 6, 154933);40876;(3, 10, 14, 2, 40876);חזה;3;2;ואת חזה התנופה ואת שוק התרומה תאכלו במקום טהור אתה ובניך ובנתיך אתך כי חקך וחק בניך נתנו מזבחי שלמי בני ישראל
(232813, 66, 4);40;מ;154999;(3, 10, 14, 72, 154999);40893;(3, 10, 14, 19, 40893);מזבחי;1;19;ואת חזה התנופה ואת שוק התרומה תאכלו במקום טהור אתה ובניך ובנתיך אתך כי חקך וחק בניך נתנו מזבחי שלמי בני ישראל
(232813, 66, 4);10;י;155065;(3, 10, 15, 50, 155065);40908;(3, 10, 15, 12, 40908);יהוה;1;12;שוק התרומה וחזה התנופה על אשי החלבים יביאו להניף תנופה לפני יהוה והיה לך ולבניך אתך לחק עולם כאשר צוה יהוה
(232813, 66, 4);10;י;155131;(3, 10, 16, 30, 155131);40926;(3, 10, 16, 9, 40926);ויקצף;2;9;ואת שעיר החטאת דרש דרש משה והנה שרף ויקצף על אלעזר ועל איתמר בני אהרן הנותרם לאמר
(232813, 66, 4);4;ד;155197;(3, 10, 17, 31, 155197);40943;(3, 10, 17, 9, 40943);קדש;2;9;מדוע לא אכלתם את החטאת במקום הקדש כי קדש קדשים הוא ואתה נתן לכם לשאת את עון העדה לכפר עליהם לפני יהוה
(232813, 66, 4);100;ק;155263;(3, 10, 18, 17, 155263);40963;(3, 10, 18, 7, 40963);הקדש;2;7;הן לא הובא את דמה אל הקדש פנימה אכול תאכלו אתה בקדש כאשר צויתי
(232813, 66, 4);6;ו;155329;(3, 10, 19, 34, 155329);40980;(3, 10, 19, 10, 40980);ואת;1;10;וידבר אהרן אל משה הן היום הקריבו את חטאתם ואת עלתם לפני יהוה ותקראנה אתי כאלה ואכלתי חטאת היום הייטב בעיני יהוה
(232813, 66, 4);10;י;155395;(3, 10, 20, 10, 155395);40995;(3, 10, 20, 3, 40995);וייטב;2;3;וישמע משה וייטב בעיניו
(232813, 66, 4);200;ר;155461;(3, 11, 2, 28, 155461);41012;(3, 11, 2, 8, 41012);אשר;3;8;דברו אל בני ישראל לאמר זאת החיה אשר תאכלו מכל הבהמה אשר על הארץ
(232813, 66, 4);1;א;155527;(3, 11, 4, 1, 155527);41030;(3, 11, 4, 1, 41030);אך;1;1;אך את זה לא תאכלו ממעלי הגרה וממפרסי הפרסה את הגמל כי מעלה גרה הוא ופרסה איננו מפריס טמא הוא לכם
(232813, 66, 4);60;ס;155593;(3, 11, 4, 67, 155593);41047;(3, 11, 4, 18, 41047);מפריס;5;18;אך את זה לא תאכלו ממעלי הגרה וממפרסי הפרסה את הגמל כי מעלה גרה הוא ופרסה איננו מפריס טמא הוא לכם
(232813, 66, 4);200;ר;155659;(3, 11, 6, 17, 155659);41067;(3, 11, 6, 5, 41067);גרה;2;5;ואת הארנבת כי מעלת גרה הוא ופרסה לא הפריסה טמאה הוא לכם
(232813, 66, 4);200;ר;155725;(3, 11, 7, 39, 155725);41085;(3, 11, 7, 11, 41085);גרה;2;11;ואת החזיר כי מפריס פרסה הוא ושסע שסע פרסה והוא גרה לא יגר טמא הוא לכם
(232813, 66, 4);2;ב;155791;(3, 11, 9, 16, 155791);41105;(3, 11, 9, 6, 41105);במים;1;6;את זה תאכלו מכל אשר במים כל אשר לו סנפיר וקשקשת במים בימים ובנחלים אתם תאכלו
(232813, 66, 4);300;ש;155857;(3, 11, 10, 21, 155857);41121;(3, 11, 10, 6, 41121);וקשקשת;5;6;וכל אשר אין לו סנפיר וקשקשת בימים ובנחלים מכל שרץ המים ומכל נפש החיה אשר במים שקץ הם לכם
(232813, 66, 4);30;ל;155923;(3, 11, 11, 17, 155923);41139;(3, 11, 11, 5, 41139);לא;1;5;ושקץ יהיו לכם מבשרם לא תאכלו ואת נבלתם תשקצו
(232813, 66, 4);50;ן;155989;(3, 11, 13, 13, 155989);41157;(3, 11, 13, 4, 41157);מן;2;4;ואת אלה תשקצו מן העוף לא יאכלו שקץ הם את הנשר ואת הפרס ואת העזניה
(232813, 66, 4);40;מ;156055;(3, 11, 15, 9, 156055);41177;(3, 11, 15, 4, 41177);למינו;2;4;את כל ערב למינו
(232813, 66, 4);400;ת;156121;(3, 11, 18, 3, 156121);41194;(3, 11, 18, 1, 41194);ואת;3;1;ואת התנשמת ואת הקאת ואת הרחם
(232813, 66, 4);80;ף;156187;(3, 11, 20, 9, 156187);41210;(3, 11, 20, 3, 41210);העוף;4;3;כל שרץ העוף ההלך על ארבע שקץ הוא לכם
(232813, 66, 4);200;ר;156253;(3, 11, 21, 47, 156253);41231;(3, 11, 21, 15, 41231);לרגליו;2;15;אך את זה תאכלו מכל שרץ העוף ההלך על ארבע אשר לא כרעים ממעל לרגליו לנתר בהן על הארץ
(232813, 66, 4);40;מ;156319;(3, 11, 22, 49, 156319);41248;(3, 11, 22, 13, 41248);למינהו;2;13;את אלה מהם תאכלו את הארבה למינו ואת הסלעם למינהו ואת החרגל למינהו ואת החגב למינהו
(232813, 66, 4);70;ע;156385;(3, 11, 24, 16, 156385);41265;(3, 11, 24, 4, 41265);הנגע;4;4;ולאלה תטמאו כל הנגע בנבלתם יטמא עד הערב
(232813, 66, 4);60;ס;156451;(3, 11, 26, 18, 156451);41282;(3, 11, 26, 5, 41282);מפרסת;4;5;לכל הבהמה אשר הוא מפרסת פרסה ושסע איננה שסעת וגרה איננה מעלה טמאים הם לכם כל הנגע בהם יטמא
(232813, 66, 4);10;י;156517;(3, 11, 27, 12, 156517);41300;(3, 11, 27, 4, 41300);כפיו;3;4;וכל הולך על כפיו בכל החיה ההלכת על ארבע טמאים הם לכם כל הנגע בנבלתם יטמא עד הערב
(232813, 66, 4);2;ב;156583;(3, 11, 28, 15, 156583);41318;(3, 11, 28, 4, 41318);יכבס;3;4;והנשא את נבלתם יכבס בגדיו וטמא עד הערב טמאים המה לכם
(232813, 66, 4);30;ל;156649;(3, 11, 29, 39, 156649);41336;(3, 11, 29, 11, 41336);למינהו;1;11;וזה לכם הטמא בשרץ השרץ על הארץ החלד והעכבר והצב למינהו
(232813, 66, 4);10;י;156715;(3, 11, 31, 33, 156715);41351;(3, 11, 31, 10, 41351);יטמא;1;10;אלה הטמאים לכם בכל השרץ כל הנגע בהם במתם יטמא עד הערב
(232813, 66, 4);300;ש;156781;(3, 11, 32, 57, 156781);41373;(3, 11, 32, 20, 41373);יעשה;3;20;וכל אשר יפל עליו מהם במתם יטמא מכל כלי עץ או בגד או עור או שק כל כלי אשר יעשה מלאכה בהם במים יובא וטמא עד הערב וטהר
(232813, 66, 4);10;י;156847;(3, 11, 33, 35, 156847);41393;(3, 11, 33, 12, 41393);יטמא;1;12;וכל כלי חרש אשר יפל מהם אל תוכו כל אשר בתוכו יטמא ואתו תשברו
(232813, 66, 4);9;ט;156913;(3, 11, 34, 54, 156913);41411;(3, 11, 34, 16, 41411);יטמא;2;16;מכל האכל אשר יאכל אשר יבוא עליו מים יטמא וכל משקה אשר ישתה בכל כלי יטמא
(232813, 66, 4);2;ב;156979;(3, 11, 36, 8, 156979);41428;(3, 11, 36, 3, 41428);ובור;2;3;אך מעין ובור מקוה מים יהיה טהור ונגע בנבלתם יטמא
(232813, 66, 4);5;ה;157045;(3, 11, 37, 35, 157045);41446;(3, 11, 37, 11, 41446);הוא;1;11;וכי יפל מנבלתם על כל זרע זרוע אשר יזרע טהור הוא
(232813, 66, 4);30;ל;157111;(3, 11, 39, 27, 157111);41465;(3, 11, 39, 8, 41465);לאכלה;4;8;וכי ימות מן הבהמה אשר היא לכם לאכלה הנגע בנבלתה יטמא עד הערב
(232813, 66, 4);2;ב;157177;(3, 11, 40, 45, 157177);41481;(3, 11, 40, 11, 41481);יכבס;3;11;והאכל מנבלתה יכבס בגדיו וטמא עד הערב והנשא את נבלתה יכבס בגדיו וטמא עד הערב
(232813, 66, 4);30;ל;157243;(3, 11, 42, 21, 157243);41501;(3, 11, 42, 7, 41501);על;2;7;כל הולך על גחון וכל הולך על ארבע עד כל מרבה רגלים לכל השרץ השרץ על הארץ לא תאכלום כי שקץ הם
(232813, 66, 4);2;ב;157309;(3, 11, 43, 17, 157309);41521;(3, 11, 43, 5, 41521);בכל;1;5;אל תשקצו את נפשתיכם בכל השרץ השרץ ולא תטמאו בהם ונטמתם בם
(232813, 66, 4);100;ק;157375;(3, 11, 44, 37, 157375);41537;(3, 11, 44, 9, 41537);קדוש;1;9;כי אני יהוה אלהיכם והתקדשתם והייתם קדשים כי קדוש אני ולא תטמאו את נפשתיכם בכל השרץ הרמש על הארץ
(232813, 66, 4);10;י;157441;(3, 11, 45, 26, 157441);41554;(3, 11, 45, 7, 41554);מצרים;4;7;כי אני יהוה המעלה אתכם מארץ מצרים להית לכם לאלהים והייתם קדשים כי קדוש אני
(232813, 66, 4);400;ת;157507;(3, 11, 46, 32, 157507);41570;(3, 11, 46, 8, 41570);הרמשת;5;8;זאת תורת הבהמה והעוף וכל נפש החיה הרמשת במים ולכל נפש השרצת על הארץ
(232813, 66, 4);1;א;157573;(3, 11, 47, 44, 157573);41587;(3, 11, 47, 11, 41587);אשר;1;11;להבדיל בין הטמא ובין הטהר ובין החיה הנאכלת ובין החיה אשר לא תאכל
(232813, 66, 4);5;ה;157639;(3, 12, 2, 40, 157639);41605;(3, 12, 2, 11, 41605);וטמאה;5;11;דבר אל בני ישראל לאמר אשה כי תזריע וילדה זכר וטמאה שבעת ימים כימי נדת דותה תטמא
(232813, 66, 4);300;ש;157705;(3, 12, 4, 20, 157705);41621;(3, 12, 4, 5, 41621);תשב;2;5;ושלשים יום ושלשת ימים תשב בדמי טהרה בכל קדש לא תגע ואל המקדש לא תבא עד מלאת ימי טהרה
(232813, 66, 4);40;ם;157771;(3, 12, 5, 20, 157771);41640;(3, 12, 5, 5, 41640);שבעים;5;5;ואם נקבה תלד וטמאה שבעים כנדתה וששים יום וששת ימים תשב על דמי טהרה
(232813, 66, 4);400;ת;157837;(3, 12, 6, 33, 157837);41659;(3, 12, 6, 10, 41659);שנתו;3;10;ובמלאת ימי טהרה לבן או לבת תביא כבש בן שנתו לעלה ובן יונה או תר לחטאת אל פתח אהל מועד אל הכהן
(232813, 66, 4);200;ר;157903;(3, 12, 7, 27, 157903);41677;(3, 12, 7, 6, 41677);וטהרה;4;6;והקריבו לפני יהוה וכפר עליה וטהרה ממקר דמיה זאת תורת הילדת לזכר או לנקבה
(232813, 66, 4);2;ב;157969;(3, 12, 8, 34, 157969);41697;(3, 12, 8, 12, 41697);בני;1;12;ואם לא תמצא ידה די שה ולקחה שתי תרים או שני בני יונה אחד לעלה ואחד לחטאת וכפר עליה הכהן וטהרה
(232813, 66, 4);4;ד;158035;(3, 13, 2, 2, 158035);41714;(3, 13, 2, 1, 41714);אדם;2;1;אדם כי יהיה בעור בשרו שאת או ספחת או בהרת והיה בעור בשרו לנגע צרעת והובא אל אהרן הכהן או אל אחד מבניו הכהנים
(232813, 66, 4);1;א;158101;(3, 13, 2, 68, 158101);41733;(3, 13, 2, 20, 41733);או;1;20;אדם כי יהיה בעור בשרו שאת או ספחת או בהרת והיה בעור בשרו לנגע צרעת והובא אל אהרן הכהן או אל אחד מבניו הכהנים
(232813, 66, 4);40;מ;158167;(3, 13, 3, 49, 158167);41751;(3, 13, 3, 14, 41751);מעור;1;14;וראה הכהן את הנגע בעור הבשר ושער בנגע הפך לבן ומראה הנגע עמק מעור בשרו נגע צרעת הוא וראהו הכהן וטמא אתו
(232813, 66, 4);5;ה;158233;(3, 13, 4, 33, 158233);41768;(3, 13, 4, 9, 41768);מראה;4;9;ואם בהרת לבנה הוא בעור בשרו ועמק אין מראה מן העור ושערה לא הפך לבן והסגיר הכהן את הנגע שבעת ימים
(232813, 66, 4);5;ה;158299;(3, 13, 5, 23, 158299);41785;(3, 13, 5, 5, 41785);והנה;4;5;וראהו הכהן ביום השביעי והנה הנגע עמד בעיניו לא פשה הנגע בעור והסגירו הכהן שבעת ימים שנית
(232813, 66, 4);300;ש;158365;(3, 13, 6, 17, 158365);41802;(3, 13, 6, 5, 41802);השביעי;2;5;וראה הכהן אתו ביום השביעי שנית והנה כהה הנגע ולא פשה הנגע בעור וטהרו הכהן מספחת הוא וכבס בגדיו וטהר
(232813, 66, 4);40;ם;158431;(3, 13, 7, 3, 158431);41818;(3, 13, 7, 1, 41818);ואם;3;1;ואם פשה תפשה המספחת בעור אחרי הראתו אל הכהן לטהרתו ונראה שנית אל הכהן
(232813, 66, 4);80;פ;158497;(3, 13, 8, 13, 158497);41835;(3, 13, 8, 4, 41835);פשתה;1;4;וראה הכהן והנה פשתה המספחת בעור וטמאו הכהן צרעת הוא
(232813, 66, 4);6;ו;158563;(3, 13, 10, 9, 158563);41852;(3, 13, 10, 3, 41852);והנה;1;3;וראה הכהן והנה שאת לבנה בעור והיא הפכה שער לבן ומחית בשר חי בשאת
(232813, 66, 4);1;א;158629;(3, 13, 11, 24, 158629);41869;(3, 13, 11, 6, 41869);וטמאו;4;6;צרעת נושנת הוא בעור בשרו וטמאו הכהן לא יסגרנו כי טמא הוא
(232813, 66, 4);300;ש;158695;(3, 13, 12, 45, 158695);41887;(3, 13, 12, 12, 41887);מראשו;4;12;ואם פרוח תפרח הצרעת בעור וכסתה הצרעת את כל עור הנגע מראשו ועד רגליו לכל מראה עיני הכהן
(232813, 66, 4);6;ו;158761;(3, 13, 13, 42, 158761);41905;(3, 13, 13, 12, 41905);כלו;3;12;וראה הכהן והנה כסתה הצרעת את כל בשרו וטהר את הנגע כלו הפך לבן טהור הוא
(232813, 66, 4);1;א;158827;(3, 13, 15, 32, 158827);41924;(3, 13, 15, 9, 41924);טמא;3;9;וראה הכהן את הבשר החי וטמאו הבשר החי טמא הוא צרעת הוא
(232813, 66, 4);30;ל;158893;(3, 13, 17, 23, 158893);41943;(3, 13, 17, 6, 41943);ללבן;2;6;וראהו הכהן והנה נהפך הנגע ללבן וטהר הכהן את הנגע טהור הוא
(232813, 66, 4);30;ל;158959;(3, 13, 19, 18, 158959);41961;(3, 13, 19, 5, 41961);לבנה;1;5;והיה במקום השחין שאת לבנה או בהרת לבנה אדמדמת ונראה אל הכהן
(232813, 66, 4);50;ן;159025;(3, 13, 20, 36, 159025);41978;(3, 13, 20, 10, 41978);לבן;3;10;וראה הכהן והנה מראה שפל מן העור ושערה הפך לבן וטמאו הכהן נגע צרעת הוא בשחין פרחה
(232813, 66, 4);40;מ;159091;(3, 13, 21, 38, 159091);41996;(3, 13, 21, 11, 41996);מן;1;11;ואם יראנה הכהן והנה אין בה שער לבן ושפלה איננה מן העור והיא כהה והסגירו הכהן שבעת ימים
(232813, 66, 4);400;ת;159157;(3, 13, 23, 4, 159157);42014;(3, 13, 23, 2, 42014);תחתיה;1;2;ואם תחתיה תעמד הבהרת לא פשתה צרבת השחין הוא וטהרו הכהן
(232813, 66, 4);5;ה;159223;(3, 13, 24, 26, 159223);42031;(3, 13, 24, 8, 42031);והיתה;5;8;או בשר כי יהיה בערו מכות אש והיתה מחית המכוה בהרת לבנה אדמדמת או לבנה
(232813, 66, 4);40;מ;159289;(3, 13, 25, 37, 159289);42048;(3, 13, 25, 10, 42048);עמק;2;10;וראה אתה הכהן והנה נהפך שער לבן בבהרת ומראה עמק מן העור צרעת הוא במכוה פרחה וטמא אתו הכהן נגע צרעת הוא
(232813, 66, 4);5;ה;159355;(3, 13, 26, 22, 159355);42066;(3, 13, 26, 6, 42066);בבהרת;3;6;ואם יראנה הכהן והנה אין בבהרת שער לבן ושפלה איננה מן העור והוא כהה והסגירו הכהן שבעת ימים
(232813, 66, 4);2;ב;159421;(3, 13, 27, 16, 159421);42082;(3, 13, 27, 4, 42082);השביעי;3;4;וראהו הכהן ביום השביעי אם פשה תפשה בעור וטמא הכהן אתו נגע צרעת הוא
(232813, 66, 4);5;ה;159487;(3, 13, 28, 29, 159487);42100;(3, 13, 28, 8, 42100);והוא;2;8;ואם תחתיה תעמד הבהרת לא פשתה בעור והוא כהה שאת המכוה הוא וטהרו הכהן כי צרבת המכוה הוא
(232813, 66, 4);2;ב;159553;(3, 13, 29, 27, 159553);42120;(3, 13, 29, 10, 42120);בזקן;1;10;ואיש או אשה כי יהיה בו נגע בראש או בזקן
(232813, 66, 4);70;ע;159619;(3, 13, 30, 63, 159619);42139;(3, 13, 30, 19, 42139);צרעת;3;19;וראה הכהן את הנגע והנה מראהו עמק מן העור ובו שער צהב דק וטמא אתו הכהן נתק הוא צרעת הראש או הזקן הוא
(232813, 66, 4);2;ב;159685;(3, 13, 31, 52, 159685);42159;(3, 13, 31, 16, 42159);בו;1;16;וכי יראה הכהן את נגע הנתק והנה אין מראהו עמק מן העור ושער שחר אין בו והסגיר הכהן את נגע הנתק שבעת ימים
(232813, 66, 4);6;ו;159751;(3, 13, 32, 38, 159751);42177;(3, 13, 32, 11, 42177);ולא;1;11;וראה הכהן את הנגע ביום השביעי והנה לא פשה הנתק ולא היה בו שער צהב ומראה הנתק אין עמק מן העור
(232813, 66, 4);5;ה;159817;(3, 13, 33, 32, 159817);42196;(3, 13, 33, 9, 42196);הנתק;1;9;והתגלח ואת הנתק לא יגלח והסגיר הכהן את הנתק שבעת ימים שנית
(232813, 66, 4);50;נ;159883;(3, 13, 34, 51, 159883);42212;(3, 13, 34, 13, 42212);איננו;4;13;וראה הכהן את הנתק ביום השביעי והנה לא פשה הנתק בעור ומראהו איננו עמק מן העור וטהר אתו הכהן וכבס בגדיו וטהר
(232813, 66, 4);6;ו;159949;(3, 13, 36, 5, 159949);42229;(3, 13, 36, 1, 42229);וראהו;5;1;וראהו הכהן והנה פשה הנתק בעור לא יבקר הכהן לשער הצהב טמא הוא
(232813, 66, 4);200;ר;160015;(3, 13, 37, 23, 160015);42247;(3, 13, 37, 6, 42247);שחר;3;6;ואם בעיניו עמד הנתק ושער שחר צמח בו נרפא הנתק טהור הוא וטהרו הכהן
(232813, 66, 4);200;ר;160081;(3, 13, 39, 2, 160081);42266;(3, 13, 39, 1, 42266);וראה;2;1;וראה הכהן והנה בעור בשרם בהרת כהות לבנת בהק הוא פרח בעור טהור הוא
(232813, 66, 4);200;ר;160147;(3, 13, 40, 16, 160147);42284;(3, 13, 40, 5, 42284);קרח;2;5;ואיש כי ימרט ראשו קרח הוא טהור הוא
(232813, 66, 4);30;ל;160213;(3, 13, 42, 23, 160213);42303;(3, 13, 42, 7, 42303);לבן;1;7;וכי יהיה בקרחת או בגבחת נגע לבן אדמדם צרעת פרחת הוא בקרחתו או בגבחתו
(232813, 66, 4);100;ק;160279;(3, 13, 43, 34, 160279);42319;(3, 13, 43, 9, 42319);בקרחתו;2;9;וראה אתו הכהן והנה שאת הנגע לבנה אדמדמת בקרחתו או בגבחתו כמראה צרעת עור בשר
(232813, 66, 4);6;ו;160345;(3, 13, 45, 1, 160345);42336;(3, 13, 45, 1, 42336);והצרוע;1;1;והצרוע אשר בו הנגע בגדיו יהיו פרמים וראשו יהיה פרוע ועל שפם יעטה וטמא טמא יקרא
(232813, 66, 4);40;מ;160411;(3, 13, 46, 4, 160411);42353;(3, 13, 46, 2, 42353);ימי;2;2;כל ימי אשר הנגע בו יטמא טמא הוא בדד ישב מחוץ למחנה מושבו
(232813, 66, 4);40;מ;160477;(3, 13, 47, 26, 160477);42372;(3, 13, 47, 8, 42372);צמר;2;8;והבגד כי יהיה בו נגע צרעת בבגד צמר או בבגד פשתים
(232813, 66, 4);200;ר;160543;(3, 13, 49, 12, 160543);42390;(3, 13, 49, 3, 42390);ירקרק;4;3;והיה הנגע ירקרק או אדמדם בבגד או בעור או בשתי או בערב או בכל כלי עור נגע צרעת הוא והראה את הכהן
(232813, 66, 4);5;ה;160609;(3, 13, 50, 4, 160609);42410;(3, 13, 50, 1, 42410);וראה;4;1;וראה הכהן את הנגע והסגיר את הנגע שבעת ימים
(232813, 66, 4);2;ב;160675;(3, 13, 51, 36, 160675);42429;(3, 13, 51, 11, 42429);בשתי;1;11;וראה את הנגע ביום השביעי כי פשה הנגע בבגד או בשתי או בערב או בעור לכל אשר יעשה העור למלאכה צרעת ממארת הנגע טמא הוא
(232813, 66, 4);6;ו;160741;(3, 13, 52, 12, 160741);42447;(3, 13, 52, 4, 42447);או;2;4;ושרף את הבגד או את השתי או את הערב בצמר או בפשתים או את כל כלי העור אשר יהיה בו הנגע כי צרעת ממארת הוא באש תשרף
(232813, 66, 4);1;א;160807;(3, 13, 52, 78, 160807);42468;(3, 13, 52, 25, 42468);הוא;3;25;ושרף את הבגד או את השתי או את הערב בצמר או בפשתים או את כל כלי העור אשר יהיה בו הנגע כי צרעת ממארת הוא באש תשרף
(232813, 66, 4);50;ן;160873;(3, 13, 54, 8, 160873);42488;(3, 13, 54, 2, 42488);הכהן;4;2;וצוה הכהן וכבסו את אשר בו הנגע והסגירו שבעת ימים שנית
(232813, 66, 4);20;ך;160939;(3, 13, 55, 31, 160939);42506;(3, 13, 55, 9, 42506);הפך;3;9;וראה הכהן אחרי הכבס את הנגע והנה לא הפך הנגע את עינו והנגע לא פשה טמא הוא באש תשרפנו פחתת הוא בקרחתו או בגבחתו
(232813, 66, 4);50;ן;161005;(3, 13, 56, 10, 161005);42524;(3, 13, 56, 3, 42524);הכהן;4;3;ואם ראה הכהן והנה כהה הנגע אחרי הכבס אתו וקרע אתו מן הבגד או מן העור או מן השתי או מן הערב
(232813, 66, 4);5;ה;161071;(3, 13, 57, 7, 161071);42545;(3, 13, 57, 2, 42545);תראה;4;2;ואם תראה עוד בבגד או בשתי או בערב או בכל כלי עור פרחת הוא באש תשרפנו את אשר בו הנגע
(232813, 66, 4);300;ש;161137;(3, 13, 58, 9, 161137);42566;(3, 13, 58, 3, 42566);השתי;2;3;והבגד או השתי או הערב או כל כלי העור אשר תכבס וסר מהם הנגע וכבס שנית וטהר
(232813, 66, 4);5;ה;161203;(3, 13, 59, 18, 161203);42586;(3, 13, 59, 6, 42586);הצמר;1;6;זאת תורת נגע צרעת בגד הצמר או הפשתים או השתי או הערב או כל כלי עור לטהרו או לטמאו
(232813, 66, 4);400;ת;161269;(3, 14, 2, 3, 161269);42605;(3, 14, 2, 1, 42605);זאת;3;1;זאת תהיה תורת המצרע ביום טהרתו והובא אל הכהן
(232813, 66, 4);200;ר;161335;(3, 14, 3, 33, 161335);42622;(3, 14, 3, 9, 42622);נרפא;2;9;ויצא הכהן אל מחוץ למחנה וראה הכהן והנה נרפא נגע הצרעת מן הצרוע
(232813, 66, 4);400;ת;161401;(3, 14, 4, 49, 161401);42638;(3, 14, 4, 12, 42638);תולעת;5;12;וצוה הכהן ולקח למטהר שתי צפרים חיות טהרות ועץ ארז ושני תולעת ואזב
(232813, 66, 4);5;ה;161467;(3, 14, 6, 22, 161467);42659;(3, 14, 6, 8, 42659);הארז;1;8;את הצפר החיה יקח אתה ואת עץ הארז ואת שני התולעת ואת האזב וטבל אותם ואת הצפר החיה בדם הצפר השחטה על המים החיים
(232813, 66, 4);5;ה;161533;(3, 14, 7, 2, 161533);42676;(3, 14, 7, 1, 42676);והזה;2;1;והזה על המטהר מן הצרעת שבע פעמים וטהרו ושלח את הצפר החיה על פני השדה
(232813, 66, 4);4;ד;161599;(3, 14, 8, 14, 161599);42694;(3, 14, 8, 4, 42694);בגדיו;3;4;וכבס המטהר את בגדיו וגלח את כל שערו ורחץ במים וטהר ואחר יבוא אל המחנה וישב מחוץ לאהלו שבעת ימים
(232813, 66, 4);5;ה;161665;(3, 14, 9, 4, 161665);42711;(3, 14, 9, 1, 42711);והיה;4;1;והיה ביום השביעי יגלח את כל שערו את ראשו ואת זקנו ואת גבת עיניו ואת כל שערו יגלח וכבס את בגדיו ורחץ את בשרו במים וטהר
(232813, 66, 4);2;ב;161731;(3, 14, 9, 70, 161731);42731;(3, 14, 9, 21, 42731);בגדיו;1;21;והיה ביום השביעי יגלח את כל שערו את ראשו ואת זקנו ואת גבת עיניו ואת כל שערו יגלח וכבס את בגדיו ורחץ את בשרו במים וטהר
(232813, 66, 4);10;י;161797;(3, 14, 10, 44, 161797);42747;(3, 14, 10, 11, 42747);תמימה;3;11;וביום השמיני יקח שני כבשים תמימם וכבשה אחת בת שנתה תמימה ושלשה עשרנים סלת מנחה בלולה בשמן ולג אחד שמן
(232813, 66, 4);1;א;161863;(3, 14, 11, 28, 161863);42763;(3, 14, 11, 7, 42763);ואתם;2;7;והעמיד הכהן המטהר את האיש המטהר ואתם לפני יהוה פתח אהל מועד
(232813, 66, 4);1;א;161929;(3, 14, 12, 46, 161929);42781;(3, 14, 12, 13, 42781);אתם;1;13;ולקח הכהן את הכבש האחד והקריב אתו לאשם ואת לג השמן והניף אתם תנופה לפני יהוה
(232813, 66, 4);1;א;161995;(3, 14, 13, 51, 161995);42798;(3, 14, 13, 14, 42798);כחטאת;4;14;ושחט את הכבש במקום אשר ישחט את החטאת ואת העלה במקום הקדש כי כחטאת האשם הוא לכהן קדש קדשים הוא
(232813, 66, 4);400;ת;162061;(3, 14, 14, 43, 162061);42815;(3, 14, 14, 11, 42815);הימנית;6;11;ולקח הכהן מדם האשם ונתן הכהן על תנוך אזן המטהר הימנית ועל בהן ידו הימנית ועל בהן רגלו הימנית
(232813, 66, 4);6;ו;162127;(3, 14, 16, 1, 162127);42833;(3, 14, 16, 1, 42833);וטבל;1;1;וטבל הכהן את אצבעו הימנית מן השמן אשר על כפו השמאלית והזה מן השמן באצבעו שבע פעמים לפני יהוה
(232813, 66, 4);30;ל;162193;(3, 14, 16, 67, 162193);42850;(3, 14, 16, 18, 42850);לפני;1;18;וטבל הכהן את אצבעו הימנית מן השמן אשר על כפו השמאלית והזה מן השמן באצבעו שבע פעמים לפני יהוה
(232813, 66, 4);400;ת;162259;(3, 14, 17, 59, 162259);42867;(3, 14, 17, 16, 42867);הימנית;6;16;ומיתר השמן אשר על כפו יתן הכהן על תנוך אזן המטהר הימנית ועל בהן ידו הימנית ועל בהן רגלו הימנית על דם האשם
(232813, 66, 4);6;ו;162325;(3, 14, 18, 42, 162325);42886;(3, 14, 18, 12, 42886);עליו;4;12;והנותר בשמן אשר על כף הכהן יתן על ראש המטהר וכפר עליו הכהן לפני יהוה
(232813, 66, 4);5;ה;162391;(3, 14, 20, 8, 162391);42903;(3, 14, 20, 2, 42903);הכהן;3;2;והעלה הכהן את העלה ואת המנחה המזבחה וכפר עליו הכהן וטהר
(232813, 66, 4);4;ד;162457;(3, 14, 21, 29, 162457);42921;(3, 14, 21, 9, 42921);אחד;3;9;ואם דל הוא ואין ידו משגת ולקח כבש אחד אשם לתנופה לכפר עליו ועשרון סלת אחד בלול בשמן למנחה ולג שמן
(232813, 66, 4);6;ו;162523;(3, 14, 22, 18, 162523);42939;(3, 14, 22, 6, 42939);יונה;2;6;ושתי תרים או שני בני יונה אשר תשיג ידו והיה אחד חטאת והאחד עלה
(232813, 66, 4);8;ח;162589;(3, 14, 23, 35, 162589);42956;(3, 14, 23, 9, 42956);פתח;3;9;והביא אתם ביום השמיני לטהרתו אל הכהן אל פתח אהל מועד לפני יהוה
(232813, 66, 4);5;ה;162655;(3, 14, 24, 51, 162655);42974;(3, 14, 24, 14, 42974);יהוה;4;14;ולקח הכהן את כבש האשם ואת לג השמן והניף אתם הכהן תנופה לפני יהוה
(232813, 66, 4);10;י;162721;(3, 14, 25, 66, 162721);42992;(3, 14, 25, 18, 42992);הימנית;5;18;ושחט את כבש האשם ולקח הכהן מדם האשם ונתן על תנוך אזן המטהר הימנית ועל בהן ידו הימנית ועל בהן רגלו הימנית
(232813, 66, 4);400;ת;162787;(3, 14, 27, 20, 162787);43008;(3, 14, 27, 4, 43008);הימנית;6;4;והזה הכהן באצבעו הימנית מן השמן אשר על כפו השמאלית שבע פעמים לפני יהוה
(232813, 66, 4);1;א;162853;(3, 14, 28, 29, 162853);43028;(3, 14, 28, 10, 43028);אזן;1;10;ונתן הכהן מן השמן אשר על כפו על תנוך אזן המטהר הימנית ועל בהן ידו הימנית ועל בהן רגלו הימנית על מקום דם האשם
(232813, 66, 4);300;ש;162919;(3, 14, 29, 10, 162919);43045;(3, 14, 29, 3, 43045);השמן;2;3;והנותר מן השמן אשר על כף הכהן יתן על ראש המטהר לכפר עליו לפני יהוה
(232813, 66, 4);10;י;162985;(3, 14, 30, 24, 162985);43065;(3, 14, 30, 8, 43065);בני;3;8;ועשה את האחד מן התרים או מן בני היונה מאשר תשיג ידו
(232813, 66, 4);5;ה;163051;(3, 14, 31, 50, 163051);43085;(3, 14, 31, 16, 43085);המטהר;1;16;את אשר תשיג ידו את האחד חטאת ואת האחד עלה על המנחה וכפר הכהן על המטהר לפני יהוה
(232813, 66, 4);30;ל;163117;(3, 14, 33, 17, 163117);43103;(3, 14, 33, 5, 43103);ואל;3;5;וידבר יהוה אל משה ואל אהרן לאמר
(232813, 66, 4);6;ו;163183;(3, 14, 35, 1, 163183);43122;(3, 14, 35, 1, 43122);ובא;1;1;ובא אשר לו הבית והגיד לכהן לאמר כנגע נראה לי בבית
(232813, 66, 4);5;ה;163249;(3, 14, 36, 28, 163249);43140;(3, 14, 36, 8, 43140);הכהן;3;8;וצוה הכהן ופנו את הבית בטרם יבא הכהן לראות את הנגע ולא יטמא כל אשר בבית ואחר כן יבא הכהן לראות את הבית
(232813, 66, 4);5;ה;163315;(3, 14, 37, 14, 163315);43159;(3, 14, 37, 4, 43159);והנה;4;4;וראה את הנגע והנה הנגע בקירת הבית שקערורת ירקרקת או אדמדמת ומראיהן שפל מן הקיר
(232813, 66, 4);30;ל;163381;(3, 14, 38, 16, 163381);43175;(3, 14, 38, 5, 43175);אל;2;5;ויצא הכהן מן הבית אל פתח הבית והסגיר את הבית שבעת ימים
(232813, 66, 4);2;ב;163447;(3, 14, 39, 39, 163447);43192;(3, 14, 39, 10, 43192);הבית;2;10;ושב הכהן ביום השביעי וראה והנה פשה הנגע בקירת הבית
(232813, 66, 4);400;ת;163513;(3, 14, 41, 3, 163513);43209;(3, 14, 41, 1, 43209);ואת;3;1;ואת הבית יקצע מבית סביב ושפכו את העפר אשר הקצו אל מחוץ לעיר אל מקום טמא
(232813, 66, 4);200;ר;163579;(3, 14, 42, 13, 163579);43227;(3, 14, 42, 3, 43227);אחרות;3;3;ולקחו אבנים אחרות והביאו אל תחת האבנים ועפר אחר יקח וטח את הבית
(232813, 66, 4);5;ה;163645;(3, 14, 43, 28, 163645);43246;(3, 14, 43, 9, 43246);האבנים;1;9;ואם ישוב הנגע ופרח בבית אחר חלץ את האבנים ואחרי הקצות את הבית ואחרי הטוח
(232813, 66, 4);5;ה;163711;(3, 14, 44, 36, 163711);43262;(3, 14, 44, 10, 43262);הוא;1;10;ובא הכהן וראה והנה פשה הנגע בבית צרעת ממארת הוא בבית טמא הוא
(232813, 66, 4);30;ל;163777;(3, 14, 45, 54, 163777);43281;(3, 14, 45, 16, 43281);אל;2;16;ונתץ את הבית את אבניו ואת עציו ואת כל עפר הבית והוציא אל מחוץ לעיר אל מקום טמא
(232813, 66, 4);2;ב;163843;(3, 14, 47, 26, 163843);43300;(3, 14, 47, 7, 43300);בבית;1;7;והשכב בבית יכבס את בגדיו והאכל בבית יכבס את בגדיו
(232813, 66, 4);20;כ;163909;(3, 14, 48, 52, 163909);43319;(3, 14, 48, 16, 43319);הכהן;2;16;ואם בא יבא הכהן וראה והנה לא פשה הנגע בבית אחרי הטח את הבית וטהר הכהן את הבית כי נרפא הנגע
(232813, 66, 4);5;ה;163975;(3, 14, 50, 7, 163975);43338;(3, 14, 50, 3, 43338);הצפר;1;3;ושחט את הצפר האחת אל כלי חרש על מים חיים
(232813, 66, 4);5;ה;164041;(3, 14, 51, 42, 164041);43357;(3, 14, 51, 12, 43357);החיה;4;12;ולקח את עץ הארז ואת האזב ואת שני התולעת ואת הצפר החיה וטבל אתם בדם הצפר השחוטה ובמים החיים והזה אל הבית שבע פעמים
(232813, 66, 4);200;ר;164107;(3, 14, 52, 18, 164107);43374;(3, 14, 52, 5, 43374);הצפור;5;5;וחטא את הבית בדם הצפור ובמים החיים ובצפר החיה ובעץ הארז ובאזב ובשני התולעת
(232813, 66, 4);10;י;164173;(3, 14, 53, 23, 164173);43390;(3, 14, 53, 7, 43390);לעיר;3;7;ושלח את הצפר החיה אל מחוץ לעיר אל פני השדה וכפר על הבית וטהר
(232813, 66, 4);300;ש;164239;(3, 14, 56, 3, 164239);43407;(3, 14, 56, 1, 43407);ולשאת;3;1;ולשאת ולספחת ולבהרת
(232813, 66, 4);1;א;164305;(3, 15, 1, 18, 164305);43423;(3, 15, 1, 6, 43423);אהרן;1;6;וידבר יהוה אל משה ואל אהרן לאמר
(232813, 66, 4);5;ה;164371;(3, 15, 3, 6, 164371);43441;(3, 15, 3, 2, 43441);תהיה;2;2;וזאת תהיה טמאתו בזובו רר בשרו את זובו או החתים בשרו מזובו טמאתו הוא
(232813, 66, 4);6;ו;164437;(3, 15, 4, 18, 164437);43458;(3, 15, 4, 5, 43458);עליו;4;5;כל המשכב אשר ישכב עליו הזב יטמא וכל הכלי אשר ישב עליו יטמא
(232813, 66, 4);70;ע;164503;(3, 15, 5, 38, 164503);43476;(3, 15, 5, 10, 43476);עד;1;10;ואיש אשר יגע במשכבו יכבס בגדיו ורחץ במים וטמא עד הערב
(232813, 66, 4);5;ה;164569;(3, 15, 7, 10, 164569);43494;(3, 15, 7, 3, 43494);הזב;1;3;והנגע בבשר הזב יכבס בגדיו ורחץ במים וטמא עד הערב
(232813, 66, 4);4;ד;164635;(3, 15, 8, 37, 164635);43511;(3, 15, 8, 10, 43511);עד;2;10;וכי ירק הזב בטהור וכבס בגדיו ורחץ במים וטמא עד הערב
(232813, 66, 4);6;ו;164701;(3, 15, 10, 36, 164701);43529;(3, 15, 10, 10, 43529);והנושא;4;10;וכל הנגע בכל אשר יהיה תחתיו יטמא עד הערב והנושא אותם יכבס בגדיו ורחץ במים וטמא עד הערב
(232813, 66, 4);2;ב;164767;(3, 15, 11, 33, 164767);43548;(3, 15, 11, 11, 43548);בגדיו;1;11;וכל אשר יגע בו הזב וידיו לא שטף במים וכבס בגדיו ורחץ במים וטמא עד הערב
(232813, 66, 4);5;ה;164833;(3, 15, 13, 6, 164833);43567;(3, 15, 13, 2, 43567);יטהר;3;2;וכי יטהר הזב מזובו וספר לו שבעת ימים לטהרתו וכבס בגדיו ורחץ בשרו במים חיים וטהר
(232813, 66, 4);40;מ;164899;(3, 15, 14, 8, 164899);43583;(3, 15, 14, 2, 43583);השמיני;3;2;וביום השמיני יקח לו שתי תרים או שני בני יונה ובא לפני יהוה אל פתח אהל מועד ונתנם אל הכהן
(232813, 66, 4);1;א;164965;(3, 15, 15, 5, 164965);43603;(3, 15, 15, 2, 43603);אתם;1;2;ועשה אתם הכהן אחד חטאת והאחד עלה וכפר עליו הכהן לפני יהוה מזובו
(232813, 66, 4);70;ע;165031;(3, 15, 16, 20, 165031);43620;(3, 15, 16, 6, 43620);זרע;3;6;ואיש כי תצא ממנו שכבת זרע ורחץ במים את כל בשרו וטמא עד הערב
(232813, 66, 4);9;ט;165097;(3, 15, 17, 40, 165097);43640;(3, 15, 17, 12, 43640);וטמא;2;12;וכל בגד וכל עור אשר יהיה עליו שכבת זרע וכבס במים וטמא עד הערב
(232813, 66, 4);4;ד;165163;(3, 15, 19, 14, 165163);43659;(3, 15, 19, 5, 43659);דם;1;5;ואשה כי תהיה זבה דם יהיה זבה בבשרה שבעת ימים תהיה בנדתה וכל הנגע בה יטמא עד הערב
(232813, 66, 4);4;ד;165229;(3, 15, 20, 17, 165229);43677;(3, 15, 20, 5, 43677);בנדתה;3;5;וכל אשר תשכב עליו בנדתה יטמא וכל אשר תשב עליו יטמא
(232813, 66, 4);30;ל;165295;(3, 15, 22, 3, 165295);43694;(3, 15, 22, 1, 43694);וכל;3;1;וכל הנגע בכל כלי אשר תשב עליו יכבס בגדיו ורחץ במים וטמא עד הערב
(232813, 66, 4);20;כ;165361;(3, 15, 23, 19, 165361);43714;(3, 15, 23, 7, 43714);הכלי;2;7;ואם על המשכב הוא או על הכלי אשר הוא ישבת עליו בנגעו בו יטמא עד הערב
(232813, 66, 4);300;ש;165427;(3, 15, 24, 33, 165427);43733;(3, 15, 24, 10, 43733);שבעת;1;10;ואם שכב ישכב איש אתה ותהי נדתה עליו וטמא שבעת ימים וכל המשכב אשר ישכב עליו יטמא
(232813, 66, 4);20;כ;165493;(3, 15, 25, 36, 165493);43752;(3, 15, 25, 12, 43752);כי;1;12;ואשה כי יזוב זוב דמה ימים רבים בלא עת נדתה או כי תזוב על נדתה כל ימי זוב טמאתה כימי נדתה תהיה טמאה הוא
(232813, 66, 4);10;י;165559;(3, 15, 26, 23, 165559);43771;(3, 15, 26, 7, 43771);ימי;3;7;כל המשכב אשר תשכב עליו כל ימי זובה כמשכב נדתה יהיה לה וכל הכלי אשר תשב עליו טמא יהיה כטמאת נדתה
(232813, 66, 4);1;א;165625;(3, 15, 27, 14, 165625);43789;(3, 15, 27, 4, 43789);יטמא;4;4;וכל הנוגע בם יטמא וכבס בגדיו ורחץ במים וטמא עד הערב
(232813, 66, 4);6;ו;165691;(3, 15, 29, 4, 165691);43806;(3, 15, 29, 1, 43806);וביום;4;1;וביום השמיני תקח לה שתי תרים או שני בני יונה והביאה אותם אל הכהן אל פתח אהל מועד
(232813, 66, 4);5;ה;165757;(3, 15, 30, 7, 165757);43825;(3, 15, 30, 2, 43825);הכהן;3;2;ועשה הכהן את האחד חטאת ואת האחד עלה וכפר עליה הכהן לפני יהוה מזוב טמאתה
(232813, 66, 4);30;ל;165823;(3, 15, 31, 16, 165823);43842;(3, 15, 31, 4, 43842);ישראל;5;4;והזרתם את בני ישראל מטמאתם ולא ימתו בטמאתם בטמאם את משכני אשר בתוכם
(232813, 66, 4);200;ר;165889;(3, 15, 32, 27, 165889);43859;(3, 15, 32, 8, 43859);זרע;2;8;זאת תורת הזב ואשר תצא ממנו שכבת זרע לטמאה בה
(232813, 66, 4);1;א;165955;(3, 16, 1, 10, 165955);43876;(3, 16, 1, 3, 43876);אל;1;3;וידבר יהוה אל משה אחרי מות שני בני אהרן בקרבתם לפני יהוה וימתו
(232813, 66, 4);10;י;166021;(3, 16, 2, 26, 166021);43894;(3, 16, 2, 8, 43894);אחיך;3;8;ויאמר יהוה אל משה דבר אל אהרן אחיך ואל יבא בכל עת אל הקדש מבית לפרכת אל פני הכפרת אשר על הארן ולא ימות כי בענן אראה על הכפרת
(232813, 66, 4);5;ה;166087;(3, 16, 2, 92, 166087);43915;(3, 16, 2, 29, 43915);הכפרת;1;29;ויאמר יהוה אל משה דבר אל אהרן אחיך ואל יבא בכל עת אל הקדש מבית לפרכת אל פני הכפרת אשר על הארן ולא ימות כי בענן אראה על הכפרת
(232813, 66, 4);10;י;166153;(3, 16, 4, 24, 166153);43933;(3, 16, 4, 7, 43933);יהיו;3;7;כתנת בד קדש ילבש ומכנסי בד יהיו על בשרו ובאבנט בד יחגר ובמצנפת בד יצנף בגדי קדש הם ורחץ במים את בשרו ולבשם
(232813, 66, 4);4;ד;166219;(3, 16, 5, 6, 166219);43951;(3, 16, 5, 2, 43951);עדת;2;2;ומאת עדת בני ישראל יקח שני שעירי עזים לחטאת ואיל אחד לעלה
(232813, 66, 4);20;כ;166285;(3, 16, 6, 26, 166285);43969;(3, 16, 6, 8, 43969);וכפר;2;8;והקריב אהרן את פר החטאת אשר לו וכפר בעדו ובעד ביתו
(232813, 66, 4);30;ל;166351;(3, 16, 8, 10, 166351);43986;(3, 16, 8, 3, 43986);על;2;3;ונתן אהרן על שני השעירם גרלות גורל אחד ליהוה וגורל אחד לעזאזל
(232813, 66, 4);10;י;166417;(3, 16, 9, 26, 166417);44002;(3, 16, 9, 7, 44002);עליו;3;7;והקריב אהרן את השעיר אשר עלה עליו הגורל ליהוה ועשהו חטאת
(232813, 66, 4);70;ע;166483;(3, 16, 10, 46, 166483);44018;(3, 16, 10, 12, 44018);עליו;1;12;והשעיר אשר עלה עליו הגורל לעזאזל יעמד חי לפני יהוה לכפר עליו לשלח אתו לעזאזל המדברה
(232813, 66, 4);9;ט;166549;(3, 16, 11, 44, 166549);44034;(3, 16, 11, 12, 44034);ושחט;4;12;והקריב אהרן את פר החטאת אשר לו וכפר בעדו ובעד ביתו ושחט את פר החטאת אשר לו
(232813, 66, 4);40;ם;166615;(3, 16, 12, 52, 166615);44052;(3, 16, 12, 13, 44052);סמים;4;13;ולקח מלא המחתה גחלי אש מעל המזבח מלפני יהוה ומלא חפניו קטרת סמים דקה והביא מבית לפרכת
(232813, 66, 4);5;ה;166681;(3, 16, 13, 49, 166681);44071;(3, 16, 13, 15, 44071);העדות;1;15;ונתן את הקטרת על האש לפני יהוה וכסה ענן הקטרת את הכפרת אשר על העדות ולא ימות
(232813, 66, 4);40;ם;166747;(3, 16, 14, 55, 166747);44087;(3, 16, 14, 14, 44087);פעמים;5;14;ולקח מדם הפר והזה באצבעו על פני הכפרת קדמה ולפני הכפרת יזה שבע פעמים מן הדם באצבעו
(232813, 66, 4);200;ר;166813;(3, 16, 15, 55, 166813);44106;(3, 16, 15, 16, 44106);כאשר;4;16;ושחט את שעיר החטאת אשר לעם והביא את דמו אל מבית לפרכת ועשה את דמו כאשר עשה לדם הפר והזה אתו על הכפרת ולפני הכפרת
(232813, 66, 4);20;כ;166879;(3, 16, 16, 33, 166879);44123;(3, 16, 16, 8, 44123);לכל;2;8;וכפר על הקדש מטמאת בני ישראל ומפשעיהם לכל חטאתם וכן יעשה לאהל מועד השכן אתם בתוך טמאתם
(232813, 66, 4);2;ב;166945;(3, 16, 17, 29, 166945);44141;(3, 16, 17, 9, 44141);בקדש;1;9;וכל אדם לא יהיה באהל מועד בבאו לכפר בקדש עד צאתו וכפר בעדו ובעד ביתו ובעד כל קהל ישראל
(232813, 66, 4);70;ע;167011;(3, 16, 18, 27, 167011);44159;(3, 16, 18, 8, 44159);עליו;1;8;ויצא אל המזבח אשר לפני יהוה וכפר עליו ולקח מדם הפר ומדם השעיר ונתן על קרנות המזבח סביב
(232813, 66, 4);70;ע;167077;(3, 16, 19, 24, 167077);44176;(3, 16, 19, 7, 44176);פעמים;2;7;והזה עליו מן הדם באצבעו שבע פעמים וטהרו וקדשו מטמאת בני ישראל
(232813, 66, 4);400;ת;167143;(3, 16, 20, 40, 167143);44192;(3, 16, 20, 11, 44192);את;2;11;וכלה מכפר את הקדש ואת אהל מועד ואת המזבח והקריב את השעיר החי
(232813, 66, 4);400;ת;167209;(3, 16, 21, 58, 167209);44211;(3, 16, 21, 17, 44211);ואת;3;17;וסמך אהרן את שתי ידו על ראש השעיר החי והתודה עליו את כל עונת בני ישראל ואת כל פשעיהם לכל חטאתם ונתן אתם על ראש השעיר ושלח ביד איש עתי המדברה
(232813, 66, 4);1;א;167275;(3, 16, 22, 14, 167275);44229;(3, 16, 22, 4, 44229);את;1;4;ונשא השעיר עליו את כל עונתם אל ארץ גזרה ושלח את השעיר במדבר
(232813, 66, 4);30;ל;167341;(3, 16, 23, 33, 167341);44249;(3, 16, 23, 11, 44249);לבש;1;11;ובא אהרן אל אהל מועד ופשט את בגדי הבד אשר לבש בבאו אל הקדש והניחם שם
(232813, 66, 4);30;ל;167407;(3, 16, 24, 46, 167407);44267;(3, 16, 24, 13, 44267);עלתו;2;13;ורחץ את בשרו במים במקום קדוש ולבש את בגדיו ויצא ועשה את עלתו ואת עלת העם וכפר בעדו ובעד העם
(232813, 66, 4);7;ז;167473;(3, 16, 26, 18, 167473);44283;(3, 16, 26, 4, 44283);לעזאזל;5;4;והמשלח את השעיר לעזאזל יכבס בגדיו ורחץ את בשרו במים ואחרי כן יבוא אל המחנה
(232813, 66, 4);300;ש;167539;(3, 16, 27, 24, 167539);44301;(3, 16, 27, 7, 44301);אשר;2;7;ואת פר החטאת ואת שעיר החטאת אשר הובא את דמם לכפר בקדש יוציא אל מחוץ למחנה ושרפו באש את ערתם ואת בשרם ואת פרשם
(232813, 66, 4);200;ר;167605;(3, 16, 28, 4, 167605);44319;(3, 16, 28, 1, 44319);והשרף;4;1;והשרף אתם יכבס בגדיו ורחץ את בשרו במים ואחרי כן יבוא אל המחנה
(232813, 66, 4);5;ה;167671;(3, 16, 29, 21, 167671);44337;(3, 16, 29, 6, 44337);השביעי;1;6;והיתה לכם לחקת עולם בחדש השביעי בעשור לחדש תענו את נפשתיכם וכל מלאכה לא תעשו האזרח והגר הגר בתוככם
(232813, 66, 4);5;ה;167737;(3, 16, 30, 7, 167737);44353;(3, 16, 30, 3, 44353);הזה;1;3;כי ביום הזה יכפר עליכם לטהר אתכם מכל חטאתיכם לפני יהוה תטהרו
(232813, 66, 4);80;פ;167803;(3, 16, 31, 24, 167803);44369;(3, 16, 31, 7, 44369);נפשתיכם;2;7;שבת שבתון היא לכם ועניתם את נפשתיכם חקת עולם
(232813, 66, 4);2;ב;167869;(3, 16, 32, 54, 167869);44387;(3, 16, 32, 16, 44387);הבד;2;16;וכפר הכהן אשר ימשח אתו ואשר ימלא את ידו לכהן תחת אביו ולבש את בגדי הבד בגדי הקדש
(232813, 66, 4);10;י;167935;(3, 16, 33, 57, 167935);44406;(3, 16, 33, 17, 44406);יכפר;1;17;וכפר את מקדש הקדש ואת אהל מועד ואת המזבח יכפר ועל הכהנים ועל כל עם הקהל יכפר
(232813, 66, 4);5;ה;168001;(3, 16, 34, 63, 168001);44423;(3, 16, 34, 17, 44423);יהוה;4;17;והיתה זאת לכם לחקת עולם לכפר על בני ישראל מכל חטאתם אחת בשנה ויעש כאשר צוה יהוה את משה
(232813, 66, 4);4;ד;168067;(3, 17, 2, 43, 168067);44443;(3, 17, 2, 13, 44443);הדבר;2;13;דבר אל אהרן ואל בניו ואל כל בני ישראל ואמרת אליהם זה הדבר אשר צוה יהוה לאמר
(232813, 66, 4);8;ח;168133;(3, 17, 3, 50, 168133);44463;(3, 17, 3, 16, 44463);מחוץ;2;16;איש איש מבית ישראל אשר ישחט שור או כשב או עז במחנה או אשר ישחט מחוץ למחנה
(232813, 66, 4);5;ה;168199;(3, 17, 4, 59, 168199);44480;(3, 17, 4, 16, 44480);ההוא;2;16;ואל פתח אהל מועד לא הביאו להקריב קרבן ליהוה לפני משכן יהוה דם יחשב לאיש ההוא דם שפך ונכרת האיש ההוא מקרב עמו
(232813, 66, 4);70;ע;168265;(3, 17, 5, 39, 168265);44498;(3, 17, 5, 11, 44498);על;1;11;למען אשר יביאו בני ישראל את זבחיהם אשר הם זבחים על פני השדה והביאם ליהוה אל פתח אהל מועד אל הכהן וזבחו זבחי שלמים ליהוה אותם
(232813, 66, 4);20;כ;168331;(3, 17, 6, 6, 168331);44515;(3, 17, 6, 2, 44515);הכהן;2;2;וזרק הכהן את הדם על מזבח יהוה פתח אהל מועד והקטיר החלב לריח ניחח ליהוה
(232813, 66, 4);8;ח;168397;(3, 17, 7, 16, 168397);44533;(3, 17, 7, 5, 44533);זבחיהם;3;5;ולא יזבחו עוד את זבחיהם לשעירם אשר הם זנים אחריהם חקת עולם תהיה זאת להם לדרתם
(232813, 66, 4);10;י;168463;(3, 17, 8, 20, 168463);44550;(3, 17, 8, 6, 44550);ישראל;1;6;ואלהם תאמר איש איש מבית ישראל ומן הגר אשר יגור בתוכם אשר יעלה עלה או זבח
(232813, 66, 4);6;ו;168529;(3, 17, 9, 29, 168529);44568;(3, 17, 9, 8, 44568);אתו;3;8;ואל פתח אהל מועד לא יביאנו לעשות אתו ליהוה ונכרת האיש ההוא מעמיו
(232813, 66, 4);50;נ;168595;(3, 17, 10, 43, 168595);44586;(3, 17, 10, 13, 44586);ונתתי;2;13;ואיש איש מבית ישראל ומן הגר הגר בתוכם אשר יאכל כל דם ונתתי פני בנפש האכלת את הדם והכרתי אתה מקרב עמה
(232813, 66, 4);5;ה;168661;(3, 17, 11, 30, 168661);44605;(3, 17, 11, 10, 44605);המזבח;1;10;כי נפש הבשר בדם הוא ואני נתתיו לכם על המזבח לכפר על נפשתיכם כי הדם הוא בנפש יכפר
(232813, 66, 4);4;ד;168727;(3, 17, 12, 33, 168727);44624;(3, 17, 12, 11, 44624);דם;1;11;על כן אמרתי לבני ישראל כל נפש מכם לא תאכל דם והגר הגר בתוככם לא יאכל דם
(232813, 66, 4);1;א;168793;(3, 17, 13, 44, 168793);44643;(3, 17, 13, 13, 44643);או;1;13;ואיש איש מבני ישראל ומן הגר הגר בתוכם אשר יצוד ציד חיה או עוף אשר יאכל ושפך את דמו וכסהו בעפר
(232813, 66, 4);20;כ;168859;(3, 17, 14, 37, 168859);44663;(3, 17, 14, 12, 44663);כל;1;12;כי נפש כל בשר דמו בנפשו הוא ואמר לבני ישראל דם כל בשר לא תאכלו כי נפש כל בשר דמו הוא כל אכליו יכרת
(232813, 66, 4);6;ו;168925;(3, 17, 15, 28, 168925);44683;(3, 17, 15, 8, 44683);ובגר;1;8;וכל נפש אשר תאכל נבלה וטרפה באזרח ובגר וכבס בגדיו ורחץ במים וטמא עד הערב וטהר
(232813, 66, 4);2;ב;168991;(3, 18, 1, 4, 168991);44700;(3, 18, 1, 1, 44700);וידבר;4;1;וידבר יהוה אל משה לאמר
(232813, 66, 4);10;י;169057;(3, 18, 3, 17, 169057);44718;(3, 18, 3, 5, 44718);ישבתם;1;5;כמעשה ארץ מצרים אשר ישבתם בה לא תעשו וכמעשה ארץ כנען אשר אני מביא אתכם שמה לא תעשו ובחקתיהם לא תלכו
(232813, 66, 4);300;ש;169123;(3, 18, 4, 4, 169123);44736;(3, 18, 4, 2, 44736);משפטי;2;2;את משפטי תעשו ואת חקתי תשמרו ללכת בהם אני יהוה אלהיכם
(232813, 66, 4);5;ה;169189;(3, 18, 5, 27, 169189);44752;(3, 18, 5, 7, 44752);יעשה;4;7;ושמרתם את חקתי ואת משפטי אשר יעשה אתם האדם וחי בהם אני יהוה
(232813, 66, 4);2;ב;169255;(3, 18, 7, 6, 169255);44772;(3, 18, 7, 2, 44772);אביך;2;2;ערות אביך וערות אמך לא תגלה אמך הוא לא תגלה ערותה
(232813, 66, 4);1;א;169321;(3, 18, 9, 5, 169321);44791;(3, 18, 9, 2, 44791);אחותך;1;2;ערות אחותך בת אביך או בת אמך מולדת בית או מולדת חוץ לא תגלה ערותן
(232813, 66, 4);3;ג;169387;(3, 18, 10, 20, 169387);44812;(3, 18, 10, 8, 44812);תגלה;2;8;ערות בת בנך או בת בתך לא תגלה ערותן כי ערותך הנה
(232813, 66, 4);400;ת;169453;(3, 18, 12, 8, 169453);44829;(3, 18, 12, 2, 44829);אחות;4;2;ערות אחות אביך לא תגלה שאר אביך הוא
(232813, 66, 4);1;א;169519;(3, 18, 14, 18, 169519);44850;(3, 18, 14, 6, 44850);אל;1;6;ערות אחי אביך לא תגלה אל אשתו לא תקרב דדתך הוא
(232813, 66, 4);400;ת;169585;(3, 18, 16, 14, 169585);44870;(3, 18, 16, 5, 44870);תגלה;1;5;ערות אשת אחיך לא תגלה ערות אחיך הוא
(232813, 66, 4);5;ה;169651;(3, 18, 17, 52, 169651);44890;(3, 18, 17, 17, 44890);הנה;1;17;ערות אשה ובתה לא תגלה את בת בנה ואת בת בתה לא תקח לגלות ערותה שארה הנה זמה הוא
(232813, 66, 4);200;ר;169717;(3, 18, 19, 20, 169717);44908;(3, 18, 19, 6, 44908);תקרב;3;6;ואל אשה בנדת טמאתה לא תקרב לגלות ערותה
(232813, 66, 4);30;ל;169783;(3, 18, 21, 23, 169783);44925;(3, 18, 21, 6, 44925);ולא;2;6;ומזרעך לא תתן להעביר למלך ולא תחלל את שם אלהיך אני יהוה
(232813, 66, 4);400;ת;169849;(3, 18, 23, 17, 169849);44944;(3, 18, 23, 5, 44944);שכבתך;4;5;ובכל בהמה לא תתן שכבתך לטמאה בה ואשה לא תעמד לפני בהמה לרבעה תבל הוא
(232813, 66, 4);6;ו;169915;(3, 18, 24, 29, 169915);44963;(3, 18, 24, 9, 44963);הגוים;3;9;אל תטמאו בכל אלה כי בכל אלה נטמאו הגוים אשר אני משלח מפניכם
(232813, 66, 4);400;ת;169981;(3, 18, 26, 11, 169981);44979;(3, 18, 26, 3, 44979);את;2;3;ושמרתם אתם את חקתי ואת משפטי ולא תעשו מכל התועבת האלה האזרח והגר הגר בתוככם
(232813, 66, 4);70;ע;170047;(3, 18, 27, 16, 170047);44997;(3, 18, 27, 6, 44997);עשו;1;6;כי את כל התועבת האל עשו אנשי הארץ אשר לפניכם ותטמא הארץ
(232813, 66, 4);1;א;170113;(3, 18, 28, 38, 170113);45014;(3, 18, 28, 11, 45014);אשר;1;11;ולא תקיא הארץ אתכם בטמאכם אתה כאשר קאה את הגוי אשר לפניכם
(232813, 66, 4);40;מ;170179;(3, 18, 30, 11, 170179);45030;(3, 18, 30, 3, 45030);משמרתי;3;3;ושמרתם את משמרתי לבלתי עשות מחקות התועבת אשר נעשו לפניכם ולא תטמאו בהם אני יהוה אלהיכם
(232813, 66, 4);10;י;170245;(3, 19, 1, 6, 170245);45045;(3, 19, 1, 2, 45045);יהוה;1;2;וידבר יהוה אל משה לאמר
(232813, 66, 4);20;כ;170311;(3, 19, 2, 54, 170311);45063;(3, 19, 2, 15, 45063);אלהיכם;5;15;דבר אל כל עדת בני ישראל ואמרת אלהם קדשים תהיו כי קדוש אני יהוה אלהיכם
(232813, 66, 4);5;ה;170377;(3, 19, 4, 23, 170377);45079;(3, 19, 4, 6, 45079);מסכה;4;6;אל תפנו אל האלילם ואלהי מסכה לא תעשו לכם אני יהוה אלהיכם
(232813, 66, 4);1;א;170443;(3, 19, 6, 11, 170443);45095;(3, 19, 6, 3, 45095);יאכל;2;3;ביום זבחכם יאכל וממחרת והנותר עד יום השלישי באש ישרף
(232813, 66, 4);5;ה;170509;(3, 19, 7, 34, 170509);45111;(3, 19, 7, 9, 45111);ירצה;4;9;ואם האכל יאכל ביום השלישי פגול הוא לא ירצה
(232813, 66, 4);1;א;170575;(3, 19, 9, 20, 170575);45128;(3, 19, 9, 5, 45128);לא;2;5;ובקצרכם את קציר ארצכם לא תכלה פאת שדך לקצר ולקט קצירך לא תלקט
(232813, 66, 4);7;ז;170641;(3, 19, 10, 37, 170641);45146;(3, 19, 10, 10, 45146);תעזב;3;10;וכרמך לא תעולל ופרט כרמך לא תלקט לעני ולגר תעזב אתם אני יהוה אלהיכם
(232813, 66, 4);6;ו;170707;(3, 19, 12, 17, 170707);45163;(3, 19, 12, 5, 45163);וחללת;1;5;ולא תשבעו בשמי לשקר וחללת את שם אלהיך אני יהוה
(232813, 66, 4);30;ל;170773;(3, 19, 14, 6, 170773);45183;(3, 19, 14, 2, 45183);תקלל;4;2;לא תקלל חרש ולפני עור לא תתן מכשל ויראת מאלהיך אני יהוה
(232813, 66, 4);400;ת;170839;(3, 19, 15, 28, 170839);45203;(3, 19, 15, 10, 45203);תהדר;1;10;לא תעשו עול במשפט לא תשא פני דל ולא תהדר פני גדול בצדק תשפט עמיתך
(232813, 66, 4);1;א;170905;(3, 19, 17, 9, 170905);45223;(3, 19, 17, 4, 45223);אחיך;1;4;לא תשנא את אחיך בלבבך הוכח תוכיח את עמיתך ולא תשא עליו חטא
(232813, 66, 4);20;כ;170971;(3, 19, 18, 29, 170971);45242;(3, 19, 18, 10, 45242);כמוך;1;10;לא תקם ולא תטר את בני עמך ואהבת לרעך כמוך אני יהוה
(232813, 66, 4);7;ז;171037;(3, 19, 19, 56, 171037);45258;(3, 19, 19, 14, 45258);שעטנז;5;14;את חקתי תשמרו בהמתך לא תרביע כלאים שדך לא תזרע כלאים ובגד כלאים שעטנז לא יעלה עליך
(232813, 66, 4);300;ש;171103;(3, 19, 20, 56, 171103);45277;(3, 19, 20, 16, 45277);חפשה;3;16;ואיש כי ישכב את אשה שכבת זרע והוא שפחה נחרפת לאיש והפדה לא נפדתה או חפשה לא נתן לה בקרת תהיה לא יומתו כי לא חפשה
(232813, 66, 4);6;ו;171169;(3, 19, 22, 1, 171169);45298;(3, 19, 22, 1, 45298);וכפר;1;1;וכפר עליו הכהן באיל האשם לפני יהוה על חטאתו אשר חטא ונסלח לו מחטאתו אשר חטא
(232813, 66, 4);6;ו;171235;(3, 19, 23, 7, 171235);45315;(3, 19, 23, 2, 45315);תבאו;4;2;וכי תבאו אל הארץ ונטעתם כל עץ מאכל וערלתם ערלתו את פריו שלש שנים יהיה לכם ערלים לא יאכל
(232813, 66, 4);50;נ;171301;(3, 19, 24, 4, 171301);45333;(3, 19, 24, 1, 45333);ובשנה;4;1;ובשנה הרביעת יהיה כל פריו קדש הלולים ליהוה
(232813, 66, 4);1;א;171367;(3, 19, 25, 35, 171367);45348;(3, 19, 25, 8, 45348);תבואתו;4;8;ובשנה החמישת תאכלו את פריו להוסיף לכם תבואתו אני יהוה אלהיכם
(232813, 66, 4);1;א;171433;(3, 19, 27, 23, 171433);45366;(3, 19, 27, 7, 45366);את;1;7;לא תקפו פאת ראשכם ולא תשחית את פאת זקנך
(232813, 66, 4);5;ה;171499;(3, 19, 29, 13, 171499);45385;(3, 19, 29, 5, 45385);להזנותה;2;5;אל תחלל את בתך להזנותה ולא תזנה הארץ ומלאה הארץ זמה
(232813, 66, 4);30;ל;171565;(3, 19, 31, 8, 171565);45401;(3, 19, 31, 3, 45401);אל;2;3;אל תפנו אל האבת ואל הידענים אל תבקשו לטמאה בהם אני יהוה אלהיכם
(232813, 66, 4);6;ו;171631;(3, 19, 32, 24, 171631);45418;(3, 19, 32, 7, 45418);ויראת;1;7;מפני שיבה תקום והדרת פני זקן ויראת מאלהיך אני יהוה
(232813, 66, 4);1;א;171697;(3, 19, 34, 22, 171697);45436;(3, 19, 34, 7, 45436);אתכם;1;7;כאזרח מכם יהיה לכם הגר הגר אתכם ואהבת לו כמוך כי גרים הייתם בארץ מצרים אני יהוה אלהיכם
(232813, 66, 4);2;ב;171763;(3, 19, 35, 19, 171763);45453;(3, 19, 35, 6, 45453);במשקל;1;6;לא תעשו עול במשפט במדה במשקל ובמשורה
(232813, 66, 4);90;צ;171829;(3, 19, 36, 55, 171829);45469;(3, 19, 36, 15, 45469);הוצאתי;3;15;מאזני צדק אבני צדק איפת צדק והין צדק יהיה לכם אני יהוה אלהיכם אשר הוצאתי אתכם מארץ מצרים
(232813, 66, 4);1;א;171895;(3, 20, 1, 10, 171895);45486;(3, 20, 1, 3, 45486);אל;1;3;וידבר יהוה אל משה לאמר
(232813, 66, 4);40;מ;171961;(3, 20, 2, 58, 171961);45504;(3, 20, 2, 16, 45504);למלך;2;16;ואל בני ישראל תאמר איש איש מבני ישראל ומן הגר הגר בישראל אשר יתן מזרעו למלך מות יומת עם הארץ ירגמהו באבן
(232813, 66, 4);200;ר;172027;(3, 20, 3, 41, 172027);45522;(3, 20, 3, 12, 45522);מזרעו;3;12;ואני אתן את פני באיש ההוא והכרתי אתו מקרב עמו כי מזרעו נתן למלך למען טמא את מקדשי ולחלל את שם קדשי
(232813, 66, 4);5;ה;172093;(3, 20, 4, 30, 172093);45541;(3, 20, 4, 9, 45541);האיש;1;9;ואם העלם יעלימו עם הארץ את עיניהם מן האיש ההוא בתתו מזרעו למלך לבלתי המית אתו
(232813, 66, 4);400;ת;172159;(3, 20, 5, 34, 172159);45556;(3, 20, 5, 8, 45556);והכרתי;5;8;ושמתי אני את פני באיש ההוא ובמשפחתו והכרתי אתו ואת כל הזנים אחריו לזנות אחרי המלך מקרב עמם
(232813, 66, 4);10;י;172225;(3, 20, 6, 27, 172225);45573;(3, 20, 6, 7, 45573);הידענים;6;7;והנפש אשר תפנה אל האבת ואל הידענים לזנת אחריהם ונתתי את פני בנפש ההוא והכרתי אתו מקרב עמו
(232813, 66, 4);10;י;172291;(3, 20, 7, 21, 172291);45588;(3, 20, 7, 4, 45588);כי;2;4;והתקדשתם והייתם קדשים כי אני יהוה אלהיכם
(232813, 66, 4);2;ב;172357;(3, 20, 9, 19, 172357);45606;(3, 20, 9, 7, 45606);אביו;2;7;כי איש איש אשר יקלל את אביו ואת אמו מות יומת אביו ואמו קלל דמיו בו
(232813, 66, 4);5;ה;172423;(3, 20, 10, 34, 172423);45626;(3, 20, 10, 11, 45626);רעהו;3;11;ואיש אשר ינאף את אשת איש אשר ינאף את אשת רעהו מות יומת הנאף והנאפת
(232813, 66, 4);5;ה;172489;(3, 20, 11, 48, 172489);45643;(3, 20, 11, 13, 45643);דמיהם;4;13;ואיש אשר ישכב את אשת אביו ערות אביו גלה מות יומתו שניהם דמיהם בם
(232813, 66, 4);2;ב;172555;(3, 20, 13, 20, 172555);45662;(3, 20, 13, 6, 45662);משכבי;4;6;ואיש אשר ישכב את זכר משכבי אשה תועבה עשו שניהם מות יומתו דמיהם בם
(232813, 66, 4);80;פ;172621;(3, 20, 14, 34, 172621);45681;(3, 20, 14, 11, 45681);ישרפו;4;11;ואיש אשר יקח את אשה ואת אמה זמה הוא באש ישרפו אתו ואתהן ולא תהיה זמה בתוככם
(232813, 66, 4);6;ו;172687;(3, 20, 16, 1, 172687);45698;(3, 20, 16, 1, 45698);ואשה;1;1;ואשה אשר תקרב אל כל בהמה לרבעה אתה והרגת את האשה ואת הבהמה מות יומתו דמיהם בם
(232813, 66, 4);300;ש;172753;(3, 20, 17, 6, 172753);45716;(3, 20, 17, 2, 45716);אשר;2;2;ואיש אשר יקח את אחתו בת אביו או בת אמו וראה את ערותה והיא תראה את ערותו חסד הוא ונכרתו לעיני בני עמם ערות אחתו גלה עונו ישא
(232813, 66, 4);10;י;172819;(3, 20, 17, 72, 172819);45735;(3, 20, 17, 21, 45735);לעיני;5;21;ואיש אשר יקח את אחתו בת אביו או בת אמו וראה את ערותה והיא תראה את ערותו חסד הוא ונכרתו לעיני בני עמם ערות אחתו גלה עונו ישא
(232813, 66, 4);5;ה;172885;(3, 20, 18, 42, 172885);45755;(3, 20, 18, 13, 45755);והוא;2;13;ואיש אשר ישכב את אשה דוה וגלה את ערותה את מקרה הערה והוא גלתה את מקור דמיה ונכרתו שניהם מקרב עמם
(232813, 66, 4);300;ש;172951;(3, 20, 19, 32, 172951);45773;(3, 20, 19, 10, 45773);שארו;1;10;וערות אחות אמך ואחות אביך לא תגלה כי את שארו הערה עונם ישאו
(232813, 66, 4);300;ש;173017;(3, 20, 21, 6, 173017);45790;(3, 20, 21, 2, 45790);אשר;2;2;ואיש אשר יקח את אשת אחיו נדה הוא ערות אחיו גלה ערירים יהיו
(232813, 66, 4);70;ע;173083;(3, 20, 22, 26, 173083);45809;(3, 20, 22, 8, 45809);ועשיתם;2;8;ושמרתם את כל חקתי ואת כל משפטי ועשיתם אתם ולא תקיא אתכם הארץ אשר אני מביא אתכם שמה לשבת בה
(232813, 66, 4);10;י;173149;(3, 20, 23, 21, 173149);45827;(3, 20, 23, 6, 45827);אני;3;6;ולא תלכו בחקת הגוי אשר אני משלח מפניכם כי את כל אלה עשו ואקץ בם
(232813, 66, 4);400;ת;173215;(3, 20, 24, 38, 173215);45846;(3, 20, 24, 10, 45846);לרשת;4;10;ואמר לכם אתם תירשו את אדמתם ואני אתננה לכם לרשת אתה ארץ זבת חלב ודבש אני יהוה אלהיכם אשר הבדלתי אתכם מן העמים
(232813, 66, 4);9;ט;173281;(3, 20, 25, 17, 173281);45863;(3, 20, 25, 4, 45863);הטהרה;2;4;והבדלתם בין הבהמה הטהרה לטמאה ובין העוף הטמא לטהר ולא תשקצו את נפשתיכם בבהמה ובעוף ובכל אשר תרמש האדמה אשר הבדלתי לכם לטמא
(232813, 66, 4);40;מ;173347;(3, 20, 25, 83, 173347);45878;(3, 20, 25, 19, 45878);האדמה;4;19;והבדלתם בין הבהמה הטהרה לטמאה ובין העוף הטמא לטהר ולא תשקצו את נפשתיכם בבהמה ובעוף ובכל אשר תרמש האדמה אשר הבדלתי לכם לטמא
(232813, 66, 4);10;י;173413;(3, 20, 26, 49, 173413);45895;(3, 20, 26, 13, 45895);לי;2;13;והייתם לי קדשים כי קדוש אני יהוה ואבדל אתכם מן העמים להיות לי
(232813, 66, 4);30;ל;173479;(3, 21, 1, 11, 173479);45914;(3, 21, 1, 3, 45914);אל;2;3;ויאמר יהוה אל משה אמר אל הכהנים בני אהרן ואמרת אלהם לנפש לא יטמא בעמיו
(232813, 66, 4);6;ו;173545;(3, 21, 2, 21, 173545);45932;(3, 21, 2, 6, 45932);לאמו;4;6;כי אם לשארו הקרב אליו לאמו ולאביו ולבנו ולבתו ולאחיו
(232813, 66, 4);10;י;173611;(3, 21, 4, 3, 173611);45948;(3, 21, 4, 2, 45948);יטמא;1;2;לא יטמא בעל בעמיו להחלו
(232813, 66, 4);4;ד;173677;(3, 21, 6, 2, 173677);45964;(3, 21, 6, 1, 45964);קדשים;2;1;קדשים יהיו לאלהיהם ולא יחללו שם אלהיהם כי את אשי יהוה לחם אלהיהם הם מקריבם והיו קדש
(232813, 66, 4);1;א;173743;(3, 21, 7, 1, 173743);45981;(3, 21, 7, 1, 45981);אשה;1;1;אשה זנה וחללה לא יקחו ואשה גרושה מאישה לא יקחו כי קדש הוא לאלהיו
(232813, 66, 4);5;ה;173809;(3, 21, 8, 16, 173809);45999;(3, 21, 8, 5, 45999);אלהיך;3;5;וקדשתו כי את לחם אלהיך הוא מקריב קדש יהיה לך כי קדוש אני יהוה מקדשכם
(232813, 66, 4);1;א;173875;(3, 21, 9, 28, 173875);46018;(3, 21, 9, 9, 46018);היא;3;9;ובת איש כהן כי תחל לזנות את אביה היא מחללת באש תשרף
(232813, 66, 4);3;ג;173941;(3, 21, 10, 54, 173941);46036;(3, 21, 10, 15, 46036);הבגדים;3;15;והכהן הגדול מאחיו אשר יוצק על ראשו שמן המשחה ומלא את ידו ללבש את הבגדים את ראשו לא יפרע ובגדיו לא יפרם
(232813, 66, 4);4;ד;174007;(3, 21, 12, 7, 174007);46055;(3, 21, 12, 2, 46055);המקדש;4;2;ומן המקדש לא יצא ולא יחלל את מקדש אלהיו כי נזר שמן משחת אלהיו עליו אני יהוה
(232813, 66, 4);5;ה;174073;(3, 21, 13, 14, 174073);46073;(3, 21, 13, 3, 46073);בבתוליה;7;3;והוא אשה בבתוליה יקח
(232813, 66, 4);40;מ;174139;(3, 21, 15, 14, 174139);46092;(3, 21, 15, 4, 46092);בעמיו;3;4;ולא יחלל זרעו בעמיו כי אני יהוה מקדשו
(232813, 66, 4);10;י;174205;(3, 21, 17, 32, 174205);46110;(3, 21, 17, 9, 46110);יהיה;3;9;דבר אל אהרן לאמר איש מזרעך לדרתם אשר יהיה בו מום לא יקרב להקריב לחם אלהיו
(232813, 66, 4);300;ש;174271;(3, 21, 18, 40, 174271);46133;(3, 21, 18, 16, 46133);שרוע;1;16;כי כל איש אשר בו מום לא יקרב איש עור או פסח או חרם או שרוע
(232813, 66, 4);6;ו;174337;(3, 21, 20, 36, 174337);46156;(3, 21, 20, 13, 46156);מרוח;3;13;או גבן או דק או תבלל בעינו או גרב או ילפת או מרוח אשך
(232813, 66, 4);1;א;174403;(3, 21, 21, 62, 174403);46177;(3, 21, 21, 20, 46177);לא;2;20;כל איש אשר בו מום מזרע אהרן הכהן לא יגש להקריב את אשי יהוה מום בו את לחם אלהיו לא יגש להקריב
(232813, 66, 4);10;י;174469;(3, 21, 23, 25, 174469);46195;(3, 21, 23, 9, 46195);יגש;1;9;אך אל הפרכת לא יבא ואל המזבח לא יגש כי מום בו ולא יחלל את מקדשי כי אני יהוה מקדשם
(232813, 66, 4);10;י;174535;(3, 21, 24, 29, 174535);46215;(3, 21, 24, 9, 46215);בני;3;9;וידבר משה אל אהרן ואל בניו ואל כל בני ישראל
(232813, 66, 4);6;ו;174601;(3, 22, 2, 43, 174601);46232;(3, 22, 2, 11, 46232);יחללו;5;11;דבר אל אהרן ואל בניו וינזרו מקדשי בני ישראל ולא יחללו את שם קדשי אשר הם מקדשים לי אני יהוה
(232813, 66, 4);100;ק;174667;(3, 22, 3, 38, 174667);46252;(3, 22, 3, 11, 46252);הקדשים;2;11;אמר אלהם לדרתיכם כל איש אשר יקרב מכל זרעכם אל הקדשים אשר יקדישו בני ישראל ליהוה וטמאתו עליו ונכרתה הנפש ההוא מלפני אני יהוה
(232813, 66, 4);1;א;174733;(3, 22, 4, 4, 174733);46267;(3, 22, 4, 2, 46267);איש;1;2;איש איש מזרע אהרן והוא צרוע או זב בקדשים לא יאכל עד אשר יטהר והנגע בכל טמא נפש או איש אשר תצא ממנו שכבת זרע
(232813, 66, 4);400;ת;174799;(3, 22, 4, 70, 174799);46287;(3, 22, 4, 22, 46287);תצא;1;22;איש איש מזרע אהרן והוא צרוע או זב בקדשים לא יאכל עד אשר יטהר והנגע בכל טמא נפש או איש אשר תצא ממנו שכבת זרע
(232813, 66, 4);1;א;174865;(3, 22, 6, 4, 174865);46308;(3, 22, 6, 2, 46308);אשר;1;2;נפש אשר תגע בו וטמאה עד הערב ולא יאכל מן הקדשים כי אם רחץ בשרו במים
(232813, 66, 4);20;כ;174931;(3, 22, 7, 18, 174931);46327;(3, 22, 7, 5, 46327);יאכל;3;5;ובא השמש וטהר ואחר יאכל מן הקדשים כי לחמו הוא
(232813, 66, 4);1;א;174997;(3, 22, 9, 19, 174997);46345;(3, 22, 9, 5, 46345);ישאו;3;5;ושמרו את משמרתי ולא ישאו עליו חטא ומתו בו כי יחללהו אני יהוה מקדשם
(232813, 66, 4);30;ל;175063;(3, 22, 10, 32, 175063);46364;(3, 22, 10, 10, 46364);יאכל;4;10;וכל זר לא יאכל קדש תושב כהן ושכיר לא יאכל קדש
(232813, 66, 4);5;ה;175129;(3, 22, 12, 12, 175129);46383;(3, 22, 12, 4, 46383);תהיה;4;4;ובת כהן כי תהיה לאיש זר הוא בתרומת הקדשים לא תאכל
(232813, 66, 4);2;ב;175195;(3, 22, 13, 39, 175195);46402;(3, 22, 13, 12, 46402);בית;1;12;ובת כהן כי תהיה אלמנה וגרושה וזרע אין לה ושבה אל בית אביה כנעוריה מלחם אביה תאכל וכל זר לא יאכל בו
(232813, 66, 4);6;ו;175261;(3, 22, 14, 28, 175261);46419;(3, 22, 14, 7, 46419);חמשיתו;6;7;ואיש כי יאכל קדש בשגגה ויסף חמשיתו עליו ונתן לכהן את הקדש
(232813, 66, 4);70;ע;175327;(3, 22, 16, 11, 175327);46437;(3, 22, 16, 3, 46437);עון;1;3;והשיאו אותם עון אשמה באכלם את קדשיהם כי אני יהוה מקדשם
(232813, 66, 4);10;י;175393;(3, 22, 18, 15, 175393);46455;(3, 22, 18, 5, 46455);בניו;3;5;דבר אל אהרן ואל בניו ואל כל בני ישראל ואמרת אלהם איש איש מבית ישראל ומן הגר בישראל אשר יקריב קרבנו לכל נדריהם ולכל נדבותם אשר יקריבו ליהוה לעלה
(232813, 66, 4);30;ל;175459;(3, 22, 18, 81, 175459);46472;(3, 22, 18, 22, 46472);לכל;3;22;דבר אל אהרן ואל בניו ואל כל בני ישראל ואמרת אלהם איש איש מבית ישראל ומן הגר בישראל אשר יקריב קרבנו לכל נדריהם ולכל נדבותם אשר יקריבו ליהוה לעלה
(232813, 66, 4);1;א;175525;(3, 22, 20, 3, 175525);46487;(3, 22, 20, 2, 46487);אשר;1;2;כל אשר בו מום לא תקריבו כי לא לרצון יהיה לכם
(232813, 66, 4);50;נ;175591;(3, 22, 21, 35, 175591);46506;(3, 22, 21, 10, 46506);לנדבה;2;10;ואיש כי יקריב זבח שלמים ליהוה לפלא נדר או לנדבה בבקר או בצאן תמים יהיה לרצון כל מום לא יהיה בו
(232813, 66, 4);2;ב;175657;(3, 22, 22, 27, 175657);46526;(3, 22, 22, 9, 46526);גרב;3;9;עורת או שבור או חרוץ או יבלת או גרב או ילפת לא תקריבו אלה ליהוה ואשה לא תתנו מהם על המזבח ליהוה
(232813, 66, 4);2;ב;175723;(3, 22, 23, 19, 175723);46544;(3, 22, 23, 5, 46544);נדבה;3;5;ושור ושה שרוע וקלוט נדבה תעשה אתו ולנדר לא ירצה
(232813, 66, 4);6;ו;175789;(3, 22, 25, 1, 175789);46560;(3, 22, 25, 1, 46560);ומיד;1;1;ומיד בן נכר לא תקריבו את לחם אלהיכם מכל אלה כי משחתם בהם מום בם לא ירצו לכם
(232813, 66, 4);5;ה;175855;(3, 22, 26, 9, 175855);46579;(3, 22, 26, 2, 46579);יהוה;4;2;וידבר יהוה אל משה לאמר
(232813, 66, 4);30;ל;175921;(3, 22, 27, 57, 175921);46599;(3, 22, 27, 17, 46599);לקרבן;1;17;שור או כשב או עז כי יולד והיה שבעת ימים תחת אמו ומיום השמיני והלאה ירצה לקרבן אשה ליהוה
(232813, 66, 4);90;צ;175987;(3, 22, 29, 23, 175987);46617;(3, 22, 29, 6, 46617);לרצנכם;3;6;וכי תזבחו זבח תודה ליהוה לרצנכם תזבחו
(232813, 66, 4);50;נ;176053;(3, 22, 31, 22, 176053);46633;(3, 22, 31, 5, 46633);אני;2;5;ושמרתם מצותי ועשיתם אתם אני יהוה
(232813, 66, 4);200;ר;176119;(3, 22, 33, 13, 176119);46649;(3, 22, 33, 3, 46649);מארץ;3;3;המוציא אתכם מארץ מצרים להיות לכם לאלהים אני יהוה
(232813, 66, 4);5;ה;176185;(3, 23, 2, 21, 176185);46666;(3, 23, 2, 6, 46666);אלהם;3;6;דבר אל בני ישראל ואמרת אלהם מועדי יהוה אשר תקראו אתם מקראי קדש אלה הם מועדי
(232813, 66, 4);10;י;176251;(3, 23, 3, 27, 176251);46682;(3, 23, 3, 6, 46682);השביעי;6;6;ששת ימים תעשה מלאכה וביום השביעי שבת שבתון מקרא קדש כל מלאכה לא תעשו שבת הוא ליהוה בכל מושבתיכם
(232813, 66, 4);1;א;176317;(3, 23, 4, 16, 176317);46699;(3, 23, 4, 4, 46699);מקראי;4;4;אלה מועדי יהוה מקראי קדש אשר תקראו אתם במועדם
(232813, 66, 4);300;ש;176383;(3, 23, 6, 5, 176383);46714;(3, 23, 6, 1, 46714);ובחמשה;5;1;ובחמשה עשר יום לחדש הזה חג המצות ליהוה שבעת ימים מצות תאכלו
(232813, 66, 4);20;כ;176449;(3, 23, 7, 23, 176449);46731;(3, 23, 7, 6, 46731);לכם;2;6;ביום הראשון מקרא קדש יהיה לכם כל מלאכת עבדה לא תעשו
(232813, 66, 4);70;ע;176515;(3, 23, 8, 48, 176515);46748;(3, 23, 8, 12, 46748);עבדה;1;12;והקרבתם אשה ליהוה שבעת ימים ביום השביעי מקרא קדש כל מלאכת עבדה לא תעשו
(232813, 66, 4);50;נ;176581;(3, 23, 10, 39, 176581);46767;(3, 23, 10, 12, 46767);אני;2;12;דבר אל בני ישראל ואמרת אלהם כי תבאו אל הארץ אשר אני נתן לכם וקצרתם את קצירה והבאתם את עמר ראשית קצירכם אל הכהן
(232813, 66, 4);6;ו;176647;(3, 23, 11, 18, 176647);46784;(3, 23, 11, 5, 46784);יהוה;3;5;והניף את העמר לפני יהוה לרצנכם ממחרת השבת יניפנו הכהן
(232813, 66, 4);30;ל;176713;(3, 23, 12, 40, 176713);46800;(3, 23, 12, 11, 46800);ליהוה;1;11;ועשיתם ביום הניפכם את העמר כבש תמים בן שנתו לעלה ליהוה
(232813, 66, 4);8;ח;176779;(3, 23, 14, 3, 176779);46815;(3, 23, 14, 1, 46815);ולחם;3;1;ולחם וקלי וכרמל לא תאכלו עד עצם היום הזה עד הביאכם את קרבן אלהיכם חקת עולם לדרתיכם בכל משבתיכם
(232813, 66, 4);30;ל;176845;(3, 23, 14, 69, 176845);46832;(3, 23, 14, 18, 46832);בכל;3;18;ולחם וקלי וכרמל לא תאכלו עד עצם היום הזה עד הביאכם את קרבן אלהיכם חקת עולם לדרתיכם בכל משבתיכם
(232813, 66, 4);70;ע;176911;(3, 23, 16, 1, 176911);46847;(3, 23, 16, 1, 46847);עד;1;1;עד ממחרת השבת השביעת תספרו חמשים יום והקרבתם מנחה חדשה ליהוה
(232813, 66, 4);40;ם;176977;(3, 23, 17, 17, 176977);46860;(3, 23, 17, 3, 46860);לחם;3;3;ממושבתיכם תביאו לחם תנופה שתים שני עשרנים סלת תהיינה חמץ תאפינה בכורים ליהוה
(232813, 66, 4);2;ב;177043;(3, 23, 18, 19, 177043);46875;(3, 23, 18, 5, 46875);כבשים;2;5;והקרבתם על הלחם שבעת כבשים תמימם בני שנה ופר בן בקר אחד ואילם שנים יהיו עלה ליהוה ומנחתם ונסכיהם אשה ריח ניחח ליהוה
(232813, 66, 4);50;נ;177109;(3, 23, 18, 85, 177109);46892;(3, 23, 18, 22, 46892);ניחח;1;22;והקרבתם על הלחם שבעת כבשים תמימם בני שנה ופר בן בקר אחד ואילם שנים יהיו עלה ליהוה ומנחתם ונסכיהם אשה ריח ניחח ליהוה
(232813, 66, 4);40;ם;177175;(3, 23, 20, 12, 177175);46907;(3, 23, 20, 3, 46907);אתם;3;3;והניף הכהן אתם על לחם הבכרים תנופה לפני יהוה על שני כבשים קדש יהיו ליהוה לכהן
(232813, 66, 4);7;ז;177241;(3, 23, 21, 16, 177241);46924;(3, 23, 21, 4, 46924);הזה;2;4;וקראתם בעצם היום הזה מקרא קדש יהיה לכם כל מלאכת עבדה לא תעשו חקת עולם בכל מושבתיכם לדרתיכם
(232813, 66, 4);400;ת;177307;(3, 23, 22, 9, 177307);46940;(3, 23, 22, 2, 46940);את;2;2;ובקצרכם את קציר ארצכם לא תכלה פאת שדך בקצרך ולקט קצירך לא תלקט לעני ולגר תעזב אתם אני יהוה אלהיכם
(232813, 66, 4);5;ה;177373;(3, 23, 22, 75, 177373);46958;(3, 23, 22, 20, 46958);אלהיכם;3;20;ובקצרכם את קציר ארצכם לא תכלה פאת שדך בקצרך ולקט קצירך לא תלקט לעני ולגר תעזב אתם אני יהוה אלהיכם
(232813, 66, 4);400;ת;177439;(3, 23, 24, 45, 177439);46975;(3, 23, 24, 12, 46975);שבתון;3;12;דבר אל בני ישראל לאמר בחדש השביעי באחד לחדש יהיה לכם שבתון זכרון תרועה מקרא קדש
(232813, 66, 4);30;ל;177505;(3, 23, 26, 15, 177505);46992;(3, 23, 26, 5, 46992);לאמר;1;5;וידבר יהוה אל משה לאמר
(232813, 66, 4);5;ה;177571;(3, 23, 27, 63, 177571);47008;(3, 23, 27, 16, 47008);והקרבתם;2;16;אך בעשור לחדש השביעי הזה יום הכפרים הוא מקרא קדש יהיה לכם ועניתם את נפשתיכם והקרבתם אשה ליהוה
(232813, 66, 4);5;ה;177637;(3, 23, 28, 53, 177637);47025;(3, 23, 28, 15, 47025);יהוה;2;15;וכל מלאכה לא תעשו בעצם היום הזה כי יום כפרים הוא לכפר עליכם לפני יהוה אלהיכם
(232813, 66, 4);1;א;177703;(3, 23, 30, 19, 177703);47043;(3, 23, 30, 6, 47043);מלאכה;3;6;וכל הנפש אשר תעשה כל מלאכה בעצם היום הזה והאבדתי את הנפש ההוא מקרב עמה
(232813, 66, 4);20;כ;177769;(3, 23, 31, 29, 177769);47060;(3, 23, 31, 8, 47060);בכל;2;8;כל מלאכה לא תעשו חקת עולם לדרתיכם בכל משבתיכם
(232813, 66, 4);2;ב;177835;(3, 23, 32, 58, 177835);47076;(3, 23, 32, 15, 47076);שבתכם;2;15;שבת שבתון הוא לכם ועניתם את נפשתיכם בתשעה לחדש בערב מערב עד ערב תשבתו שבתכם
(232813, 66, 4);60;ס;177901;(3, 23, 34, 45, 177901);47094;(3, 23, 34, 13, 47094);הסכות;2;13;דבר אל בני ישראל לאמר בחמשה עשר יום לחדש השביעי הזה חג הסכות שבעת ימים ליהוה
(232813, 66, 4);300;ש;177967;(3, 23, 36, 16, 177967);47110;(3, 23, 36, 4, 47110);אשה;2;4;שבעת ימים תקריבו אשה ליהוה ביום השמיני מקרא קדש יהיה לכם והקרבתם אשה ליהוה עצרת הוא כל מלאכת עבדה לא תעשו
(232813, 66, 4);400;ת;178033;(3, 23, 36, 82, 178033);47127;(3, 23, 36, 21, 47127);תעשו;1;21;שבעת ימים תקריבו אשה ליהוה ביום השמיני מקרא קדש יהיה לכם והקרבתם אשה ליהוה עצרת הוא כל מלאכת עבדה לא תעשו
(232813, 66, 4);4;ד;178099;(3, 23, 37, 63, 178099);47143;(3, 23, 37, 16, 47143);דבר;1;16;אלה מועדי יהוה אשר תקראו אתם מקראי קדש להקריב אשה ליהוה עלה ומנחה זבח ונסכים דבר יום ביומו
(232813, 66, 4);400;ת;178165;(3, 23, 38, 56, 178165);47158;(3, 23, 38, 13, 47158);תתנו;1;13;מלבד שבתת יהוה ומלבד מתנותיכם ומלבד כל נדריכם ומלבד כל נדבתיכם אשר תתנו ליהוה
(232813, 66, 4);40;מ;178231;(3, 23, 39, 58, 178231);47175;(3, 23, 39, 16, 47175);ימים;2;16;אך בחמשה עשר יום לחדש השביעי באספכם את תבואת הארץ תחגו את חג יהוה שבעת ימים ביום הראשון שבתון וביום השמיני שבתון
(232813, 66, 4);200;ר;178297;(3, 23, 40, 33, 178297);47190;(3, 23, 40, 9, 47190);תמרים;3;9;ולקחתם לכם ביום הראשון פרי עץ הדר כפת תמרים וענף עץ עבת וערבי נחל ושמחתם לפני יהוה אלהיכם שבעת ימים
(232813, 66, 4);400;ת;178363;(3, 23, 41, 19, 178363);47206;(3, 23, 41, 5, 47206);שבעת;4;5;וחגתם אתו חג ליהוה שבעת ימים בשנה חקת עולם לדרתיכם בחדש השביעי תחגו אתו
(232813, 66, 4);200;ר;178429;(3, 23, 42, 27, 178429);47222;(3, 23, 42, 7, 47222);בישראל;4;7;בסכת תשבו שבעת ימים כל האזרח בישראל ישבו בסכת
(232813, 66, 4);10;י;178495;(3, 23, 43, 56, 178495);47237;(3, 23, 43, 13, 47237);מצרים;4;13;למען ידעו דרתיכם כי בסכות הושבתי את בני ישראל בהוציאי אותם מארץ מצרים אני יהוה אלהיכם
(232813, 66, 4);50;נ;178561;(3, 24, 2, 6, 178561);47256;(3, 24, 2, 3, 47256);בני;2;3;צו את בני ישראל ויקחו אליך שמן זית זך כתית למאור להעלת נר תמיד
(232813, 66, 4);70;ע;178627;(3, 24, 3, 23, 178627);47273;(3, 24, 3, 6, 47273);יערך;2;6;מחוץ לפרכת העדת באהל מועד יערך אתו אהרן מערב עד בקר לפני יהוה תמיד חקת עולם לדרתיכם
(232813, 66, 4);6;ו;178693;(3, 24, 4, 22, 178693);47290;(3, 24, 4, 6, 47290);הנרות;4;6;על המנרה הטהרה יערך את הנרות לפני יהוה תמיד
(232813, 66, 4);400;ת;178759;(3, 24, 6, 4, 178759);47306;(3, 24, 6, 1, 47306);ושמת;4;1;ושמת אותם שתים מערכות שש המערכת על השלחן הטהר לפני יהוה
(232813, 66, 4);30;ל;178825;(3, 24, 7, 25, 178825);47323;(3, 24, 7, 7, 47323);ללחם;1;7;ונתת על המערכת לבנה זכה והיתה ללחם לאזכרה אשה ליהוה
(232813, 66, 4);400;ת;178891;(3, 24, 8, 49, 178891);47338;(3, 24, 8, 12, 47338);ברית;4;12;ביום השבת ביום השבת יערכנו לפני יהוה תמיד מאת בני ישראל ברית עולם
(232813, 66, 4);90;צ;178957;(3, 24, 10, 3, 178957);47355;(3, 24, 10, 1, 47355);ויצא;3;1;ויצא בן אשה ישראלית והוא בן איש מצרי בתוך בני ישראל וינצו במחנה בן הישראלית ואיש הישראלי
(232813, 66, 4);200;ר;179023;(3, 24, 10, 69, 179023);47371;(3, 24, 10, 17, 47371);הישראלי;4;17;ויצא בן אשה ישראלית והוא בן איש מצרי בתוך בני ישראל וינצו במחנה בן הישראלית ואיש הישראלי
(232813, 66, 4);5;ה;179089;(3, 24, 11, 63, 179089);47388;(3, 24, 11, 17, 47388);למטה;4;17;ויקב בן האשה הישראלית את השם ויקלל ויביאו אתו אל משה ושם אמו שלמית בת דברי למטה דן
(232813, 66, 4);40;מ;179155;(3, 24, 14, 19, 179155);47407;(3, 24, 14, 6, 47407);למחנה;2;6;הוצא את המקלל אל מחוץ למחנה וסמכו כל השמעים את ידיהם על ראשו ורגמו אתו כל העדה
(232813, 66, 4);1;א;179221;(3, 24, 15, 23, 179221);47425;(3, 24, 15, 7, 47425);איש;1;7;ואל בני ישראל תדבר לאמר איש איש כי יקלל אלהיו ונשא חטאו
(232813, 66, 4);100;ק;179287;(3, 24, 16, 45, 179287);47443;(3, 24, 16, 13, 47443);בנקבו;3;13;ונקב שם יהוה מות יומת רגום ירגמו בו כל העדה כגר כאזרח בנקבו שם יומת
(232813, 66, 4);400;ת;179353;(3, 24, 19, 8, 179353);47463;(3, 24, 19, 3, 47463);יתן;2;3;ואיש כי יתן מום בעמיתו כאשר עשה כן יעשה לו
(232813, 66, 4);50;ן;179419;(3, 24, 20, 41, 179419);47484;(3, 24, 20, 14, 47484);כן;2;14;שבר תחת שבר עין תחת עין שן תחת שן כאשר יתן מום באדם כן ינתן בו
(232813, 66, 4);5;ה;179485;(3, 24, 22, 35, 179485);47502;(3, 24, 22, 10, 47502);יהוה;4;10;משפט אחד יהיה לכם כגר כאזרח יהיה כי אני יהוה אלהיכם
(232813, 66, 4);10;י;179551;(3, 24, 23, 60, 179551);47519;(3, 24, 23, 16, 47519);ישראל;1;16;וידבר משה אל בני ישראל ויוציאו את המקלל אל מחוץ למחנה וירגמו אתו אבן ובני ישראל עשו כאשר צוה יהוה את משה
(232813, 66, 4);400;ת;179617;(3, 25, 2, 18, 179617);47537;(3, 25, 2, 5, 47537);ואמרת;5;5;דבר אל בני ישראל ואמרת אלהם כי תבאו אל הארץ אשר אני נתן לכם ושבתה הארץ שבת ליהוה
(232813, 66, 4);400;ת;179683;(3, 25, 3, 21, 179683);47557;(3, 25, 3, 7, 47557);תזמר;1;7;שש שנים תזרע שדך ושש שנים תזמר כרמך ואספת את תבואתה
(232813, 66, 4);20;כ;179749;(3, 25, 4, 46, 179749);47573;(3, 25, 4, 12, 47573);וכרמך;2;12;ובשנה השביעת שבת שבתון יהיה לארץ שבת ליהוה שדך לא תזרע וכרמך לא תזמר
(232813, 66, 4);5;ה;179815;(3, 25, 6, 5, 179815);47590;(3, 25, 6, 1, 47590);והיתה;5;1;והיתה שבת הארץ לכם לאכלה לך ולעבדך ולאמתך ולשכירך ולתושבך הגרים עמך
(232813, 66, 4);200;ר;179881;(3, 25, 7, 15, 179881);47604;(3, 25, 7, 3, 47604);אשר;3;3;ולבהמתך ולחיה אשר בארצך תהיה כל תבואתה לאכל
(232813, 66, 4);70;ע;179947;(3, 25, 8, 45, 179947);47622;(3, 25, 8, 13, 47622);שבע;3;13;וספרת לך שבע שבתת שנים שבע שנים שבע פעמים והיו לך ימי שבע שבתת השנים תשע וארבעים שנה
(232813, 66, 4);400;ת;180013;(3, 25, 9, 44, 180013);47637;(3, 25, 9, 10, 47637);תעבירו;1;10;והעברת שופר תרועה בחדש השבעי בעשור לחדש ביום הכפרים תעבירו שופר בכל ארצכם
(232813, 66, 4);1;א;180079;(3, 25, 10, 49, 180079);47652;(3, 25, 10, 12, 47652);הוא;3;12;וקדשתם את שנת החמשים שנה וקראתם דרור בארץ לכל ישביה יובל הוא תהיה לכם ושבתם איש אל אחזתו ואיש אל משפחתו תשבו
(232813, 66, 4);1;א;180145;(3, 25, 11, 28, 180145);47670;(3, 25, 11, 8, 47670);לא;2;8;יובל הוא שנת החמשים שנה תהיה לכם לא תזרעו ולא תקצרו את ספיחיה ולא תבצרו את נזריה
(232813, 66, 4);6;ו;180211;(3, 25, 12, 30, 180211);47688;(3, 25, 12, 9, 47688);תאכלו;5;9;כי יובל הוא קדש תהיה לכם מן השדה תאכלו את תבואתה
(232813, 66, 4);20;ך;180277;(3, 25, 14, 31, 180277);47705;(3, 25, 14, 8, 47705);עמיתך;5;8;וכי תמכרו ממכר לעמיתך או קנה מיד עמיתך אל תונו איש את אחיו
(232813, 66, 4);10;י;180343;(3, 25, 16, 3, 180343);47723;(3, 25, 16, 1, 47723);לפי;3;1;לפי רב השנים תרבה מקנתו ולפי מעט השנים תמעיט מקנתו כי מספר תבואת הוא מכר לך
(232813, 66, 4);10;י;180409;(3, 25, 17, 9, 180409);47741;(3, 25, 17, 3, 47741);איש;2;3;ולא תונו איש את עמיתו ויראת מאלהיך כי אני יהוה אלהיכם
(232813, 66, 4);1;א;180475;(3, 25, 18, 32, 180475);47757;(3, 25, 18, 8, 47757);אתם;1;8;ועשיתם את חקתי ואת משפטי תשמרו ועשיתם אתם וישבתם על הארץ לבטח
(232813, 66, 4);50;נ;180541;(3, 25, 20, 11, 180541);47773;(3, 25, 20, 4, 47773);נאכל;1;4;וכי תאמרו מה נאכל בשנה השביעת הן לא נזרע ולא נאסף את תבואתנו
(232813, 66, 4);400;ת;180607;(3, 25, 21, 29, 180607);47789;(3, 25, 21, 7, 47789);ועשת;4;7;וצויתי את ברכתי לכם בשנה הששית ועשת את התבואה לשלש השנים
(232813, 66, 4);4;ד;180673;(3, 25, 22, 49, 180673);47805;(3, 25, 22, 12, 47805);עד;2;12;וזרעתם את השנה השמינת ואכלתם מן התבואה ישן עד השנה התשיעת עד בוא תבואתה תאכלו ישן
(232813, 66, 4);1;א;180739;(3, 25, 24, 5, 180739);47823;(3, 25, 24, 2, 47823);ארץ;1;2;ובכל ארץ אחזתכם גאלה תתנו לארץ
(232813, 66, 4);1;א;180805;(3, 25, 25, 46, 180805);47840;(3, 25, 25, 13, 47840);אחיו;1;13;כי ימוך אחיך ומכר מאחזתו ובא גאלו הקרב אליו וגאל את ממכר אחיו
(232813, 66, 4);80;ף;180871;(3, 25, 27, 25, 180871);47858;(3, 25, 27, 7, 47858);העדף;4;7;וחשב את שני ממכרו והשיב את העדף לאיש אשר מכר לו ושב לאחזתו
(232813, 66, 4);5;ה;180937;(3, 25, 28, 45, 180937);47879;(3, 25, 28, 15, 47879);היובל;1;15;ואם לא מצאה ידו די השיב לו והיה ממכרו ביד הקנה אתו עד שנת היובל ויצא ביבל ושב לאחזתו
(232813, 66, 4);200;ר;181003;(3, 25, 29, 45, 181003);47896;(3, 25, 29, 13, 47896);ממכרו;4;13;ואיש כי ימכר בית מושב עיר חומה והיתה גאלתו עד תם שנת ממכרו ימים תהיה גאלתו
(232813, 66, 4);400;ת;181069;(3, 25, 30, 52, 181069);47915;(3, 25, 30, 16, 47915);לצמיתת;5;16;ואם לא יגאל עד מלאת לו שנה תמימה וקם הבית אשר בעיר אשר לא חמה לצמיתת לקנה אתו לדרתיו לא יצא ביבל
(232813, 66, 4);5;ה;181135;(3, 25, 31, 43, 181135);47933;(3, 25, 31, 12, 47933);גאלה;4;12;ובתי החצרים אשר אין להם חמה סביב על שדה הארץ יחשב גאלה תהיה לו וביבל יצא
(232813, 66, 4);40;ם;181201;(3, 25, 33, 15, 181201);47950;(3, 25, 33, 4, 47950);הלוים;5;4;ואשר יגאל מן הלוים ויצא ממכר בית ועיר אחזתו ביבל כי בתי ערי הלוים הוא אחזתם בתוך בני ישראל
(232813, 66, 4);70;ע;181267;(3, 25, 34, 9, 181267);47968;(3, 25, 34, 3, 47968);עריהם;1;3;ושדה מגרש עריהם לא ימכר כי אחזת עולם הוא להם
(232813, 66, 4);70;ע;181333;(3, 25, 35, 40, 181333);47987;(3, 25, 35, 12, 47987);עמך;1;12;וכי ימוך אחיך ומטה ידו עמך והחזקת בו גר ותושב וחי עמך
(232813, 66, 4);30;ל;181399;(3, 25, 37, 25, 181399);48005;(3, 25, 37, 8, 48005);לא;1;8;את כספך לא תתן לו בנשך ובמרבית לא תתן אכלך
(232813, 66, 4);40;ם;181465;(3, 25, 38, 58, 181465);48022;(3, 25, 38, 15, 48022);לכם;3;15;אני יהוה אלהיכם אשר הוצאתי אתכם מארץ מצרים לתת לכם את ארץ כנען להיות לכם לאלהים
(232813, 66, 4);10;י;181531;(3, 25, 40, 24, 181531);48041;(3, 25, 40, 7, 48041);היבל;2;7;כשכיר כתושב יהיה עמך עד שנת היבל יעבד עמך
(232813, 66, 4);200;ר;181597;(3, 25, 42, 11, 181597);48059;(3, 25, 42, 4, 48059);אשר;3;4;כי עבדי הם אשר הוצאתי אתם מארץ מצרים לא ימכרו ממכרת עבד
(232813, 66, 4);20;ך;181663;(3, 25, 44, 10, 181663);48075;(3, 25, 44, 2, 48075);ואמתך;5;2;ועבדך ואמתך אשר יהיו לך מאת הגוים אשר סביבתיכם מהם תקנו עבד ואמה
(232813, 66, 4);40;מ;181729;(3, 25, 45, 24, 181729);48092;(3, 25, 45, 6, 48092);מהם;1;6;וגם מבני התושבים הגרים עמכם מהם תקנו וממשפחתם אשר עמכם אשר הולידו בארצכם והיו לכם לאחזה
(232813, 66, 4);1;א;181795;(3, 25, 46, 18, 181795);48106;(3, 25, 46, 4, 48106);אחריכם;1;4;והתנחלתם אתם לבניכם אחריכם לרשת אחזה לעלם בהם תעבדו ובאחיכם בני ישראל איש באחיו לא תרדה בו בפרך
(232813, 66, 4);10;י;181861;(3, 25, 47, 6, 181861);48122;(3, 25, 47, 2, 48122);תשיג;3;2;וכי תשיג יד גר ותושב עמך ומך אחיך עמו ונמכר לגר תושב עמך או לעקר משפחת גר
(232813, 66, 4);10;י;181927;(3, 25, 48, 15, 181927);48141;(3, 25, 48, 4, 48141);תהיה;3;4;אחרי נמכר גאלה תהיה לו אחד מאחיו יגאלנו
(232813, 66, 4);10;י;181993;(3, 25, 49, 49, 181993);48159;(3, 25, 49, 14, 48159);ידו;1;14;או דדו או בן דדו יגאלנו או משאר בשרו ממשפחתו יגאלנו או השיגה ידו ונגאל
(232813, 66, 4);200;ר;182059;(3, 25, 50, 59, 182059);48176;(3, 25, 50, 16, 48176);שכיר;4;16;וחשב עם קנהו משנת המכרו לו עד שנת היבל והיה כסף ממכרו במספר שנים כימי שכיר יהיה עמו
(232813, 66, 4);10;י;182125;(3, 25, 52, 22, 182125);48194;(3, 25, 52, 7, 48194);היבל;2;7;ואם מעט נשאר בשנים עד שנת היבל וחשב לו כפי שניו ישיב את גאלתו
(232813, 66, 4);30;ל;182191;(3, 25, 54, 4, 182191);48212;(3, 25, 54, 2, 48212);לא;1;2;ואם לא יגאל באלה ויצא בשנת היבל הוא ובניו עמו
(232813, 66, 4);6;ו;182257;(3, 25, 55, 34, 182257);48230;(3, 25, 55, 10, 48230);אותם;2;10;כי לי בני ישראל עבדים עבדי הם אשר הוצאתי אותם מארץ מצרים אני יהוה אלהיכם
(232813, 66, 4);400;ת;182323;(3, 26, 1, 42, 182323);48246;(3, 26, 1, 11, 48246);משכית;5;11;לא תעשו לכם אלילם ופסל ומצבה לא תקימו לכם ואבן משכית לא תתנו בארצכם להשתחות עליה כי אני יהוה אלהיכם
(232813, 66, 4);5;ה;182389;(3, 26, 2, 28, 182389);48262;(3, 26, 2, 7, 48262);יהוה;2;7;את שבתתי תשמרו ומקדשי תיראו אני יהוה
(232813, 66, 4);70;ע;182455;(3, 26, 4, 31, 182455);48277;(3, 26, 4, 7, 48277);ועץ;2;7;ונתתי גשמיכם בעתם ונתנה הארץ יבולה ועץ השדה יתן פריו
(232813, 66, 4);2;ב;182521;(3, 26, 5, 54, 182521);48294;(3, 26, 5, 14, 48294);לבטח;2;14;והשיג לכם דיש את בציר ובציר ישיג את זרע ואכלתם לחמכם לשבע וישבתם לבטח בארצכם
(232813, 66, 4);1;א;182587;(3, 26, 6, 58, 182587);48310;(3, 26, 6, 15, 48310);בארצכם;2;15;ונתתי שלום בארץ ושכבתם ואין מחריד והשבתי חיה רעה מן הארץ וחרב לא תעבר בארצכם
(232813, 66, 4);50;נ;182653;(3, 26, 8, 33, 182653);48325;(3, 26, 8, 9, 48325);ונפלו;2;9;ורדפו מכם חמשה מאה ומאה מכם רבבה ירדפו ונפלו איביכם לפניכם לחרב
(232813, 66, 4);10;י;182719;(3, 26, 9, 47, 182719);48337;(3, 26, 9, 9, 48337);בריתי;5;9;ופניתי אליכם והפריתי אתכם והרביתי אתכם והקימתי את בריתי אתכם
(232813, 66, 4);6;ו;182785;(3, 26, 12, 1, 182785);48353;(3, 26, 12, 1, 48353);והתהלכתי;1;1;והתהלכתי בתוככם והייתי לכם לאלהים ואתם תהיו לי לעם
(232813, 66, 4);20;כ;182851;(3, 26, 13, 25, 182851);48367;(3, 26, 13, 6, 48367);אתכם;3;6;אני יהוה אלהיכם אשר הוצאתי אתכם מארץ מצרים מהית להם עבדים ואשבר מטת עלכם ואולך אתכם קוממיות
(232813, 66, 4);400;ת;182917;(3, 26, 14, 16, 182917);48384;(3, 26, 14, 6, 48384);תעשו;1;6;ואם לא תשמעו לי ולא תעשו את כל המצות האלה
(232813, 66, 4);10;י;182983;(3, 26, 15, 50, 182983);48401;(3, 26, 15, 13, 48401);מצותי;5;13;ואם בחקתי תמאסו ואם את משפטי תגעל נפשכם לבלתי עשות את כל מצותי להפרכם את בריתי
(232813, 66, 4);10;י;183049;(3, 26, 16, 53, 183049);48418;(3, 26, 16, 14, 48418);עינים;2;14;אף אני אעשה זאת לכם והפקדתי עליכם בהלה את השחפת ואת הקדחת מכלות עינים ומדיבת נפש וזרעתם לריק זרעכם ואכלהו איביכם
(232813, 66, 4);40;ם;183115;(3, 26, 17, 27, 183115);48431;(3, 26, 17, 6, 48431);איביכם;6;6;ונתתי פני בכם ונגפתם לפני איביכם ורדו בכם שנאיכם ונסתם ואין רדף אתכם
(232813, 66, 4);30;ל;183181;(3, 26, 18, 37, 183181);48449;(3, 26, 18, 11, 48449);על;2;11;ואם עד אלה לא תשמעו לי ויספתי ליסרה אתכם שבע על חטאתיכם
(232813, 66, 4);30;ל;183247;(3, 26, 20, 13, 183247);48465;(3, 26, 20, 4, 48465);ולא;2;4;ותם לריק כחכם ולא תתן ארצכם את יבולה ועץ הארץ לא יתן פריו
(232813, 66, 4);30;ל;183313;(3, 26, 21, 34, 183313);48484;(3, 26, 21, 10, 48484);עליכם;2;10;ואם תלכו עמי קרי ולא תאבו לשמע לי ויספתי עליכם מכה שבע כחטאתיכם
(232813, 66, 4);9;ט;183379;(3, 26, 22, 49, 183379);48498;(3, 26, 22, 11, 48498);והמעיטה;6;11;והשלחתי בכם את חית השדה ושכלה אתכם והכריתה את בהמתכם והמעיטה אתכם ונשמו דרכיכם
(232813, 66, 4);20;כ;183445;(3, 26, 24, 22, 183445);48515;(3, 26, 24, 6, 48515);והכיתי;3;6;והלכתי אף אני עמכם בקרי והכיתי אתכם גם אני שבע על חטאתיכם
(232813, 66, 4);30;ל;183511;(3, 26, 25, 42, 183511);48531;(3, 26, 25, 10, 48531);ושלחתי;3;10;והבאתי עליכם חרב נקמת נקם ברית ונאספתם אל עריכם ושלחתי דבר בתוככם ונתתם ביד אויב
(232813, 66, 4);10;י;183577;(3, 26, 26, 42, 183577);48547;(3, 26, 26, 11, 48547);והשיבו;4;11;בשברי לכם מטה לחם ואפו עשר נשים לחמכם בתנור אחד והשיבו לחמכם במשקל ואכלתם ולא תשבעו
(232813, 66, 4);2;ב;183643;(3, 26, 28, 11, 183643);48563;(3, 26, 28, 3, 48563);בחמת;1;3;והלכתי עמכם בחמת קרי ויסרתי אתכם אף אני שבע על חטאתיכם
(232813, 66, 4);40;מ;183709;(3, 26, 30, 4, 183709);48578;(3, 26, 30, 1, 48578);והשמדתי;4;1;והשמדתי את במתיכם והכרתי את חמניכם ונתתי את פגריכם על פגרי גלוליכם וגעלה נפשי אתכם
(232813, 66, 4);50;נ;183775;(3, 26, 31, 2, 183775);48593;(3, 26, 31, 1, 48593);ונתתי;2;1;ונתתי את עריכם חרבה והשמותי את מקדשיכם ולא אריח בריח ניחחכם
(232813, 66, 4);40;מ;183841;(3, 26, 32, 19, 183841);48608;(3, 26, 32, 5, 48608);ושממו;4;5;והשמתי אני את הארץ ושממו עליה איביכם הישבים בה
(232813, 66, 4);200;ר;183907;(3, 26, 33, 47, 183907);48622;(3, 26, 33, 10, 48622);ועריכם;3;10;ואתכם אזרה בגוים והריקתי אחריכם חרב והיתה ארצכם שממה ועריכם יהיו חרבה
(232813, 66, 4);90;צ;183973;(3, 26, 34, 55, 183973);48639;(3, 26, 34, 15, 48639);והרצת;4;15;אז תרצה הארץ את שבתתיה כל ימי השמה ואתם בארץ איביכם אז תשבת הארץ והרצת את שבתתיה
(232813, 66, 4);1;א;184039;(3, 26, 36, 15, 184039);48655;(3, 26, 36, 3, 48655);והבאתי;4;3;והנשארים בכם והבאתי מרך בלבבם בארצת איביהם ורדף אתם קול עלה נדף ונסו מנסת חרב ונפלו ואין רדף
(232813, 66, 4);1;א;184105;(3, 26, 37, 6, 184105);48672;(3, 26, 37, 2, 48672);איש;1;2;וכשלו איש באחיו כמפני חרב ורדף אין ולא תהיה לכם תקומה לפני איביכם
(232813, 66, 4);20;כ;184171;(3, 26, 38, 19, 184171);48687;(3, 26, 38, 4, 48687);אתכם;3;4;ואבדתם בגוים ואכלה אתכם ארץ איביכם
(232813, 66, 4);6;ו;184237;(3, 26, 40, 6, 184237);48701;(3, 26, 40, 1, 48701);והתודו;6;1;והתודו את עונם ואת עון אבתם במעלם אשר מעלו בי ואף אשר הלכו עמי בקרי
(232813, 66, 4);1;א;184303;(3, 26, 41, 19, 184303);48721;(3, 26, 41, 6, 48721);והבאתי;4;6;אף אני אלך עמם בקרי והבאתי אתם בארץ איביהם או אז יכנע לבבם הערל ואז ירצו את עונם
(232813, 66, 4);1;א;184369;(3, 26, 42, 22, 184369);48739;(3, 26, 42, 6, 48739);את;1;6;וזכרתי את בריתי יעקוב ואף את בריתי יצחק ואף את בריתי אברהם אזכר והארץ אזכר
(232813, 66, 4);40;מ;184435;(3, 26, 43, 28, 184435);48755;(3, 26, 43, 7, 48755);בהשמה;4;7;והארץ תעזב מהם ותרץ את שבתתיה בהשמה מהם והם ירצו את עונם יען וביען במשפטי מאסו ואת חקתי געלה נפשם
(232813, 66, 4);1;א;184501;(3, 26, 44, 16, 184501);48773;(3, 26, 44, 5, 48773);בארץ;2;5;ואף גם זאת בהיותם בארץ איביהם לא מאסתים ולא געלתים לכלתם להפר בריתי אתם כי אני יהוה אלהיהם
(232813, 66, 4);40;ם;184567;(3, 26, 45, 9, 184567);48788;(3, 26, 45, 2, 48788);להם;3;2;וזכרתי להם ברית ראשנים אשר הוצאתי אתם מארץ מצרים לעיני הגוים להיות להם לאלהים אני יהוה
(232813, 66, 4);5;ה;184633;(3, 26, 46, 4, 184633);48804;(3, 26, 46, 2, 48804);החקים;1;2;אלה החקים והמשפטים והתורת אשר נתן יהוה בינו ובין בני ישראל בהר סיני ביד משה
(232813, 66, 4);5;ה;184699;(3, 27, 1, 9, 184699);48819;(3, 27, 1, 2, 48819);יהוה;4;2;וידבר יהוה אל משה לאמר
(232813, 66, 4);5;ה;184765;(3, 27, 3, 9, 184765);48838;(3, 27, 3, 3, 48838);הזכר;1;3;והיה ערכך הזכר מבן עשרים שנה ועד בן ששים שנה והיה ערכך חמשים שקל כסף בשקל הקדש
(232813, 66, 4);10;י;184831;(3, 27, 4, 13, 184831);48856;(3, 27, 4, 4, 48856);והיה;3;4;ואם נקבה הוא והיה ערכך שלשים שקל
(232813, 66, 4);2;ב;184897;(3, 27, 5, 53, 184897);48873;(3, 27, 5, 14, 48873);ולנקבה;5;14;ואם מבן חמש שנים ועד בן עשרים שנה והיה ערכך הזכר עשרים שקלים ולנקבה עשרת שקלים
(232813, 66, 4);300;ש;184963;(3, 27, 6, 56, 184963);48891;(3, 27, 6, 16, 48891);שלשת;1;16;ואם מבן חדש ועד בן חמש שנים והיה ערכך הזכר חמשה שקלים כסף ולנקבה ערכך שלשת שקלים כסף
(232813, 66, 4);10;י;185029;(3, 27, 7, 55, 185029);48908;(3, 27, 7, 15, 48908);שקלים;4;15;ואם מבן ששים שנה ומעלה אם זכר והיה ערכך חמשה עשר שקל ולנקבה עשרה שקלים
(232813, 66, 4);6;ו;185095;(3, 27, 8, 65, 185095);48925;(3, 27, 8, 17, 48925);יעריכנו;7;17;ואם מך הוא מערכך והעמידו לפני הכהן והעריך אתו הכהן על פי אשר תשיג יד הנדר יעריכנו הכהן
(232813, 66, 4);6;ו;185161;(3, 27, 10, 9, 185161);48942;(3, 27, 10, 2, 48942);יחליפנו;7;2;לא יחליפנו ולא ימיר אתו טוב ברע או רע בטוב ואם המר ימיר בהמה בבהמה והיה הוא ותמורתו יהיה קדש
(232813, 66, 4);1;א;185227;(3, 27, 11, 2, 185227);48961;(3, 27, 11, 1, 48961);ואם;2;1;ואם כל בהמה טמאה אשר לא יקריבו ממנה קרבן ליהוה והעמיד את הבהמה לפני הכהן
(232813, 66, 4);50;ן;185293;(3, 27, 12, 10, 185293);48977;(3, 27, 12, 2, 48977);הכהן;4;2;והעריך הכהן אתה בין טוב ובין רע כערכך הכהן כן יהיה
(232813, 66, 4);100;ק;185359;(3, 27, 14, 8, 185359);48996;(3, 27, 14, 3, 48996);יקדש;2;3;ואיש כי יקדש את ביתו קדש ליהוה והעריכו הכהן בין טוב ובין רע כאשר יעריך אתו הכהן כן יקום
(232813, 66, 4);40;מ;185425;(3, 27, 15, 5, 185425);49014;(3, 27, 15, 2, 49014);המקדיש;2;2;ואם המקדיש יגאל את ביתו ויסף חמישית כסף ערכך עליו והיה לו
(232813, 66, 4);5;ה;185491;(3, 27, 16, 25, 185491);49030;(3, 27, 16, 6, 49030);ליהוה;5;6;ואם משדה אחזתו יקדיש איש ליהוה והיה ערכך לפי זרעו זרע חמר שערים בחמשים שקל כסף
(232813, 66, 4);40;ם;185557;(3, 27, 17, 28, 185557);49047;(3, 27, 17, 7, 49047);יקום;4;7;אם משנת היבל יקדיש שדהו כערכך יקום
(232813, 66, 4);70;ע;185623;(3, 27, 18, 66, 185623);49066;(3, 27, 18, 19, 49066);מערכך;2;19;ואם אחר היבל יקדיש שדהו וחשב לו הכהן את הכסף על פי השנים הנותרת עד שנת היבל ונגרע מערכך
(232813, 66, 4);300;ש;185689;(3, 27, 20, 13, 185689);49085;(3, 27, 20, 5, 49085);השדה;2;5;ואם לא יגאל את השדה ואם מכר את השדה לאיש אחר לא יגאל עוד
(232813, 66, 4);5;ה;185755;(3, 27, 21, 36, 185755);49103;(3, 27, 21, 9, 49103);לכהן;3;9;והיה השדה בצאתו ביבל קדש ליהוה כשדה החרם לכהן תהיה אחזתו
(232813, 66, 4);200;ר;185821;(3, 27, 23, 19, 185821);49121;(3, 27, 23, 6, 49121);הערכך;3;6;וחשב לו הכהן את מכסת הערכך עד שנת היבל ונתן את הערכך ביום ההוא קדש ליהוה
(232813, 66, 4);400;ת;185887;(3, 27, 24, 28, 185887);49138;(3, 27, 24, 7, 49138);מאתו;3;7;בשנת היובל ישוב השדה לאשר קנהו מאתו לאשר לו אחזת הארץ
(232813, 66, 4);5;ה;185953;(3, 27, 26, 16, 185953);49156;(3, 27, 26, 5, 49156);ליהוה;3;5;אך בכור אשר יבכר ליהוה בבהמה לא יקדיש איש אתו אם שור אם שה ליהוה הוא
(232813, 66, 4);300;ש;186019;(3, 27, 27, 29, 186019);49174;(3, 27, 27, 7, 49174);חמשתו;3;7;ואם בבהמה הטמאה ופדה בערכך ויסף חמשתו עליו ואם לא יגאל ונמכר בערכך
(232813, 66, 4);40;מ;186085;(3, 27, 28, 41, 186085);49193;(3, 27, 28, 13, 49193);ומשדה;2;13;אך כל חרם אשר יחרם איש ליהוה מכל אשר לו מאדם ובהמה ומשדה אחזתו לא ימכר ולא יגאל כל חרם קדש קדשים הוא ליהוה
(232813, 66, 4);5;ה;186151;(3, 27, 29, 24, 186151);49212;(3, 27, 29, 8, 49212);יפדה;4;8;כל חרם אשר יחרם מן האדם לא יפדה מות יומת
(232813, 66, 4);300;ש;186217;(3, 27, 31, 17, 186217);49230;(3, 27, 31, 5, 49230);ממעשרו;4;5;ואם גאל יגאל איש ממעשרו חמשיתו יסף עליו
(232813, 66, 4);10;י;186283;(3, 27, 33, 3, 186283);49248;(3, 27, 33, 2, 49248);יבקר;1;2;לא יבקר בין טוב לרע ולא ימירנו ואם המר ימירנו והיה הוא ותמורתו יהיה קדש לא יגאל
(232813, 66, 4);90;צ;186349;(3, 27, 34, 6, 186349);49265;(3, 27, 34, 2, 49265);המצות;3;2;אלה המצות אשר צוה יהוה את משה אל בני ישראל בהר סיני
(232813, 66, 4);2;ב;186415;(4, 1, 1, 32, 186415);49284;(4, 1, 1, 9, 49284);באחד;1;9;וידבר יהוה אל משה במדבר סיני באהל מועד באחד לחדש השני בשנה השנית לצאתם מארץ מצרים לאמר
(232813, 66, 4);40;ם;186481;(4, 1, 2, 28, 186481);49300;(4, 1, 2, 8, 49300);למשפחתם;7;8;שאו את ראש כל עדת בני ישראל למשפחתם לבית אבתם במספר שמות כל זכר לגלגלתם
(232813, 66, 4);400;ת;186547;(4, 1, 3, 37, 186547);49317;(4, 1, 3, 10, 49317);אתם;2;10;מבן עשרים שנה ומעלה כל יצא צבא בישראל תפקדו אתם לצבאתם אתה ואהרן
(232813, 66, 4);40;ם;186613;(4, 1, 5, 14, 186613);49333;(4, 1, 5, 3, 49333);האנשים;6;3;ואלה שמות האנשים אשר יעמדו אתכם לראובן אליצור בן שדיאור
(232813, 66, 4);50;ן;186679;(4, 1, 7, 13, 186679);49347;(4, 1, 7, 3, 49347);בן;2;3;ליהודה נחשון בן עמינדב
(232813, 66, 4);6;ו;186745;(4, 1, 10, 27, 186745);49362;(4, 1, 10, 6, 49362);עמיהוד;5;6;לבני יוסף לאפרים אלישמע בן עמיהוד למנשה גמליאל בן פדהצור
(232813, 66, 4);2;ב;186811;(4, 1, 13, 11, 186811);49377;(4, 1, 13, 3, 49377);בן;1;3;לאשר פגעיאל בן עכרן
(232813, 66, 4);300;ש;186877;(4, 1, 16, 29, 186877);49393;(4, 1, 16, 7, 49393);ראשי;3;7;אלה קריאי העדה נשיאי מטות אבותם ראשי אלפי ישראל הם
(232813, 66, 4);8;ח;186943;(4, 1, 18, 18, 186943);49410;(4, 1, 18, 5, 49410);באחד;3;5;ואת כל העדה הקהילו באחד לחדש השני ויתילדו על משפחתם לבית אבתם במספר שמות מבן עשרים שנה ומעלה לגלגלתם
(232813, 66, 4);1;א;187009;(4, 1, 19, 2, 187009);49425;(4, 1, 19, 1, 49425);כאשר;2;1;כאשר צוה יהוה את משה ויפקדם במדבר סיני
(232813, 66, 4);10;י;187075;(4, 1, 20, 37, 187075);49440;(4, 1, 20, 8, 49440);לבית;3;8;ויהיו בני ראובן בכר ישראל תולדתם למשפחתם לבית אבתם במספר שמות לגלגלתם כל זכר מבן עשרים שנה ומעלה כל יצא צבא
(232813, 66, 4);300;ש;187141;(4, 1, 21, 16, 187141);49457;(4, 1, 21, 4, 49457);ששה;1;4;פקדיהם למטה ראובן ששה וארבעים אלף וחמש מאות
(232813, 66, 4);3;ג;187207;(4, 1, 22, 46, 187207);49471;(4, 1, 22, 10, 49471);לגלגלתם;2;10;לבני שמעון תולדתם למשפחתם לבית אבתם פקדיו במספר שמות לגלגלתם כל זכר מבן עשרים שנה ומעלה כל יצא צבא
(232813, 66, 4);300;ש;187273;(4, 1, 23, 32, 187273);49487;(4, 1, 23, 7, 49487);ושלש;4;7;פקדיהם למטה שמעון תשעה וחמשים אלף ושלש מאות
(232813, 66, 4);100;ק;187339;(4, 1, 25, 2, 187339);49504;(4, 1, 25, 1, 49504);פקדיהם;2;1;פקדיהם למטה גד חמשה וארבעים אלף ושש מאות וחמשים
(232813, 66, 4);400;ת;187405;(4, 1, 26, 29, 187405);49518;(4, 1, 26, 6, 49518);אבתם;3;6;לבני יהודה תולדתם למשפחתם לבית אבתם במספר שמת מבן עשרים שנה ומעלה כל יצא צבא
(232813, 66, 4);40;מ;187471;(4, 1, 27, 33, 187471);49535;(4, 1, 27, 8, 49535);מאות;1;8;פקדיהם למטה יהודה ארבעה ושבעים אלף ושש מאות
(232813, 66, 4);80;פ;187537;(4, 1, 29, 1, 187537);49551;(4, 1, 29, 1, 49551);פקדיהם;1;1;פקדיהם למטה יששכר ארבעה וחמשים אלף וארבע מאות
(232813, 66, 4);400;ת;187603;(4, 1, 30, 29, 187603);49564;(4, 1, 30, 6, 49564);אבתם;3;6;לבני זבולן תולדתם למשפחתם לבית אבתם במספר שמת מבן עשרים שנה ומעלה כל יצא צבא
(232813, 66, 4);70;ע;187669;(4, 1, 31, 33, 187669);49580;(4, 1, 31, 7, 49580);וארבע;5;7;פקדיהם למטה זבולן שבעה וחמשים אלף וארבע מאות
(232813, 66, 4);5;ה;187735;(4, 1, 32, 62, 187735);49595;(4, 1, 32, 14, 49595);ומעלה;5;14;לבני יוסף לבני אפרים תולדתם למשפחתם לבית אבתם במספר שמת מבן עשרים שנה ומעלה כל יצא צבא
(232813, 66, 4);1;א;187801;(4, 1, 34, 26, 187801);49611;(4, 1, 34, 6, 49611);אבתם;1;6;לבני מנשה תולדתם למשפחתם לבית אבתם במספר שמות מבן עשרים שנה ומעלה כל יצא צבא
(232813, 66, 4);1;א;187867;(4, 1, 35, 30, 187867);49627;(4, 1, 35, 7, 49627);ומאתים;3;7;פקדיהם למטה מנשה שנים ושלשים אלף ומאתים
(232813, 66, 4);80;פ;187933;(4, 1, 37, 1, 187933);49643;(4, 1, 37, 1, 49643);פקדיהם;1;1;פקדיהם למטה בנימן חמשה ושלשים אלף וארבע מאות
(232813, 66, 4);60;ס;187999;(4, 1, 38, 30, 187999);49657;(4, 1, 38, 7, 49657);במספר;3;7;לבני דן תולדתם למשפחתם לבית אבתם במספר שמת מבן עשרים שנה ומעלה כל יצא צבא
(232813, 66, 4);1;א;188065;(4, 1, 40, 5, 188065);49675;(4, 1, 40, 2, 49675);אשר;1;2;לבני אשר תולדתם למשפחתם לבית אבתם במספר שמת מבן עשרים שנה ומעלה כל יצא צבא
(232813, 66, 4);1;א;188131;(4, 1, 41, 11, 188131);49691;(4, 1, 41, 3, 49691);אשר;1;3;פקדיהם למטה אשר אחד וארבעים אלף וחמש מאות
(232813, 66, 4);200;ר;188197;(4, 1, 42, 43, 188197);49706;(4, 1, 42, 10, 49706);עשרים;3;10;בני נפתלי תולדתם למשפחתם לבית אבתם במספר שמת מבן עשרים שנה ומעלה כל יצא צבא
(232813, 66, 4);300;ש;188263;(4, 1, 44, 11, 188263);49722;(4, 1, 44, 3, 49722);אשר;2;3;אלה הפקדים אשר פקד משה ואהרן ונשיאי ישראל שנים עשר איש איש אחד לבית אבתיו היו
(232813, 66, 4);10;י;188329;(4, 1, 45, 15, 188329);49739;(4, 1, 45, 4, 49739);בני;3;4;ויהיו כל פקודי בני ישראל לבית אבתם מבן עשרים שנה ומעלה כל יצא צבא בישראל
(232813, 66, 4);6;ו;188395;(4, 1, 46, 23, 188395);49757;(4, 1, 46, 7, 49757);ושלשת;1;7;ויהיו כל הפקדים שש מאות אלף ושלשת אלפים וחמש מאות וחמשים
(232813, 66, 4);1;א;188461;(4, 1, 48, 16, 188461);49772;(4, 1, 48, 5, 49772);לאמר;2;5;וידבר יהוה אל משה לאמר
(232813, 66, 4);4;ד;188527;(4, 1, 50, 24, 188527);49792;(4, 1, 50, 7, 49792);העדת;3;7;ואתה הפקד את הלוים על משכן העדת ועל כל כליו ועל כל אשר לו המה ישאו את המשכן ואת כל כליו והם ישרתהו וסביב למשכן יחנו
(232813, 66, 4);6;ו;188593;(4, 1, 50, 90, 188593);49811;(4, 1, 50, 26, 49811);יחנו;4;26;ואתה הפקד את הלוים על משכן העדת ועל כל כליו ועל כל אשר לו המה ישאו את המשכן ואת כל כליו והם ישרתהו וסביב למשכן יחנו
(232813, 66, 4);10;י;188659;(4, 1, 52, 7, 188659);49826;(4, 1, 52, 2, 49826);בני;3;2;וחנו בני ישראל איש על מחנהו ואיש על דגלו לצבאתם
(232813, 66, 4);30;ל;188725;(4, 1, 53, 35, 188725);49843;(4, 1, 53, 9, 49843);על;2;9;והלוים יחנו סביב למשכן העדת ולא יהיה קצף על עדת בני ישראל ושמרו הלוים את משמרת משכן העדות
(232813, 66, 4);40;מ;188791;(4, 1, 54, 29, 188791);49861;(4, 1, 54, 9, 49861);משה;1;9;ויעשו בני ישראל ככל אשר צוה יהוה את משה כן עשו
(232813, 66, 4);40;מ;188857;(4, 2, 2, 34, 188857);49880;(4, 2, 2, 10, 49880);מנגד;1;10;איש על דגלו באתת לבית אבתם יחנו בני ישראל מנגד סביב לאהל מועד יחנו
(232813, 66, 4);5;ה;188923;(4, 2, 3, 47, 188923);49894;(4, 2, 3, 10, 49894);יהודה;5;10;והחנים קדמה מזרחה דגל מחנה יהודה לצבאתם ונשיא לבני יהודה נחשון בן עמינדב
(232813, 66, 4);50;נ;188989;(4, 2, 5, 20, 188989);49909;(4, 2, 5, 5, 49909);ונשיא;2;5;והחנים עליו מטה יששכר ונשיא לבני יששכר נתנאל בן צוער
(232813, 66, 4);6;ו;189055;(4, 2, 7, 9, 189055);49924;(4, 2, 7, 3, 49924);ונשיא;1;3;מטה זבולן ונשיא לבני זבולן אליאב בן חלן
(232813, 66, 4);40;מ;189121;(4, 2, 9, 10, 189121);49939;(4, 2, 9, 3, 49939);למחנה;2;3;כל הפקדים למחנה יהודה מאת אלף ושמנים אלף וששת אלפים וארבע מאות לצבאתם ראשנה יסעו
(232813, 66, 4);6;ו;189187;(4, 2, 10, 10, 189187);49954;(4, 2, 10, 3, 49954);ראובן;3;3;דגל מחנה ראובן תימנה לצבאתם ונשיא לבני ראובן אליצור בן שדיאור
(232813, 66, 4);6;ו;189253;(4, 2, 11, 25, 189253);49968;(4, 2, 11, 6, 49968);וחמש;1;6;וצבאו ופקדיו ששה וארבעים אלף וחמש מאות
(232813, 66, 4);40;ם;189319;(4, 2, 13, 12, 189319);49981;(4, 2, 13, 2, 49981);ופקדיהם;7;2;וצבאו ופקדיהם תשעה וחמשים אלף ושלש מאות
(232813, 66, 4);5;ה;189385;(4, 2, 15, 16, 189385);49997;(4, 2, 15, 3, 49997);חמשה;4;3;וצבאו ופקדיהם חמשה וארבעים אלף ושש מאות וחמשים
(232813, 66, 4);40;מ;189451;(4, 2, 16, 43, 189451);50013;(4, 2, 16, 11, 50013);מאות;1;11;כל הפקדים למחנה ראובן מאת אלף ואחד וחמשים אלף וארבע מאות וחמשים לצבאתם ושנים יסעו
(232813, 66, 4);70;ע;189517;(4, 2, 17, 42, 189517);50028;(4, 2, 17, 11, 50028);יסעו;3;11;ונסע אהל מועד מחנה הלוים בתוך המחנת כאשר יחנו כן יסעו איש על ידו לדגליהם
(232813, 66, 4);6;ו;189583;(4, 2, 19, 1, 189583);50044;(4, 2, 19, 1, 50044);וצבאו;1;1;וצבאו ופקדיהם ארבעים אלף וחמש מאות
(232813, 66, 4);6;ו;189649;(4, 2, 20, 38, 189649);50058;(4, 2, 20, 9, 50058);פדהצור;5;9;ועליו מטה מנשה ונשיא לבני מנשה גמליאל בן פדהצור
(232813, 66, 4);50;נ;189715;(4, 2, 22, 34, 189715);50072;(4, 2, 22, 8, 50072);גדעני;4;8;ומטה בנימן ונשיא לבני בנימן אבידן בן גדעני
(232813, 66, 4);30;ל;189781;(4, 2, 24, 31, 189781);50087;(4, 2, 24, 8, 50087);אלפים;2;8;כל הפקדים למחנה אפרים מאת אלף ושמנת אלפים ומאה לצבאתם ושלשים יסעו
(232813, 66, 4);4;ד;189847;(4, 2, 25, 43, 189847);50102;(4, 2, 25, 11, 50102);עמישדי;5;11;דגל מחנה דן צפנה לצבאתם ונשיא לבני דן אחיעזר בן עמישדי
(232813, 66, 4);1;א;189913;(4, 2, 27, 33, 189913);50117;(4, 2, 27, 8, 50117);פגעיאל;5;8;והחנים עליו מטה אשר ונשיא לבני אשר פגעיאל בן עכרן
(232813, 66, 4);10;י;189979;(4, 2, 29, 26, 189979);50132;(4, 2, 29, 6, 50132);אחירע;3;6;ומטה נפתלי ונשיא לבני נפתלי אחירע בן עינן
(232813, 66, 4);2;ב;190045;(4, 2, 31, 24, 190045);50148;(4, 2, 31, 7, 50148);ושבעה;3;7;כל הפקדים למחנה דן מאת אלף ושבעה וחמשים אלף ושש מאות לאחרנה יסעו לדגליהם
(232813, 66, 4);10;י;190111;(4, 2, 32, 31, 190111);50163;(4, 2, 32, 8, 50163);פקודי;5;8;אלה פקודי בני ישראל לבית אבתם כל פקודי המחנת לצבאתם שש מאות אלף ושלשת אלפים וחמש מאות וחמשים
(232813, 66, 4);10;י;190177;(4, 2, 33, 22, 190177);50179;(4, 2, 33, 6, 50179);ישראל;1;6;והלוים לא התפקדו בתוך בני ישראל כאשר צוה יהוה את משה
(232813, 66, 4);50;ן;190243;(4, 2, 34, 46, 190243);50197;(4, 2, 34, 13, 50197);וכן;3;13;ויעשו בני ישראל ככל אשר צוה יהוה את משה כן חנו לדגליהם וכן נסעו איש למשפחתיו על בית אבתיו
(232813, 66, 4);6;ו;190309;(4, 3, 2, 1, 190309);50215;(4, 3, 2, 1, 50215);ואלה;1;1;ואלה שמות בני אהרן הבכר נדב ואביהוא אלעזר ואיתמר
(232813, 66, 4);1;א;190375;(4, 3, 3, 27, 190375);50230;(4, 3, 3, 7, 50230);אשר;1;7;אלה שמות בני אהרן הכהנים המשחים אשר מלא ידם לכהן
(232813, 66, 4);10;י;190441;(4, 3, 4, 54, 190441);50246;(4, 3, 4, 13, 50246);ובנים;4;13;וימת נדב ואביהוא לפני יהוה בהקרבם אש זרה לפני יהוה במדבר סיני ובנים לא היו להם ויכהן אלעזר ואיתמר על פני אהרן אביהם
(232813, 66, 4);5;ה;190507;(4, 3, 6, 9, 190507);50264;(4, 3, 6, 3, 50264);מטה;3;3;הקרב את מטה לוי והעמדת אתו לפני אהרן הכהן ושרתו אתו
(232813, 66, 4);30;ל;190573;(4, 3, 7, 34, 190573);50281;(4, 3, 7, 9, 50281);אהל;3;9;ושמרו את משמרתו ואת משמרת כל העדה לפני אהל מועד לעבד את עבדת המשכן
(232813, 66, 4);40;מ;190639;(4, 3, 8, 47, 190639);50300;(4, 3, 8, 14, 50300);המשכן;2;14;ושמרו את כל כלי אהל מועד ואת משמרת בני ישראל לעבד את עבדת המשכן
(232813, 66, 4);6;ו;190705;(4, 3, 10, 14, 190705);50316;(4, 3, 10, 4, 50316);בניו;4;4;ואת אהרן ואת בניו תפקד ושמרו את כהנתם והזר הקרב יומת
(232813, 66, 4);40;מ;190771;(4, 3, 12, 20, 190771);50334;(4, 3, 12, 6, 50334);מתוך;1;6;ואני הנה לקחתי את הלוים מתוך בני ישראל תחת כל בכור פטר רחם מבני ישראל והיו לי הלוים
(232813, 66, 4);30;ל;190837;(4, 3, 13, 20, 190837);50353;(4, 3, 13, 7, 50353);כל;2;7;כי לי כל בכור ביום הכתי כל בכור בארץ מצרים הקדשתי לי כל בכור בישראל מאדם עד בהמה לי יהיו אני יהוה
(232813, 66, 4);1;א;190903;(4, 3, 14, 10, 190903);50371;(4, 3, 14, 3, 50371);אל;1;3;וידבר יהוה אל משה במדבר סיני לאמר
(232813, 66, 4);10;י;190969;(4, 3, 16, 2, 190969);50389;(4, 3, 16, 1, 50389);ויפקד;2;1;ויפקד אתם משה על פי יהוה כאשר צוה
(232813, 66, 4);2;ב;191035;(4, 3, 18, 9, 191035);50407;(4, 3, 18, 3, 50407);בני;1;3;ואלה שמות בני גרשון למשפחתם לבני ושמעי
(232813, 66, 4);30;ל;191101;(4, 3, 20, 9, 191101);50421;(4, 3, 20, 3, 50421);למשפחתם;1;3;ובני מררי למשפחתם מחלי ומושי אלה הם משפחת הלוי לבית אבתם
(232813, 66, 4);30;ל;191167;(4, 3, 21, 29, 191167);50435;(4, 3, 21, 6, 50435);אלה;2;6;לגרשון משפחת הלבני ומשפחת השמעי אלה הם משפחת הגרשני
(232813, 66, 4);300;ש;191233;(4, 3, 23, 2, 191233);50451;(4, 3, 23, 1, 50451);משפחת;2;1;משפחת הגרשני אחרי המשכן יחנו ימה
(232813, 66, 4);2;ב;191299;(4, 3, 25, 15, 191299);50467;(4, 3, 25, 4, 50467);באהל;1;4;ומשמרת בני גרשון באהל מועד המשכן והאהל מכסהו ומסך פתח אהל מועד
(232813, 66, 4);300;ש;191365;(4, 3, 26, 30, 191365);50484;(4, 3, 26, 9, 50484);המשכן;3;9;וקלעי החצר ואת מסך פתח החצר אשר על המשכן ועל המזבח סביב ואת מיתריו לכל עבדתו
(232813, 66, 4);5;ה;191431;(4, 3, 27, 35, 191431);50498;(4, 3, 27, 7, 50498);החברני;1;7;ולקהת משפחת העמרמי ומשפחת היצהרי ומשפחת החברני ומשפחת העזיאלי אלה הם משפחת הקהתי
(232813, 66, 4);300;ש;191497;(4, 3, 28, 33, 191497);50513;(4, 3, 28, 9, 50513);ושש;3;9;במספר כל זכר מבן חדש ומעלה שמנת אלפים ושש מאות שמרי משמרת הקדש
(232813, 66, 4);5;ה;191563;(4, 3, 30, 19, 191563);50530;(4, 3, 30, 5, 50530);הקהתי;3;5;ונשיא בית אב למשפחת הקהתי אליצפן בן עזיאל
(232813, 66, 4);5;ה;191629;(4, 3, 31, 51, 191629);50544;(4, 3, 31, 11, 50544);והמסך;2;11;ומשמרתם הארן והשלחן והמנרה והמזבחת וכלי הקדש אשר ישרתו בהם והמסך וכל עבדתו
(232813, 66, 4);8;ח;191695;(4, 3, 33, 9, 191695);50559;(4, 3, 33, 2, 50559);משפחת;4;2;למררי משפחת המחלי ומשפחת המושי אלה הם משפחת מררי
(232813, 66, 4);10;י;191761;(4, 3, 34, 35, 191761);50575;(4, 3, 34, 9, 50575);אלפים;4;9;ופקדיהם במספר כל זכר מבן חדש ומעלה ששת אלפים ומאתים
(232813, 66, 4);300;ש;191827;(4, 3, 36, 7, 191827);50591;(4, 3, 36, 2, 50591);משמרת;2;2;ופקדת משמרת בני מררי קרשי המשכן ובריחיו ועמדיו ואדניו וכל כליו וכל עבדתו
(232813, 66, 4);2;ב;191893;(4, 3, 37, 13, 191893);50605;(4, 3, 37, 3, 50605);סביב;4;3;ועמדי החצר סביב ואדניהם ויתדתם ומיתריהם
(232813, 66, 4);2;ב;191959;(4, 3, 38, 45, 191959);50619;(4, 3, 38, 11, 50619);ובניו;2;11;והחנים לפני המשכן קדמה לפני אהל מועד מזרחה משה ואהרן ובניו שמרים משמרת המקדש למשמרת בני ישראל והזר הקרב יומת
(232813, 66, 4);6;ו;192025;(4, 3, 39, 22, 192025);50635;(4, 3, 39, 7, 50635);ואהרן;1;7;כל פקודי הלוים אשר פקד משה ואהרן על פי יהוה למשפחתם כל זכר מבן חדש ומעלה שנים ועשרים אלף
(232813, 66, 4);20;כ;192091;(4, 3, 40, 18, 192091);50653;(4, 3, 40, 6, 50653);כל;1;6;ויאמר יהוה אל משה פקד כל בכר זכר לבני ישראל מבן חדש ומעלה ושא את מספר שמתם
(232813, 66, 4);30;ל;192157;(4, 3, 41, 26, 192157);50672;(4, 3, 41, 8, 50672);כל;2;8;ולקחת את הלוים לי אני יהוה תחת כל בכר בבני ישראל ואת בהמת הלוים תחת כל בכור בבהמת בני ישראל
(232813, 66, 4);1;א;192223;(4, 3, 42, 20, 192223);50690;(4, 3, 42, 6, 50690);אתו;1;6;ויפקד משה כאשר צוה יהוה אתו את כל בכור בבני ישראל
(232813, 66, 4);200;ר;192289;(4, 3, 43, 47, 192289);50707;(4, 3, 43, 12, 50707);ועשרים;4;12;ויהי כל בכור זכר במספר שמת מבן חדש ומעלה לפקדיהם שנים ועשרים אלף שלשה ושבעים ומאתים
(232813, 66, 4);30;ל;192355;(4, 3, 45, 27, 192355);50724;(4, 3, 45, 8, 50724);ישראל;5;8;קח את הלוים תחת כל בכור בבני ישראל ואת בהמת הלוים תחת בהמתם והיו לי הלוים אני יהוה
(232813, 66, 4);5;ה;192421;(4, 3, 46, 28, 192421);50740;(4, 3, 46, 6, 50740);העדפים;1;6;ואת פדויי השלשה והשבעים והמאתים העדפים על הלוים מבכור בני ישראל
(232813, 66, 4);3;ג;192487;(4, 3, 47, 41, 192487);50755;(4, 3, 47, 10, 50755);גרה;1;10;ולקחת חמשת חמשת שקלים לגלגלת בשקל הקדש תקח עשרים גרה השקל
(232813, 66, 4);10;י;192553;(4, 3, 49, 26, 192553);50770;(4, 3, 49, 7, 50770);העדפים;5;7;ויקח משה את כסף הפדיום מאת העדפים על פדויי הלוים
(232813, 66, 4);300;ש;192619;(4, 3, 50, 53, 192619);50787;(4, 3, 50, 14, 50787);הקדש;4;14;מאת בכור בני ישראל לקח את הכסף חמשה וששים ושלש מאות ואלף בשקל הקדש
(232813, 66, 4);5;ה;192685;(4, 4, 1, 14, 192685);50806;(4, 4, 1, 4, 50806);משה;3;4;וידבר יהוה אל משה ואל אהרן לאמר
(232813, 66, 4);5;ה;192751;(4, 4, 3, 16, 192751);50824;(4, 4, 3, 4, 50824);ומעלה;5;4;מבן שלשים שנה ומעלה ועד בן חמשים שנה כל בא לצבא לעשות מלאכה באהל מועד
(232813, 66, 4);4;ד;192817;(4, 4, 4, 27, 192817);50843;(4, 4, 4, 8, 50843);הקדשים;3;8;זאת עבדת בני קהת באהל מועד קדש הקדשים
(232813, 66, 4);60;ס;192883;(4, 4, 6, 11, 192883);50860;(4, 4, 6, 3, 50860);כסוי;2;3;ונתנו עליו כסוי עור תחש ופרשו בגד כליל תכלת מלמעלה ושמו בדיו
(232813, 66, 4);50;נ;192949;(4, 4, 7, 28, 192949);50876;(4, 4, 7, 7, 50876);ונתנו;4;7;ועל שלחן הפנים יפרשו בגד תכלת ונתנו עליו את הקערת ואת הכפת ואת המנקית ואת קשות הנסך ולחם התמיד עליו יהיה
(232813, 66, 4);40;ם;193015;(4, 4, 8, 10, 193015);50892;(4, 4, 8, 2, 50892);עליהם;5;2;ופרשו עליהם בגד תולעת שני וכסו אתו במכסה עור תחש ושמו את בדיו
(232813, 66, 4);200;ר;193081;(4, 4, 9, 27, 193081);50910;(4, 4, 9, 7, 50910);המאור;5;7;ולקחו בגד תכלת וכסו את מנרת המאור ואת נרתיה ואת מלקחיה ואת מחתתיה ואת כל כלי שמנה אשר ישרתו לה בהם
(232813, 66, 4);30;ל;193147;(4, 4, 10, 15, 193147);50929;(4, 4, 10, 5, 50929);כליה;2;5;ונתנו אתה ואת כל כליה אל מכסה עור תחש ונתנו על המוט
(232813, 66, 4);300;ש;193213;(4, 4, 11, 41, 193213);50947;(4, 4, 11, 11, 50947);תחש;3;11;ועל מזבח הזהב יפרשו בגד תכלת וכסו אתו במכסה עור תחש ושמו את בדיו
(232813, 66, 4);60;ס;193279;(4, 4, 12, 56, 193279);50966;(4, 4, 12, 16, 50966);במכסה;4;16;ולקחו את כל כלי השרת אשר ישרתו בם בקדש ונתנו אל בגד תכלת וכסו אותם במכסה עור תחש ונתנו על המוט
(232813, 66, 4);300;ש;193345;(4, 4, 14, 19, 193345);50984;(4, 4, 14, 6, 50984);אשר;2;6;ונתנו עליו את כל כליו אשר ישרתו עליו בהם את המחתת את המזלגת ואת היעים ואת המזרקת כל כלי המזבח ופרשו עליו כסוי עור תחש ושמו בדיו
(232813, 66, 4);60;ס;193411;(4, 4, 14, 85, 193411);51001;(4, 4, 14, 23, 51001);כסוי;2;23;ונתנו עליו את כל כליו אשר ישרתו עליו בהם את המחתת את המזלגת ואת היעים ואת המזרקת כל כלי המזבח ופרשו עליו כסוי עור תחש ושמו בדיו
(232813, 66, 4);20;כ;193477;(4, 4, 15, 50, 193477);51019;(4, 4, 15, 14, 51019);כן;1;14;וכלה אהרן ובניו לכסת את הקדש ואת כל כלי הקדש בנסע המחנה ואחרי כן יבאו בני קהת לשאת ולא יגעו אל הקדש ומתו אלה משא בני קהת באהל מועד
(232813, 66, 4);5;ה;193543;(4, 4, 16, 14, 193543);51038;(4, 4, 16, 4, 51038);אהרן;2;4;ופקדת אלעזר בן אהרן הכהן שמן המאור וקטרת הסמים ומנחת התמיד ושמן המשחה פקדת כל המשכן וכל אשר בו בקדש ובכליו
(232813, 66, 4);300;ש;193609;(4, 4, 16, 80, 193609);51054;(4, 4, 16, 20, 51054);בקדש;4;20;ופקדת אלעזר בן אהרן הכהן שמן המאור וקטרת הסמים ומנחת התמיד ושמן המשחה פקדת כל המשכן וכל אשר בו בקדש ובכליו
(232813, 66, 4);1;א;193675;(4, 4, 19, 3, 193675);51071;(4, 4, 19, 1, 51071);וזאת;3;1;וזאת עשו להם וחיו ולא ימתו בגשתם את קדש הקדשים אהרן ובניו יבאו ושמו אותם איש איש על עבדתו ואל משאו
(232813, 66, 4);4;ד;193741;(4, 4, 19, 69, 193741);51089;(4, 4, 19, 19, 51089);עבדתו;3;19;וזאת עשו להם וחיו ולא ימתו בגשתם את קדש הקדשים אהרן ובניו יבאו ושמו אותם איש איש על עבדתו ואל משאו
(232813, 66, 4);200;ר;193807;(4, 4, 22, 13, 193807);51108;(4, 4, 22, 5, 51108);גרשון;2;5;נשא את ראש בני גרשון גם הם לבית אבתם למשפחתם
(232813, 66, 4);2;ב;193873;(4, 4, 23, 44, 193873);51126;(4, 4, 23, 13, 51126);לצבא;3;13;מבן שלשים שנה ומעלה עד בן חמשים שנה תפקד אותם כל הבא לצבא צבא לעבד עבדה באהל מועד
(232813, 66, 4);1;א;193939;(4, 4, 25, 19, 193939);51142;(4, 4, 25, 5, 51142);ואת;2;5;ונשאו את יריעת המשכן ואת אהל מועד מכסהו ומכסה התחש אשר עליו מלמעלה ואת מסך פתח אהל מועד
(232813, 66, 4);40;מ;194005;(4, 4, 26, 15, 194005);51160;(4, 4, 26, 5, 51160);מסך;1;5;ואת קלעי החצר ואת מסך פתח שער החצר אשר על המשכן ועל המזבח סביב ואת מיתריהם ואת כל כלי עבדתם ואת כל אשר יעשה להם ועבדו
(232813, 66, 4);10;י;194071;(4, 4, 26, 81, 194071);51179;(4, 4, 26, 24, 51179);יעשה;1;24;ואת קלעי החצר ואת מסך פתח שער החצר אשר על המשכן ועל המזבח סביב ואת מיתריהם ואת כל כלי עבדתם ואת כל אשר יעשה להם ועבדו
(232813, 66, 4);70;ע;194137;(4, 4, 27, 55, 194137);51196;(4, 4, 27, 15, 51196);עלהם;1;15;על פי אהרן ובניו תהיה כל עבדת בני הגרשני לכל משאם ולכל עבדתם ופקדתם עלהם במשמרת את כל משאם
(232813, 66, 4);200;ר;194203;(4, 4, 28, 49, 194203);51212;(4, 4, 28, 12, 51212);אהרן;3;12;זאת עבדת משפחת בני הגרשני באהל מועד ומשמרתם ביד איתמר בן אהרן הכהן
(232813, 66, 4);100;ק;194269;(4, 4, 30, 32, 194269);51229;(4, 4, 30, 9, 51229);תפקדם;3;9;מבן שלשים שנה ומעלה ועד בן חמשים שנה תפקדם כל הבא לצבא לעבד את עבדת אהל מועד
(232813, 66, 4);50;ן;194335;(4, 4, 31, 38, 194335);51246;(4, 4, 31, 9, 51246);המשכן;5;9;וזאת משמרת משאם לכל עבדתם באהל מועד קרשי המשכן ובריחיו ועמודיו ואדניו
(232813, 66, 4);20;כ;194401;(4, 4, 32, 46, 194401);51258;(4, 4, 32, 9, 51258);ולכל;3;9;ועמודי החצר סביב ואדניהם ויתדתם ומיתריהם לכל כליהם ולכל עבדתם ובשמת תפקדו את כלי משמרת משאם
(232813, 66, 4);2;ב;194467;(4, 4, 33, 36, 194467);51275;(4, 4, 33, 10, 51275);ביד;1;10;זאת עבדת משפחת בני מררי לכל עבדתם באהל מועד ביד איתמר בן אהרן הכהן
(232813, 66, 4);40;ם;194533;(4, 4, 34, 49, 194533);51290;(4, 4, 34, 11, 51290);אבתם;4;11;ויפקד משה ואהרן ונשיאי העדה את בני הקהתי למשפחתם ולבית אבתם
(232813, 66, 4);80;פ;194599;(4, 4, 36, 15, 194599);51307;(4, 4, 36, 3, 51307);למשפחתם;4;3;ויהיו פקדיהם למשפחתם אלפים שבע מאות וחמשים
(232813, 66, 4);200;ר;194665;(4, 4, 37, 45, 194665);51323;(4, 4, 37, 12, 51323);ואהרן;4;12;אלה פקודי משפחת הקהתי כל העבד באהל מועד אשר פקד משה ואהרן על פי יהוה ביד משה
(232813, 66, 4);2;ב;194731;(4, 4, 39, 20, 194731);51340;(4, 4, 39, 6, 51340);בן;1;6;מבן שלשים שנה ומעלה ועד בן חמשים שנה כל הבא לצבא לעבדה באהל מועד
(232813, 66, 4);40;מ;194797;(4, 4, 40, 35, 194797);51356;(4, 4, 40, 8, 51356);מאות;1;8;ויהיו פקדיהם למשפחתם לבית אבתם אלפים ושש מאות ושלשים
(232813, 66, 4);5;ה;194863;(4, 4, 41, 57, 194863);51373;(4, 4, 41, 16, 51373);יהוה;4;16;אלה פקודי משפחת בני גרשון כל העבד באהל מועד אשר פקד משה ואהרן על פי יהוה
(232813, 66, 4);2;ב;194929;(4, 4, 43, 33, 194929);51390;(4, 4, 43, 10, 51390);הבא;2;10;מבן שלשים שנה ומעלה ועד בן חמשים שנה כל הבא לצבא לעבדה באהל מועד
(232813, 66, 4);50;נ;194995;(4, 4, 45, 15, 194995);51404;(4, 4, 45, 4, 51404);בני;2;4;אלה פקודי משפחת בני מררי אשר פקד משה ואהרן על פי יהוה ביד משה
(232813, 66, 4);30;ל;195061;(4, 4, 46, 33, 195061);51422;(4, 4, 46, 8, 51422);ישראל;5;8;כל הפקדים אשר פקד משה ואהרן ונשיאי ישראל את הלוים למשפחתם ולבית אבתם
(232813, 66, 4);70;ע;195127;(4, 4, 47, 43, 195127);51440;(4, 4, 47, 13, 51440);עבדה;1;13;מבן שלשים שנה ומעלה ועד בן חמשים שנה כל הבא לעבד עבדת עבדה ועבדת משא באהל מועד
(232813, 66, 4);6;ו;195193;(4, 4, 49, 13, 195193);51456;(4, 4, 49, 5, 51456);אותם;2;5;על פי יהוה פקד אותם ביד משה איש איש על עבדתו ועל משאו ופקדיו אשר צוה יהוה את משה
(232813, 66, 4);40;מ;195259;(4, 5, 1, 17, 195259);51475;(4, 5, 1, 5, 51475);לאמר;3;5;וידבר יהוה אל משה לאמר
(232813, 66, 4);8;ח;195325;(4, 5, 3, 19, 195325);51495;(4, 5, 3, 6, 51495);מחוץ;2;6;מזכר עד נקבה תשלחו אל מחוץ למחנה תשלחום ולא יטמאו את מחניהם אשר אני שכן בתוכם
(232813, 66, 4);6;ו;195391;(4, 5, 4, 23, 195391);51511;(4, 5, 4, 6, 51511);אותם;2;6;ויעשו כן בני ישראל וישלחו אותם אל מחוץ למחנה כאשר דבר יהוה אל משה כן עשו בני ישראל
(232813, 66, 4);2;ב;195457;(4, 5, 6, 6, 195457);51531;(4, 5, 6, 3, 51531);בני;1;3;דבר אל בני ישראל איש או אשה כי יעשו מכל חטאת האדם למעל מעל ביהוה ואשמה הנפש ההוא
(232813, 66, 4);8;ח;195523;(4, 5, 7, 9, 195523);51549;(4, 5, 7, 3, 51549);חטאתם;1;3;והתודו את חטאתם אשר עשו והשיב את אשמו בראשו וחמישתו יסף עליו ונתן לאשר אשם לו
(232813, 66, 4);30;ל;195589;(4, 5, 8, 13, 195589);51566;(4, 5, 8, 4, 51566);גאל;3;4;ואם אין לאיש גאל להשיב האשם אליו האשם המושב ליהוה לכהן מלבד איל הכפרים אשר יכפר בו עליו
(232813, 66, 4);30;ל;195655;(4, 5, 9, 9, 195655);51583;(4, 5, 9, 3, 51583);לכל;1;3;וכל תרומה לכל קדשי בני ישראל אשר יקריבו לכהן לו יהיה
(232813, 66, 4);10;י;195721;(4, 5, 10, 33, 195721);51602;(4, 5, 10, 11, 51602);יהיה;1;11;ואיש את קדשיו לו יהיו איש אשר יתן לכהן לו יהיה
(232813, 66, 4);6;ו;195787;(4, 5, 12, 45, 195787);51620;(4, 5, 12, 13, 51620);בו;2;13;דבר אל בני ישראל ואמרת אלהם איש איש כי תשטה אשתו ומעלה בו מעל
(232813, 66, 4);80;פ;195853;(4, 5, 13, 63, 195853);51638;(4, 5, 13, 17, 51638);נתפשה;3;17;ושכב איש אתה שכבת זרע ונעלם מעיני אישה ונסתרה והיא נטמאה ועד אין בה והוא לא נתפשה
(232813, 66, 4);1;א;195919;(4, 5, 14, 64, 195919);51656;(4, 5, 14, 18, 51656);והיא;4;18;ועבר עליו רוח קנאה וקנא את אשתו והוא נטמאה או עבר עליו רוח קנאה וקנא את אשתו והיא לא נטמאה
(232813, 66, 4);90;צ;195985;(4, 5, 15, 59, 195985);51674;(4, 5, 15, 16, 51674);יצק;2;16;והביא האיש את אשתו אל הכהן והביא את קרבנה עליה עשירת האיפה קמח שערים לא יצק עליו שמן ולא יתן עליו לבנה כי מנחת קנאת הוא מנחת זכרון מזכרת עון
(232813, 66, 4);6;ו;196051;(4, 5, 16, 14, 196051);51692;(4, 5, 16, 4, 51692);והעמדה;1;4;והקריב אתה הכהן והעמדה לפני יהוה
(232813, 66, 4);5;ה;196117;(4, 5, 17, 53, 196117);51708;(4, 5, 17, 14, 51708);הכהן;3;14;ולקח הכהן מים קדשים בכלי חרש ומן העפר אשר יהיה בקרקע המשכן יקח הכהן ונתן אל המים
(232813, 66, 4);7;ז;196183;(4, 5, 18, 55, 196183);51727;(4, 5, 18, 16, 51727);הזכרון;2;16;והעמיד הכהן את האשה לפני יהוה ופרע את ראש האשה ונתן על כפיה את מנחת הזכרון מנחת קנאת הוא וביד הכהן יהיו מי המרים המאררים
(232813, 66, 4);40;ם;196249;(4, 5, 19, 25, 196249);51743;(4, 5, 19, 7, 51743);אם;2;7;והשביע אתה הכהן ואמר אל האשה אם לא שכב איש אתך ואם לא שטית טמאה תחת אישך הנקי ממי המרים המאררים האלה
(232813, 66, 4);400;ת;196315;(4, 5, 20, 12, 196315);51762;(4, 5, 20, 4, 51762);תחת;3;4;ואת כי שטית תחת אישך וכי נטמאת ויתן איש בך את שכבתו מבלעדי אישך
(232813, 66, 4);40;מ;196381;(4, 5, 21, 28, 196381);51779;(4, 5, 21, 7, 51779);ואמר;3;7;והשביע הכהן את האשה בשבעת האלה ואמר הכהן לאשה יתן יהוה אותך לאלה ולשבעה בתוך עמך בתת יהוה את ירכך נפלת ואת בטנך צבה
(232813, 66, 4);2;ב;196447;(4, 5, 22, 2, 196447);51797;(4, 5, 22, 1, 51797);ובאו;2;1;ובאו המים המאררים האלה במעיך לצבות בטן ולנפל ירך ואמרה האשה אמן אמן
(232813, 66, 4);30;ל;196513;(4, 5, 23, 13, 196513);51813;(4, 5, 23, 4, 51813);האלה;3;4;וכתב את האלת האלה הכהן בספר ומחה אל מי המרים
(232813, 66, 4);40;ם;196579;(4, 5, 24, 44, 196579);51830;(4, 5, 24, 11, 51830);המאררים;7;11;והשקה את האשה את מי המרים המאררים ובאו בה המים המאררים למרים
(232813, 66, 4);2;ב;196645;(4, 5, 25, 61, 196645);51847;(4, 5, 25, 16, 51847);המזבח;4;16;ולקח הכהן מיד האשה את מנחת הקנאת והניף את המנחה לפני יהוה והקריב אתה אל המזבח
(232813, 66, 4);10;י;196711;(4, 5, 27, 10, 196711);51864;(4, 5, 27, 3, 51864);המים;3;3;והשקה את המים והיתה אם נטמאה ותמעל מעל באישה ובאו בה המים המאררים למרים וצבתה בטנה ונפלה ירכה והיתה האשה לאלה בקרב עמה
(232813, 66, 4);5;ה;196777;(4, 5, 27, 76, 196777);51879;(4, 5, 27, 18, 51879);ירכה;4;18;והשקה את המים והיתה אם נטמאה ותמעל מעל באישה ובאו בה המים המאררים למרים וצבתה בטנה ונפלה ירכה והיתה האשה לאלה בקרב עמה
(232813, 66, 4);50;נ;196843;(4, 5, 29, 10, 196843);51896;(4, 5, 29, 3, 51896);הקנאת;3;3;זאת תורת הקנאת אשר תשטה אשה תחת אישה ונטמאה
(232813, 66, 4);400;ת;196909;(4, 5, 30, 41, 196909);51914;(4, 5, 30, 12, 51914);את;2;12;או איש אשר תעבר עליו רוח קנאה וקנא את אשתו והעמיד את האשה לפני יהוה ועשה לה הכהן את כל התורה הזאת
(232813, 66, 4);6;ו;196975;(4, 6, 1, 1, 196975);51933;(4, 6, 1, 1, 51933);וידבר;1;1;וידבר יהוה אל משה לאמר
(232813, 66, 4);5;ה;197041;(4, 6, 2, 49, 197041);51952;(4, 6, 2, 15, 51952);להזיר;2;15;דבר אל בני ישראל ואמרת אלהם איש או אשה כי יפלא לנדר נדר נזיר להזיר ליהוה
(232813, 66, 4);10;י;197107;(4, 6, 3, 58, 197107);51969;(4, 6, 3, 16, 51969);לחים;3;16;מיין ושכר יזיר חמץ יין וחמץ שכר לא ישתה וכל משרת ענבים לא ישתה וענבים לחים ויבשים לא יאכל
(232813, 66, 4);200;ר;197173;(4, 6, 5, 8, 197173);51988;(4, 6, 5, 3, 51988);נדר;3;3;כל ימי נדר נזרו תער לא יעבר על ראשו עד מלאת הימם אשר יזיר ליהוה קדש יהיה גדל פרע שער ראשו
(232813, 66, 4);10;י;197239;(4, 6, 6, 5, 197239);52008;(4, 6, 6, 2, 52008);ימי;3;2;כל ימי הזירו ליהוה על נפש מת לא יבא
(232813, 66, 4);6;ו;197305;(4, 6, 7, 44, 197305);52026;(4, 6, 7, 11, 52026);אלהיו;5;11;לאביו ולאמו לאחיו ולאחתו לא יטמא להם במתם כי נזר אלהיו על ראשו
(232813, 66, 4);6;ו;197371;(4, 6, 9, 40, 197371);52045;(4, 6, 9, 11, 52045);ראשו;4;11;וכי ימות מת עליו בפתע פתאם וטמא ראש נזרו וגלח ראשו ביום טהרתו ביום השביעי יגלחנו
(232813, 66, 4);30;ל;197437;(4, 6, 10, 41, 197437);52062;(4, 6, 10, 12, 52062);אל;2;12;וביום השמיני יבא שתי תרים או שני בני יונה אל הכהן אל פתח אהל מועד
(232813, 66, 4);2;ב;197503;(4, 6, 11, 56, 197503);52081;(4, 6, 11, 16, 52081);ביום;1;16;ועשה הכהן אחד לחטאת ואחד לעלה וכפר עליו מאשר חטא על הנפש וקדש את ראשו ביום ההוא
(232813, 66, 4);1;א;197569;(4, 6, 12, 59, 197569);52097;(4, 6, 12, 15, 52097);טמא;3;15;והזיר ליהוה את ימי נזרו והביא כבש בן שנתו לאשם והימים הראשנים יפלו כי טמא נזרו
(232813, 66, 4);10;י;197635;(4, 6, 14, 15, 197635);52115;(4, 6, 14, 4, 52115);ליהוה;2;4;והקריב את קרבנו ליהוה כבש בן שנתו תמים אחד לעלה וכבשה אחת בת שנתה תמימה לחטאת ואיל אחד תמים לשלמים
(232813, 66, 4);60;ס;197701;(4, 6, 15, 2, 197701);52132;(4, 6, 15, 1, 52132);וסל;2;1;וסל מצות סלת חלת בלולת בשמן ורקיקי מצות משחים בשמן ומנחתם ונסכיהם
(232813, 66, 4);10;י;197767;(4, 6, 16, 14, 197767);52146;(4, 6, 16, 3, 52146);לפני;4;3;והקריב הכהן לפני יהוה ועשה את חטאתו ואת עלתו
(232813, 66, 4);40;מ;197833;(4, 6, 17, 44, 197833);52165;(4, 6, 17, 13, 52165);מנחתו;1;13;ואת האיל יעשה זבח שלמים ליהוה על סל המצות ועשה הכהן את מנחתו ואת נסכו
(232813, 66, 4);300;ש;197899;(4, 6, 18, 55, 197899);52184;(4, 6, 18, 17, 52184);אשר;2;17;וגלח הנזיר פתח אהל מועד את ראש נזרו ולקח את שער ראש נזרו ונתן על האש אשר תחת זבח השלמים
(232813, 66, 4);400;ת;197965;(4, 6, 19, 53, 197965);52203;(4, 6, 19, 16, 52203);ונתן;3;16;ולקח הכהן את הזרע בשלה מן האיל וחלת מצה אחת מן הסל ורקיק מצה אחד ונתן על כפי הנזיר אחר התגלחו את נזרו
(232813, 66, 4);7;ז;198031;(4, 6, 20, 40, 198031);52221;(4, 6, 20, 11, 52221);חזה;2;11;והניף אותם הכהן תנופה לפני יהוה קדש הוא לכהן על חזה התנופה ועל שוק התרומה ואחר ישתה הנזיר יין
(232813, 66, 4);50;נ;198097;(4, 6, 21, 31, 198097);52238;(4, 6, 21, 9, 52238);נזרו;1;9;זאת תורת הנזיר אשר ידר קרבנו ליהוה על נזרו מלבד אשר תשיג ידו כפי נדרו אשר ידר כן יעשה על תורת נזרו
(232813, 66, 4);2;ב;198163;(4, 6, 23, 2, 198163);52257;(4, 6, 23, 1, 52257);דבר;2;1;דבר אל אהרן ואל בניו לאמר כה תברכו את בני ישראל אמור להם
(232813, 66, 4);50;נ;198229;(4, 6, 25, 9, 198229);52275;(4, 6, 25, 3, 52275);פניו;2;3;יאר יהוה פניו אליך ויחנך
(232813, 66, 4);10;י;198295;(4, 7, 1, 2, 198295);52293;(4, 7, 1, 1, 52293);ויהי;2;1;ויהי ביום כלות משה להקים את המשכן וימשח אתו ויקדש אתו ואת כל כליו ואת המזבח ואת כל כליו וימשחם ויקדש אתם
(232813, 66, 4);10;י;198361;(4, 7, 1, 68, 198361);52311;(4, 7, 1, 19, 52311);כליו;3;19;ויהי ביום כלות משה להקים את המשכן וימשח אתו ויקדש אתו ואת כל כליו ואת המזבח ואת כל כליו וימשחם ויקדש אתם
(232813, 66, 4);80;פ;198427;(4, 7, 2, 51, 198427);52327;(4, 7, 2, 13, 52327);הפקדים;2;13;ויקריבו נשיאי ישראל ראשי בית אבתם הם נשיאי המטת הם העמדים על הפקדים
(232813, 66, 4);4;ד;198493;(4, 7, 3, 62, 198493);52344;(4, 7, 3, 17, 52344);לאחד;4;17;ויביאו את קרבנם לפני יהוה שש עגלת צב ושני עשר בקר עגלה על שני הנשאים ושור לאחד ויקריבו אותם לפני המשכן
(232813, 66, 4);6;ו;198559;(4, 7, 5, 28, 198559);52362;(4, 7, 5, 9, 52362);ונתתה;1;9;קח מאתם והיו לעבד את עבדת אהל מועד ונתתה אותם אל הלוים איש כפי עבדתו
(232813, 66, 4);400;ת;198625;(4, 7, 7, 4, 198625);52380;(4, 7, 7, 2, 52380);שתי;2;2;את שתי העגלות ואת ארבעת הבקר נתן לבני גרשון כפי עבדתם
(232813, 66, 4);30;ל;198691;(4, 7, 8, 27, 198691);52397;(4, 7, 8, 8, 52397);לבני;1;8;ואת ארבע העגלת ואת שמנת הבקר נתן לבני מררי כפי עבדתם ביד איתמר בן אהרן הכהן
(232813, 66, 4);300;ש;198757;(4, 7, 9, 33, 198757);52415;(4, 7, 9, 10, 52415);ישאו;2;10;ולבני קהת לא נתן כי עבדת הקדש עלהם בכתף ישאו
(232813, 66, 4);8;ח;198823;(4, 7, 10, 64, 198823);52429;(4, 7, 10, 14, 52429);המזבח;5;14;ויקריבו הנשאים את חנכת המזבח ביום המשח אתו ויקריבו הנשיאם את קרבנם לפני המזבח
(232813, 66, 4);100;ק;198889;(4, 7, 12, 7, 198889);52446;(4, 7, 12, 2, 52446);המקריב;3;2;ויהי המקריב ביום הראשון את קרבנו נחשון בן עמינדב למטה יהודה
(232813, 66, 4);1;א;198955;(4, 7, 13, 24, 198955);52461;(4, 7, 13, 6, 52461);ומאה;3;6;וקרבנו קערת כסף אחת שלשים ומאה משקלה מזרק אחד כסף שבעים שקל בשקל הקדש שניהם מלאים סלת בלולה בשמן למנחה
(232813, 66, 4);300;ש;199021;(4, 7, 14, 7, 199021);52478;(4, 7, 14, 3, 52478);עשרה;2;3;כף אחת עשרה זהב מלאה קטרת
(232813, 66, 4);8;ח;199087;(4, 7, 17, 5, 199087);52497;(4, 7, 17, 1, 52497);ולזבח;5;1;ולזבח השלמים בקר שנים אילם חמשה עתודים חמשה כבשים בני שנה חמשה זה קרבן נחשון בן עמינדב
(232813, 66, 4);2;ב;199153;(4, 7, 18, 1, 199153);52514;(4, 7, 18, 1, 52514);ביום;1;1;ביום השני הקריב נתנאל בן צוער נשיא יששכר
(232813, 66, 4);30;ל;199219;(4, 7, 19, 34, 199219);52530;(4, 7, 19, 9, 52530);משקלה;4;9;הקרב את קרבנו קערת כסף אחת שלשים ומאה משקלה מזרק אחד כסף שבעים שקל בשקל הקדש שניהם מלאים סלת בלולה בשמן למנחה
(232813, 66, 4);2;ב;199285;(4, 7, 20, 12, 199285);52547;(4, 7, 20, 4, 52547);זהב;3;4;כף אחת עשרה זהב מלאה קטרת
(232813, 66, 4);10;י;199351;(4, 7, 23, 10, 199351);52566;(4, 7, 23, 2, 52566);השלמים;5;2;ולזבח השלמים בקר שנים אילם חמשה עתדים חמשה כבשים בני שנה חמשה זה קרבן נתנאל בן צוער
(232813, 66, 4);300;ש;199417;(4, 7, 24, 9, 199417);52583;(4, 7, 24, 2, 52583);השלישי;5;2;ביום השלישי נשיא לבני זבולן אליאב בן חלן
(232813, 66, 4);70;ע;199483;(4, 7, 25, 42, 199483);52600;(4, 7, 25, 11, 52600);שבעים;3;11;קרבנו קערת כסף אחת שלשים ומאה משקלה מזרק אחד כסף שבעים שקל בשקל הקדש שניהם מלאים סלת בלולה בשמן למנחה
(232813, 66, 4);2;ב;199549;(4, 7, 27, 6, 199549);52618;(4, 7, 27, 3, 52618);בן;1;3;פר אחד בן בקר איל אחד כבש אחד בן שנתו לעלה
(232813, 66, 4);40;מ;199615;(4, 7, 29, 24, 199615);52636;(4, 7, 29, 6, 52636);חמשה;2;6;ולזבח השלמים בקר שנים אילם חמשה עתדים חמשה כבשים בני שנה חמשה זה קרבן אליאב בן חלן
(232813, 66, 4);1;א;199681;(4, 7, 30, 24, 199681);52653;(4, 7, 30, 6, 52653);אליצור;1;6;ביום הרביעי נשיא לבני ראובן אליצור בן שדיאור
(232813, 66, 4);100;ק;199747;(4, 7, 31, 53, 199747);52669;(4, 7, 31, 14, 52669);הקדש;2;14;קרבנו קערת כסף אחת שלשים ומאה משקלה מזרק אחד כסף שבעים שקל בשקל הקדש שניהם מלאים סלת בלולה בשמן למנחה
(232813, 66, 4);20;כ;199813;(4, 7, 33, 17, 199813);52688;(4, 7, 33, 7, 52688);כבש;1;7;פר אחד בן בקר איל אחד כבש אחד בן שנתו לעלה
(232813, 66, 4);5;ה;199879;(4, 7, 35, 35, 199879);52704;(4, 7, 35, 8, 52704);חמשה;4;8;ולזבח השלמים בקר שנים אילם חמשה עתדים חמשה כבשים בני שנה חמשה זה קרבן אליצור בן שדיאור
(232813, 66, 4);50;ן;199945;(4, 7, 36, 31, 199945);52720;(4, 7, 36, 7, 52720);בן;2;7;ביום החמישי נשיא לבני שמעון שלמיאל בן צורישדי
(232813, 66, 4);5;ה;200011;(4, 7, 37, 59, 200011);52736;(4, 7, 37, 15, 52736);שניהם;4;15;קרבנו קערת כסף אחת שלשים ומאה משקלה מזרק אחד כסף שבעים שקל בשקל הקדש שניהם מלאים סלת בלולה בשמן למנחה
(232813, 66, 4);2;ב;200077;(4, 7, 39, 23, 200077);52756;(4, 7, 39, 9, 52756);בן;1;9;פר אחד בן בקר איל אחד כבש אחד בן שנתו לעלה
(232813, 66, 4);2;ב;200143;(4, 7, 41, 41, 200143);52772;(4, 7, 41, 10, 52772);בני;1;10;ולזבח השלמים בקר שנים אילם חמשה עתדים חמשה כבשים בני שנה חמשה זה קרבן שלמיאל בן צורישדי
(232813, 66, 4);100;ק;200209;(4, 7, 43, 6, 200209);52789;(4, 7, 43, 2, 52789);קערת;1;2;קרבנו קערת כסף אחת שלשים ומאה משקלה מזרק אחד כסף שבעים שקל בשקל הקדש שניהם מלאים סלת בלולה בשמן למנחה
(232813, 66, 4);30;ל;200275;(4, 7, 43, 72, 200275);52805;(4, 7, 43, 18, 52805);בלולה;4;18;קרבנו קערת כסף אחת שלשים ומאה משקלה מזרק אחד כסף שבעים שקל בשקל הקדש שניהם מלאים סלת בלולה בשמן למנחה
(232813, 66, 4);200;ר;200341;(4, 7, 46, 4, 200341);52825;(4, 7, 46, 1, 52825);שעיר;4;1;שעיר עזים אחד לחטאת
(232813, 66, 4);200;ר;200407;(4, 7, 47, 54, 200407);52842;(4, 7, 47, 14, 52842);קרבן;2;14;ולזבח השלמים בקר שנים אילם חמשה עתדים חמשה כבשים בני שנה חמשה זה קרבן אליסף בן דעואל
(232813, 66, 4);400;ת;200473;(4, 7, 49, 15, 200473);52857;(4, 7, 49, 4, 52857);אחת;3;4;קרבנו קערת כסף אחת שלשים ומאה משקלה מזרק אחד כסף שבעים שקל בשקל הקדש שניהם מלאים סלת בלולה בשמן למנחה
(232813, 66, 4);8;ח;200539;(4, 7, 49, 81, 200539);52873;(4, 7, 49, 20, 52873);למנחה;4;20;קרבנו קערת כסף אחת שלשים ומאה משקלה מזרק אחד כסף שבעים שקל בשקל הקדש שניהם מלאים סלת בלולה בשמן למנחה
(232813, 66, 4);8;ח;200605;(4, 7, 52, 13, 200605);52894;(4, 7, 52, 4, 52894);לחטאת;2;4;שעיר עזים אחד לחטאת
(232813, 66, 4);2;ב;200671;(4, 7, 53, 63, 200671);52910;(4, 7, 53, 16, 52910);בן;1;16;ולזבח השלמים בקר שנים אילם חמשה עתדים חמשה כבשים בני שנה חמשה זה קרבן אלישמע בן עמיהוד
(232813, 66, 4);1;א;200737;(4, 7, 55, 23, 200737);52925;(4, 7, 55, 6, 52925);ומאה;3;6;קרבנו קערת כסף אחת שלשים ומאה משקלה מזרק אחד כסף שבעים שקל בשקל הקדש שניהם מלאים סלת בלולה בשמן למנחה
(232813, 66, 4);300;ש;200803;(4, 7, 56, 7, 200803);52942;(4, 7, 56, 3, 52942);עשרה;2;3;כף אחת עשרה זהב מלאה קטרת
(232813, 66, 4);8;ח;200869;(4, 7, 59, 5, 200869);52961;(4, 7, 59, 1, 52961);ולזבח;5;1;ולזבח השלמים בקר שנים אילם חמשה עתדים חמשה כבשים בני שנה חמשה זה קרבן גמליאל בן פדהצור
(232813, 66, 4);2;ב;200935;(4, 7, 60, 1, 200935);52978;(4, 7, 60, 1, 52978);ביום;1;1;ביום התשיעי נשיא לבני בנימן אבידן בן גדעני
(232813, 66, 4);200;ר;201001;(4, 7, 61, 32, 201001);52993;(4, 7, 61, 8, 52993);מזרק;3;8;קרבנו קערת כסף אחת שלשים ומאה משקלה מזרק אחד כסף שבעים שקל בשקל הקדש שניהם מלאים סלת בלולה בשמן למנחה
(232813, 66, 4);5;ה;201067;(4, 7, 62, 16, 201067);53010;(4, 7, 62, 5, 53010);מלאה;4;5;כף אחת עשרה זהב מלאה קטרת
(232813, 66, 4);200;ר;201133;(4, 7, 65, 14, 201133);53029;(4, 7, 65, 3, 53029);בקר;3;3;ולזבח השלמים בקר שנים אילם חמשה עתדים חמשה כבשים בני שנה חמשה זה קרבן אבידן בן גדעני
(232813, 66, 4);300;ש;201199;(4, 7, 66, 12, 201199);53046;(4, 7, 66, 3, 53046);נשיא;2;3;ביום העשירי נשיא לבני דן אחיעזר בן עמישדי
(232813, 66, 4);40;ם;201265;(4, 7, 67, 44, 201265);53062;(4, 7, 67, 11, 53062);שבעים;5;11;קרבנו קערת כסף אחת שלשים ומאה משקלה מזרק אחד כסף שבעים שקל בשקל הקדש שניהם מלאים סלת בלולה בשמן למנחה
(232813, 66, 4);2;ב;201331;(4, 7, 69, 8, 201331);53081;(4, 7, 69, 4, 53081);בקר;1;4;פר אחד בן בקר איל אחד כבש אחד בן שנתו לעלה
(232813, 66, 4);5;ה;201397;(4, 7, 71, 26, 201397);53098;(4, 7, 71, 6, 53098);חמשה;4;6;ולזבח השלמים בקר שנים אילם חמשה עתדים חמשה כבשים בני שנה חמשה זה קרבן אחיעזר בן עמישדי
(232813, 66, 4);10;י;201463;(4, 7, 72, 22, 201463);53115;(4, 7, 72, 6, 53115);לבני;4;6;ביום עשתי עשר יום נשיא לבני אשר פגעיאל בן עכרן
(232813, 66, 4);30;ל;201529;(4, 7, 73, 51, 201529);53132;(4, 7, 73, 13, 53132);בשקל;4;13;קרבנו קערת כסף אחת שלשים ומאה משקלה מזרק אחד כסף שבעים שקל בשקל הקדש שניהם מלאים סלת בלולה בשמן למנחה
(232813, 66, 4);8;ח;201595;(4, 7, 75, 15, 201595);53151;(4, 7, 75, 6, 53151);אחד;2;6;פר אחד בן בקר איל אחד כבש אחד בן שנתו לעלה
(232813, 66, 4);40;מ;201661;(4, 7, 77, 33, 201661);53168;(4, 7, 77, 8, 53168);חמשה;2;8;ולזבח השלמים בקר שנים אילם חמשה עתדים חמשה כבשים בני שנה חמשה זה קרבן פגעיאל בן עכרן
(232813, 66, 4);200;ר;201727;(4, 7, 78, 31, 201727);53185;(4, 7, 78, 8, 53185);אחירע;4;8;ביום שנים עשר יום נשיא לבני נפתלי אחירע בן עינן
(232813, 66, 4);5;ה;201793;(4, 7, 79, 59, 201793);53202;(4, 7, 79, 15, 53202);שניהם;4;15;קרבנו קערת כסף אחת שלשים ומאה משקלה מזרק אחד כסף שבעים שקל בשקל הקדש שניהם מלאים סלת בלולה בשמן למנחה
(232813, 66, 4);2;ב;201859;(4, 7, 81, 23, 201859);53222;(4, 7, 81, 9, 53222);בן;1;9;פר אחד בן בקר איל אחד כבש אחד בן שנתו לעלה
(232813, 66, 4);2;ב;201925;(4, 7, 83, 41, 201925);53238;(4, 7, 83, 10, 53238);בני;1;10;ולזבח השלמים בקר שנים אילם חמשה עתדים חמשה כבשים בני שנה חמשה זה קרבן אחירע בן עינן
(232813, 66, 4);400;ת;201991;(4, 7, 84, 40, 201991);53255;(4, 7, 84, 10, 53255);קערת;4;10;זאת חנכת המזבח ביום המשח אתו מאת נשיאי ישראל קערת כסף שתים עשרה מזרקי כסף שנים עשר כפות זהב שתים עשרה
(232813, 66, 4);70;ע;202057;(4, 7, 85, 25, 202057);53272;(4, 7, 85, 6, 53272);ושבעים;4;6;שלשים ומאה הקערה האחת כסף ושבעים המזרק האחד כל כסף הכלים אלפים וארבע מאות בשקל הקדש
(232813, 66, 4);400;ת;202123;(4, 7, 86, 23, 202123);53288;(4, 7, 86, 6, 53288);קטרת;4;6;כפות זהב שתים עשרה מלאת קטרת עשרה עשרה הכף בשקל הקדש כל זהב הכפות עשרים ומאה
(232813, 66, 4);10;י;202189;(4, 7, 87, 28, 202189);53306;(4, 7, 87, 8, 53306);שנים;3;8;כל הבקר לעלה שנים עשר פרים אילם שנים עשר כבשים בני שנה שנים עשר ומנחתם ושעירי עזים שנים עשר לחטאת
(232813, 66, 4);70;ע;202255;(4, 7, 88, 16, 202255);53323;(4, 7, 88, 5, 53323);עשרים;1;5;וכל בקר זבח השלמים עשרים וארבעה פרים אילם ששים עתדים ששים כבשים בני שנה ששים זאת חנכת המזבח אחרי המשח אתו
(232813, 66, 4);8;ח;202321;(4, 7, 88, 82, 202321);53338;(4, 7, 88, 20, 53338);המשח;4;20;וכל בקר זבח השלמים עשרים וארבעה פרים אילם ששים עתדים ששים כבשים בני שנה ששים זאת חנכת המזבח אחרי המשח אתו
(232813, 66, 4);40;מ;202387;(4, 7, 89, 63, 202387);53358;(4, 7, 89, 19, 53358);מבין;1;19;ובבא משה אל אהל מועד לדבר אתו וישמע את הקול מדבר אליו מעל הכפרת אשר על ארן העדת מבין שני הכרבים וידבר אליו
(232813, 66, 4);5;ה;202453;(4, 8, 2, 27, 202453);53375;(4, 8, 2, 8, 53375);הנרת;1;8;דבר אל אהרן ואמרת אליו בהעלתך את הנרת אל מול פני המנורה יאירו שבעת הנרות
(232813, 66, 4);1;א;202519;(4, 8, 3, 35, 202519);53392;(4, 8, 3, 10, 53392);כאשר;2;10;ויעש כן אהרן אל מול פני המנורה העלה נרתיה כאשר צוה יהוה את משה
(232813, 66, 4);5;ה;202585;(4, 8, 4, 52, 202585);53411;(4, 8, 4, 15, 53411);יהוה;2;15;וזה מעשה המנרה מקשה זהב עד ירכה עד פרחה מקשה הוא כמראה אשר הראה יהוה את משה כן עשה את המנרה
(232813, 66, 4);40;ם;202651;(4, 8, 6, 29, 202651);53430;(4, 8, 6, 8, 53430);אתם;3;8;קח את הלוים מתוך בני ישראל וטהרת אתם
(232813, 66, 4);30;ל;202717;(4, 8, 8, 2, 202717);53447;(4, 8, 8, 1, 53447);ולקחו;2;1;ולקחו פר בן בקר ומנחתו סלת בלולה בשמן ופר שני בן בקר תקח לחטאת
(232813, 66, 4);5;ה;202783;(4, 8, 9, 19, 202783);53465;(4, 8, 9, 5, 53465);אהל;2;5;והקרבת את הלוים לפני אהל מועד והקהלת את כל עדת בני ישראל
(232813, 66, 4);5;ה;202849;(4, 8, 10, 40, 202849);53482;(4, 8, 10, 10, 53482);ידיהם;4;10;והקרבת את הלוים לפני יהוה וסמכו בני ישראל את ידיהם על הלוים
(232813, 66, 4);5;ה;202915;(4, 8, 11, 58, 202915);53499;(4, 8, 11, 15, 53499);יהוה;4;15;והניף אהרן את הלוים תנופה לפני יהוה מאת בני ישראל והיו לעבד את עבדת יהוה
(232813, 66, 4);6;ו;202981;(4, 8, 12, 66, 202981);53517;(4, 8, 12, 18, 53517);הלוים;3;18;והלוים יסמכו את ידיהם על ראש הפרים ועשה את האחד חטאת ואת האחד עלה ליהוה לכפר על הלוים
(232813, 66, 4);6;ו;203047;(4, 8, 14, 16, 203047);53532;(4, 8, 14, 4, 53532);מתוך;3;4;והבדלת את הלוים מתוך בני ישראל והיו לי הלוים
(232813, 66, 4);400;ת;203113;(4, 8, 15, 46, 203113);53550;(4, 8, 15, 13, 53550);תנופה;1;13;ואחרי כן יבאו הלוים לעבד את אהל מועד וטהרת אתם והנפת אתם תנופה
(232813, 66, 4);1;א;203179;(4, 8, 16, 62, 203179);53568;(4, 8, 16, 18, 53568);אתם;1;18;כי נתנים נתנים המה לי מתוך בני ישראל תחת פטרת כל רחם בכור כל מבני ישראל לקחתי אתם לי
(232813, 66, 4);30;ל;203245;(4, 8, 17, 62, 203245);53586;(4, 8, 17, 17, 53586);לי;1;17;כי לי כל בכור בבני ישראל באדם ובבהמה ביום הכתי כל בכור בארץ מצרים הקדשתי אתם לי
(232813, 66, 4);10;י;203311;(4, 8, 19, 36, 203311);53603;(4, 8, 19, 9, 53603);ישראל;1;9;ואתנה את הלוים נתנים לאהרן ולבניו מתוך בני ישראל לעבד את עבדת בני ישראל באהל מועד ולכפר על בני ישראל ולא יהיה בבני ישראל נגף בגשת בני ישראל אל הקדש
(232813, 66, 4);3;ג;203377;(4, 8, 19, 102, 203377);53620;(4, 8, 19, 26, 53620);בגשת;2;26;ואתנה את הלוים נתנים לאהרן ולבניו מתוך בני ישראל לעבד את עבדת בני ישראל באהל מועד ולכפר על בני ישראל ולא יהיה בבני ישראל נגף בגשת בני ישראל אל הקדש
(232813, 66, 4);30;ל;203443;(4, 8, 20, 50, 203443);53639;(4, 8, 20, 15, 53639);ללוים;1;15;ויעש משה ואהרן וכל עדת בני ישראל ללוים ככל אשר צוה יהוה את משה ללוים כן עשו להם בני ישראל
(232813, 66, 4);5;ה;203509;(4, 8, 21, 46, 203509);53654;(4, 8, 21, 10, 53654);יהוה;2;10;ויתחטאו הלוים ויכבסו בגדיהם וינף אהרן אתם תנופה לפני יהוה ויכפר עליהם אהרן לטהרם
(232813, 66, 4);80;פ;203575;(4, 8, 22, 45, 203575);53670;(4, 8, 22, 12, 53670);ולפני;3;12;ואחרי כן באו הלוים לעבד את עבדתם באהל מועד לפני אהרן ולפני בניו כאשר צוה יהוה את משה על הלוים כן עשו להם
(232813, 66, 4);40;ם;203641;(4, 8, 24, 11, 203641);53689;(4, 8, 24, 3, 53689);ללוים;5;3;זאת אשר ללוים מבן חמש ועשרים שנה ומעלה יבוא לצבא צבא בעבדת אהל מועד
(232813, 66, 4);2;ב;203707;(4, 8, 25, 23, 203707);53706;(4, 8, 25, 6, 53706);העבדה;3;6;ומבן חמשים שנה ישוב מצבא העבדה ולא יעבד עוד
(232813, 66, 4);40;מ;203773;(4, 8, 26, 54, 203773);53723;(4, 8, 26, 14, 53723);במשמרתם;4;14;ושרת את אחיו באהל מועד לשמר משמרת ועבדה לא יעבד ככה תעשה ללוים במשמרתם
(232813, 66, 4);70;ע;203839;(4, 9, 2, 3, 203839);53738;(4, 9, 2, 1, 53738);ויעשו;3;1;ויעשו בני ישראל את הפסח במועדו
(232813, 66, 4);8;ח;203905;(4, 9, 3, 44, 203905);53755;(4, 9, 3, 12, 53755);חקתיו;1;12;בארבעה עשר יום בחדש הזה בין הערבים תעשו אתו במעדו ככל חקתיו וככל משפטיו תעשו אתו
(232813, 66, 4);1;א;203971;(4, 9, 5, 19, 203971);53771;(4, 9, 5, 5, 53771);בארבעה;2;5;ויעשו את הפסח בראשון בארבעה עשר יום לחדש בין הערבים במדבר סיני ככל אשר צוה יהוה את משה כן עשו בני ישראל
(232813, 66, 4);5;ה;204037;(4, 9, 6, 3, 204037);53789;(4, 9, 6, 1, 53789);ויהי;3;1;ויהי אנשים אשר היו טמאים לנפש אדם ולא יכלו לעשת הפסח ביום ההוא ויקרבו לפני משה ולפני אהרן ביום ההוא
(232813, 66, 4);1;א;204103;(4, 9, 6, 69, 204103);53806;(4, 9, 6, 18, 53806);אהרן;1;18;ויהי אנשים אשר היו טמאים לנפש אדם ולא יכלו לעשת הפסח ביום ההוא ויקרבו לפני משה ולפני אהרן ביום ההוא
(232813, 66, 4);1;א;204169;(4, 9, 7, 55, 204169);53821;(4, 9, 7, 13, 53821);את;1;13;ויאמרו האנשים ההמה אליו אנחנו טמאים לנפש אדם למה נגרע לבלתי הקריב את קרבן יהוה במעדו בתוך בני ישראל
(232813, 66, 4);200;ר;204235;(4, 9, 9, 5, 204235);53837;(4, 9, 9, 1, 53837);וידבר;5;1;וידבר יהוה אל משה לאמר
(232813, 66, 4);4;ד;204301;(4, 9, 10, 53, 204301);53858;(4, 9, 10, 17, 53858);לדרתיכם;2;17;דבר אל בני ישראל לאמר איש איש כי יהיה טמא לנפש או בדרך רחקה לכם או לדרתיכם ועשה פסח ליהוה
(232813, 66, 4);10;י;204367;(4, 9, 11, 49, 204367);53874;(4, 9, 11, 13, 53874);יאכלהו;1;13;בחדש השני בארבעה עשר יום בין הערבים יעשו אתו על מצות ומררים יאכלהו
(232813, 66, 4);6;ו;204433;(4, 9, 13, 14, 204433);53892;(4, 9, 13, 4, 53892);טהור;3;4;והאיש אשר הוא טהור ובדרך לא היה וחדל לעשות הפסח ונכרתה הנפש ההוא מעמיה כי קרבן יהוה לא הקריב במעדו חטאו ישא האיש ההוא
(232813, 66, 4);8;ח;204499;(4, 9, 13, 80, 204499);53909;(4, 9, 13, 21, 53909);חטאו;1;21;והאיש אשר הוא טהור ובדרך לא היה וחדל לעשות הפסח ונכרתה הנפש ההוא מעמיה כי קרבן יהוה לא הקריב במעדו חטאו ישא האיש ההוא
(232813, 66, 4);400;ת;204565;(4, 9, 14, 52, 204565);53926;(4, 9, 14, 14, 53926);אחת;3;14;וכי יגור אתכם גר ועשה פסח ליהוה כחקת הפסח וכמשפטו כן יעשה חקה אחת יהיה לכם ולגר ולאזרח הארץ
(232813, 66, 4);5;ה;204631;(4, 9, 15, 45, 204631);53943;(4, 9, 15, 12, 53943);יהיה;2;12;וביום הקים את המשכן כסה הענן את המשכן לאהל העדת ובערב יהיה על המשכן כמראה אש עד בקר
(232813, 66, 4);70;ע;204697;(4, 9, 17, 15, 204697);53961;(4, 9, 17, 4, 53961);מעל;2;4;ולפי העלות הענן מעל האהל ואחרי כן יסעו בני ישראל ובמקום אשר ישכן שם הענן שם יחנו בני ישראל
(232813, 66, 4);10;י;204763;(4, 9, 18, 9, 204763);53980;(4, 9, 18, 4, 53980);יסעו;1;4;על פי יהוה יסעו בני ישראל ועל פי יהוה יחנו כל ימי אשר ישכן הענן על המשכן יחנו
(232813, 66, 4);40;מ;204829;(4, 9, 19, 15, 204829);53998;(4, 9, 19, 4, 53998);המשכן;2;4;ובהאריך הענן על המשכן ימים רבים ושמרו בני ישראל את משמרת יהוה ולא יסעו
(232813, 66, 4);30;ל;204895;(4, 9, 20, 24, 204895);54015;(4, 9, 20, 7, 54015);על;2;7;ויש אשר יהיה הענן ימים מספר על המשכן על פי יהוה יחנו ועל פי יהוה יסעו
(232813, 66, 4);200;ר;204961;(4, 9, 21, 36, 204961);54034;(4, 9, 21, 10, 54034);בבקר;4;10;ויש אשר יהיה הענן מערב עד בקר ונעלה הענן בבקר ונסעו או יומם ולילה ונעלה הענן ונסעו
(232813, 66, 4);300;ש;205027;(4, 9, 22, 36, 205027);54052;(4, 9, 22, 11, 54052);לשכן;2;11;או ימים או חדש או ימים בהאריך הענן על המשכן לשכן עליו יחנו בני ישראל ולא יסעו ובהעלתו יסעו
(232813, 66, 4);40;מ;205093;(4, 9, 23, 30, 205093);54070;(4, 9, 23, 10, 54070);משמרת;3;10;על פי יהוה יחנו ועל פי יהוה יסעו את משמרת יהוה שמרו על פי יהוה ביד משה
(232813, 66, 4);300;ש;205159;(4, 10, 2, 24, 205159);54089;(4, 10, 2, 7, 54089);תעשה;3;7;עשה לך שתי חצוצרת כסף מקשה תעשה אתם והיו לך למקרא העדה ולמסע את המחנות
(232813, 66, 4);6;ו;205225;(4, 10, 3, 34, 205225);54107;(4, 10, 3, 10, 54107);מועד;2;10;ותקעו בהן ונועדו אליך כל העדה אל פתח אהל מועד
(232813, 66, 4);400;ת;205291;(4, 10, 5, 22, 205291);54120;(4, 10, 5, 4, 54120);המחנות;6;4;ותקעתם תרועה ונסעו המחנות החנים קדמה
(232813, 66, 4);100;ק;205357;(4, 10, 7, 4, 205357);54133;(4, 10, 7, 1, 54133);ובהקהיל;4;1;ובהקהיל את הקהל תתקעו ולא תריעו
(232813, 66, 4);200;ר;205423;(4, 10, 8, 44, 205423);54148;(4, 10, 8, 10, 54148);לדרתיכם;3;10;ובני אהרן הכהנים יתקעו בחצצרות והיו לכם לחקת עולם לדרתיכם
(232813, 66, 4);10;י;205489;(4, 10, 9, 62, 205489);54162;(4, 10, 9, 14, 54162);אלהיכם;4;14;וכי תבאו מלחמה בארצכם על הצר הצרר אתכם והרעתם בחצצרת ונזכרתם לפני יהוה אלהיכם ונושעתם מאיביכם
(232813, 66, 4);20;כ;205555;(4, 10, 10, 50, 205555);54173;(4, 10, 10, 9, 54173);עלתיכם;5;9;וביום שמחתכם ובמועדיכם ובראשי חדשכם ותקעתם בחצצרת על עלתיכם ועל זבחי שלמיכם והיו לכם לזכרון לפני אלהיכם אני יהוה אלהיכם
(232813, 66, 4);4;ד;205621;(4, 10, 11, 16, 205621);54188;(4, 10, 11, 4, 54188);בחדש;3;4;ויהי בשנה השנית בחדש השני בעשרים בחדש נעלה הענן מעל משכן העדת
(232813, 66, 4);300;ש;205687;(4, 10, 12, 32, 205687);54203;(4, 10, 12, 7, 54203);וישכן;3;7;ויסעו בני ישראל למסעיהם ממדבר סיני וישכן הענן במדבר פארן
(232813, 66, 4);30;ל;205753;(4, 10, 14, 26, 205753);54220;(4, 10, 14, 7, 54220);לצבאתם;1;7;ויסע דגל מחנה בני יהודה בראשנה לצבאתם ועל צבאו נחשון בן עמינדב
(232813, 66, 4);7;ז;205819;(4, 10, 16, 13, 205819);54238;(4, 10, 16, 5, 54238);זבולן;1;5;ועל צבא מטה בני זבולן אליאב בן חלן
(232813, 66, 4);200;ר;205885;(4, 10, 18, 12, 205885);54254;(4, 10, 18, 4, 54254);ראובן;1;4;ונסע דגל מחנה ראובן לצבאתם ועל צבאו אליצור בן שדיאור
(232813, 66, 4);30;ל;205951;(4, 10, 20, 3, 205951);54269;(4, 10, 20, 1, 54269);ועל;3;1;ועל צבא מטה בני גד אליסף בן דעואל
(232813, 66, 4);4;ד;206017;(4, 10, 22, 5, 206017);54287;(4, 10, 22, 2, 54287);דגל;1;2;ונסע דגל מחנה בני אפרים לצבאתם ועל צבאו אלישמע בן עמיהוד
(232813, 66, 4);80;פ;206083;(4, 10, 23, 25, 206083);54304;(4, 10, 23, 8, 54304);פדהצור;1;8;ועל צבא מטה בני מנשה גמליאל בן פדהצור
(232813, 66, 4);2;ב;206149;(4, 10, 25, 31, 206149);54321;(4, 10, 25, 9, 54321);לצבאתם;3;9;ונסע דגל מחנה בני דן מאסף לכל המחנת לצבאתם ועל צבאו אחיעזר בן עמישדי
(232813, 66, 4);400;ת;206215;(4, 10, 27, 15, 206215);54339;(4, 10, 27, 5, 54339);נפתלי;3;5;ועל צבא מטה בני נפתלי אחירע בן עינן
(232813, 66, 4);400;ת;206281;(4, 10, 29, 27, 206281);54355;(4, 10, 29, 7, 54355);חתן;2;7;ויאמר משה לחבב בן רעואל המדיני חתן משה נסעים אנחנו אל המקום אשר אמר יהוה אתו אתן לכם לכה אתנו והטבנו לך כי יהוה דבר טוב על ישראל
(232813, 66, 4);6;ו;206347;(4, 10, 29, 93, 206347);54374;(4, 10, 29, 26, 54374);טוב;2;26;ויאמר משה לחבב בן רעואל המדיני חתן משה נסעים אנחנו אל המקום אשר אמר יהוה אתו אתן לכם לכה אתנו והטבנו לך כי יהוה דבר טוב על ישראל
(232813, 66, 4);20;כ;206413;(4, 10, 31, 22, 206413);54395;(4, 10, 31, 8, 54395);כן;1;8;ויאמר אל נא תעזב אתנו כי על כן ידעת חנתנו במדבר והיית לנו לעינים
(232813, 66, 4);5;ה;206479;(4, 10, 32, 37, 206479);54411;(4, 10, 32, 10, 54411);יהוה;4;10;והיה כי תלך עמנו והיה הטוב ההוא אשר ייטיב יהוה עמנו והטבנו לך
(232813, 66, 4);40;מ;206545;(4, 10, 33, 54, 206545);54428;(4, 10, 33, 14, 54428);ימים;2;14;ויסעו מהר יהוה דרך שלשת ימים וארון ברית יהוה נסע לפניהם דרך שלשת ימים לתור להם מנוחה
(232813, 66, 4);40;מ;206611;(4, 10, 35, 23, 206611);54444;(4, 10, 35, 6, 54444);קומה;3;6;ויהי בנסע הארן ויאמר משה קומה יהוה ויפצו איביך וינסו משנאיך מפניך
(232813, 66, 4);10;י;206677;(4, 11, 1, 4, 206677);54458;(4, 11, 1, 1, 54458);ויהי;4;1;ויהי העם כמתאננים רע באזני יהוה וישמע יהוה ויחר אפו ותבער בם אש יהוה ותאכל בקצה המחנה
(232813, 66, 4);6;ו;206743;(4, 11, 2, 1, 206743);54475;(4, 11, 2, 1, 54475);ויצעק;1;1;ויצעק העם אל משה ויתפלל משה אל יהוה ותשקע האש
(232813, 66, 4);300;ש;206809;(4, 11, 3, 31, 206809);54493;(4, 11, 3, 9, 54493);אש;2;9;ויקרא שם המקום ההוא תבערה כי בערה בם אש יהוה
(232813, 66, 4);7;ז;206875;(4, 11, 5, 1, 206875);54509;(4, 11, 5, 1, 54509);זכרנו;1;1;זכרנו את הדגה אשר נאכל במצרים חנם את הקשאים ואת האבטחים ואת החציר ואת הבצלים ואת השומים
(232813, 66, 4);300;ש;206941;(4, 11, 5, 67, 206941);54525;(4, 11, 5, 17, 54525);השומים;2;17;זכרנו את הדגה אשר נאכל במצרים חנם את הקשאים ואת האבטחים ואת החציר ואת הבצלים ואת השומים
(232813, 66, 4);9;ט;207007;(4, 11, 8, 2, 207007);54542;(4, 11, 8, 1, 54542);שטו;2;1;שטו העם ולקטו וטחנו ברחים או דכו במדכה ובשלו בפרור ועשו אתו עגות והיה טעמו כטעם לשד השמן
(232813, 66, 4);5;ה;207073;(4, 11, 8, 68, 207073);54559;(4, 11, 8, 18, 54559);השמן;1;18;שטו העם ולקטו וטחנו ברחים או דכו במדכה ובשלו בפרור ועשו אתו עגות והיה טעמו כטעם לשד השמן
(232813, 66, 4);30;ל;207139;(4, 11, 10, 34, 207139);54576;(4, 11, 10, 9, 54576);אהלו;3;9;וישמע משה את העם בכה למשפחתיו איש לפתח אהלו ויחר אף יהוה מאד ובעיני משה רע
(232813, 66, 4);10;י;207205;(4, 11, 11, 41, 207205);54595;(4, 11, 11, 12, 54595);בעיניך;3;12;ויאמר משה אל יהוה למה הרעת לעבדך ולמה לא מצתי חן בעיניך לשום את משא כל העם הזה עלי
(232813, 66, 4);300;ש;207271;(4, 11, 12, 43, 207271);54615;(4, 11, 12, 13, 54615);שאהו;1;13;האנכי הריתי את כל העם הזה אם אנכי ילדתיהו כי תאמר אלי שאהו בחיקך כאשר ישא האמן את הינק על האדמה אשר נשבעת לאבתיו
(232813, 66, 4);7;ז;207337;(4, 11, 13, 20, 207337);54633;(4, 11, 13, 7, 54633);הזה;2;7;מאין לי בשר לתת לכל העם הזה כי יבכו עלי לאמר תנה לנו בשר ונאכלה
(232813, 66, 4);10;י;207403;(4, 11, 14, 37, 207403);54653;(4, 11, 14, 12, 54653);ממני;4;12;לא אוכל אנכי לבדי לשאת את כל העם הזה כי כבד ממני
(232813, 66, 4);60;ס;207469;(4, 11, 16, 16, 207469);54673;(4, 11, 16, 5, 54673);אספה;2;5;ויאמר יהוה אל משה אספה לי שבעים איש מזקני ישראל אשר ידעת כי הם זקני העם ושטריו ולקחת אתם אל אהל מועד והתיצבו שם עמך
(232813, 66, 4);400;ת;207535;(4, 11, 16, 82, 207535);54691;(4, 11, 16, 23, 54691);והתיצבו;3;23;ויאמר יהוה אל משה אספה לי שבעים איש מזקני ישראל אשר ידעת כי הם זקני העם ושטריו ולקחת אתם אל אהל מועד והתיצבו שם עמך
(232813, 66, 4);300;ש;207601;(4, 11, 17, 57, 207601);54707;(4, 11, 17, 14, 54707);במשא;3;14;וירדתי ודברתי עמך שם ואצלתי מן הרוח אשר עליך ושמתי עליהם ונשאו אתך במשא העם ולא תשא אתה לבדך
(232813, 66, 4);200;ר;207667;(4, 11, 18, 49, 207667);54724;(4, 11, 18, 12, 54724);לאמר;4;12;ואל העם תאמר התקדשו למחר ואכלתם בשר כי בכיתם באזני יהוה לאמר מי יאכלנו בשר כי טוב לנו במצרים ונתן יהוה לכם בשר ואכלתם
(232813, 66, 4);10;י;207733;(4, 11, 19, 21, 207733);54742;(4, 11, 19, 6, 54742);יומים;4;6;לא יום אחד תאכלון ולא יומים ולא חמשה ימים ולא עשרה ימים ולא עשרים יום
(232813, 66, 4);200;ר;207799;(4, 11, 20, 32, 207799);54761;(4, 11, 20, 10, 54761);לזרא;3;10;עד חדש ימים עד אשר יצא מאפכם והיה לכם לזרא יען כי מאסתם את יהוה אשר בקרבכם ותבכו לפניו לאמר למה זה יצאנו ממצרים
(232813, 66, 4);300;ש;207865;(4, 11, 21, 10, 207865);54778;(4, 11, 21, 3, 54778);שש;2;3;ויאמר משה שש מאות אלף רגלי העם אשר אנכי בקרבו ואתה אמרת בשר אתן להם ואכלו חדש ימים
(232813, 66, 4);8;ח;207931;(4, 11, 22, 11, 207931);54796;(4, 11, 22, 3, 54796);ישחט;3;3;הצאן ובקר ישחט להם ומצא להם אם את כל דגי הים יאסף להם ומצא להם
(232813, 66, 4);400;ת;207997;(4, 11, 23, 29, 207997);54817;(4, 11, 23, 9, 54817);תראה;1;9;ויאמר יהוה אל משה היד יהוה תקצר עתה תראה היקרך דברי אם לא
(232813, 66, 4);10;י;208063;(4, 11, 24, 50, 208063);54835;(4, 11, 24, 14, 54835);ויעמד;2;14;ויצא משה וידבר אל העם את דברי יהוה ויאסף שבעים איש מזקני העם ויעמד אתם סביבת האהל
(232813, 66, 4);1;א;208129;(4, 11, 25, 51, 208129);54852;(4, 11, 25, 14, 54852);איש;1;14;וירד יהוה בענן וידבר אליו ויאצל מן הרוח אשר עליו ויתן על שבעים איש הזקנים ויהי כנוח עליהם הרוח ויתנבאו ולא יספו
(232813, 66, 4);30;ל;208195;(4, 11, 26, 27, 208195);54867;(4, 11, 26, 7, 54867);אלדד;2;7;וישארו שני אנשים במחנה שם האחד אלדד ושם השני מידד ותנח עלהם הרוח והמה בכתבים ולא יצאו האהלה ויתנבאו במחנה
(232813, 66, 4);70;ע;208261;(4, 11, 27, 7, 208261);54882;(4, 11, 27, 2, 54882);הנער;3;2;וירץ הנער ויגד למשה ויאמר אלדד ומידד מתנבאים במחנה
(232813, 66, 4);40;מ;208327;(4, 11, 28, 31, 208327);54897;(4, 11, 28, 8, 54897);ויאמר;4;8;ויען יהושע בן נון משרת משה מבחריו ויאמר אדני משה כלאם
(232813, 66, 4);8;ח;208393;(4, 11, 29, 54, 208393);54917;(4, 11, 29, 17, 54917);רוחו;3;17;ויאמר לו משה המקנא אתה לי ומי יתן כל עם יהוה נביאים כי יתן יהוה את רוחו עליהם
(232813, 66, 4);300;ש;208459;(4, 11, 31, 32, 208459);54934;(4, 11, 31, 9, 54934);ויטש;4;9;ורוח נסע מאת יהוה ויגז שלוים מן הים ויטש על המחנה כדרך יום כה וכדרך יום כה סביבות המחנה וכאמתים על פני הארץ
(232813, 66, 4);40;ם;208525;(4, 11, 32, 13, 208525);54952;(4, 11, 32, 4, 54952);היום;4;4;ויקם העם כל היום ההוא וכל הלילה וכל יום המחרת ויאספו את השלו הממעיט אסף עשרה חמרים וישטחו להם שטוח סביבות המחנה
(232813, 66, 4);8;ח;208591;(4, 11, 32, 79, 208591);54968;(4, 11, 32, 20, 54968);שטוח;4;20;ויקם העם כל היום ההוא וכל הלילה וכל יום המחרת ויאספו את השלו הממעיט אסף עשרה חמרים וישטחו להם שטוח סביבות המחנה
(232813, 66, 4);1;א;208657;(4, 11, 33, 55, 208657);54986;(4, 11, 33, 16, 54986);מאד;2;16;הבשר עודנו בין שניהם טרם יכרת ואף יהוה חרה בעם ויך יהוה בעם מכה רבה מאד
(232813, 66, 4);70;ע;208723;(4, 11, 35, 17, 208723);55003;(4, 11, 35, 4, 55003);העם;2;4;מקברות התאוה נסעו העם חצרות ויהיו בחצרות
(232813, 66, 4);30;ל;208789;(4, 12, 1, 49, 208789);55020;(4, 12, 1, 14, 55020);לקח;1;14;ותדבר מרים ואהרן במשה על אדות האשה הכשית אשר לקח כי אשה כשית לקח
(232813, 66, 4);1;א;208855;(4, 12, 3, 22, 208855);55039;(4, 12, 3, 7, 55039);אשר;1;7;והאיש משה ענו מאד מכל האדם אשר על פני האדמה
(232813, 66, 4);1;א;208921;(4, 12, 4, 54, 208921);55057;(4, 12, 4, 15, 55057);ויצאו;4;15;ויאמר יהוה פתאם אל משה ואל אהרן ואל מרים צאו שלשתכם אל אהל מועד ויצאו שלשתם
(232813, 66, 4);70;ע;208987;(4, 12, 6, 8, 208987);55072;(4, 12, 6, 2, 55072);שמעו;3;2;ויאמר שמעו נא דברי אם יהיה נביאכם יהוה במראה אליו אתודע בחלום אדבר בו
(232813, 66, 4);10;י;209053;(4, 12, 7, 18, 209053);55090;(4, 12, 7, 6, 55090);ביתי;4;6;לא כן עבדי משה בכל ביתי נאמן הוא
(232813, 66, 4);10;י;209119;(4, 12, 8, 59, 209119);55108;(4, 12, 8, 16, 55108);בעבדי;5;16;פה אל פה אדבר בו ומראה ולא בחידת ותמנת יהוה יביט ומדוע לא יראתם לדבר בעבדי במשה
(232813, 66, 4);6;ו;209185;(4, 12, 10, 46, 209185);55127;(4, 12, 10, 13, 55127);והנה;1;13;והענן סר מעל האהל והנה מרים מצרעת כשלג ויפן אהרן אל מרים והנה מצרעת
(232813, 66, 4);1;א;209251;(4, 12, 12, 4, 209251);55145;(4, 12, 12, 2, 55145);נא;2;2;אל נא תהי כמת אשר בצאתו מרחם אמו ויאכל חצי בשרו
(232813, 66, 4);40;מ;209317;(4, 12, 14, 4, 209317);55165;(4, 12, 14, 1, 55165);ויאמר;4;1;ויאמר יהוה אל משה ואביה ירק ירק בפניה הלא תכלם שבעת ימים תסגר שבעת ימים מחוץ למחנה ואחר תאסף
(232813, 66, 4);200;ר;209383;(4, 12, 14, 70, 209383);55182;(4, 12, 14, 18, 55182);ואחר;4;18;ויאמר יהוה אל משה ואביה ירק ירק בפניה הלא תכלם שבעת ימים תסגר שבעת ימים מחוץ למחנה ואחר תאסף
(232813, 66, 4);400;ת;209449;(4, 12, 16, 17, 209449);55199;(4, 12, 16, 4, 55199);מחצרות;6;4;ואחר נסעו העם מחצרות ויחנו במדבר פארן
(232813, 66, 4);30;ל;209515;(4, 13, 2, 34, 209515);55218;(4, 13, 2, 11, 55218);לבני;1;11;שלח לך אנשים ויתרו את ארץ כנען אשר אני נתן לבני ישראל איש אחד איש אחד למטה אבתיו תשלחו כל נשיא בהם
(232813, 66, 4);80;פ;209581;(4, 13, 3, 23, 209581);55236;(4, 13, 3, 7, 55236);פי;1;7;וישלח אתם משה ממדבר פארן על פי יהוה כלם אנשים ראשי בני ישראל המה
(232813, 66, 4);300;ש;209647;(4, 13, 5, 10, 209647);55253;(4, 13, 5, 3, 55253);שפט;1;3;למטה שמעון שפט בן חורי
(232813, 66, 4);9;ט;209713;(4, 13, 9, 3, 209713);55271;(4, 13, 9, 1, 55271);למטה;3;1;למטה בנימן פלטי בן רפוא
(232813, 66, 4);4;ד;209779;(4, 13, 12, 5, 209779);55289;(4, 13, 12, 2, 55289);דן;1;2;למטה דן עמיאל בן גמלי
(232813, 66, 4);1;א;209845;(4, 13, 16, 1, 209845);55308;(4, 13, 16, 1, 55308);אלה;1;1;אלה שמות האנשים אשר שלח משה לתור את הארץ ויקרא משה להושע בן נון יהושע
(232813, 66, 4);30;ל;209911;(4, 13, 17, 12, 209911);55326;(4, 13, 17, 4, 55326);לתור;1;4;וישלח אתם משה לתור את ארץ כנען ויאמר אלהם עלו זה בנגב ועליתם את ההר
(232813, 66, 4);10;י;209977;(4, 13, 18, 25, 209977);55345;(4, 13, 18, 8, 55345);הישב;2;8;וראיתם את הארץ מה הוא ואת העם הישב עליה החזק הוא הרפה המעט הוא אם רב
(232813, 66, 4);10;י;210043;(4, 13, 19, 38, 210043);55365;(4, 13, 19, 12, 55365);הערים;4;12;ומה הארץ אשר הוא ישב בה הטובה הוא אם רעה ומה הערים אשר הוא יושב בהנה הבמחנים אם במבצרים
(232813, 66, 4);400;ת;210109;(4, 13, 20, 35, 210109);55384;(4, 13, 20, 12, 55384);והתחזקתם;3;12;ומה הארץ השמנה הוא אם רזה היש בה עץ אם אין והתחזקתם ולקחתם מפרי הארץ והימים ימי בכורי ענבים
(232813, 66, 4);2;ב;210175;(4, 13, 21, 28, 210175);55399;(4, 13, 21, 8, 55399);רחב;3;8;ויעלו ויתרו את הארץ ממדבר צן עד רחב לבא חמת
(232813, 66, 4);2;ב;210241;(4, 13, 22, 60, 210241);55416;(4, 13, 22, 15, 55416);נבנתה;2;15;ויעלו בנגב ויבא עד חברון ושם אחימן ששי ותלמי ילידי הענק וחברון שבע שנים נבנתה לפני צען מצרים
(232813, 66, 4);6;ו;210307;(4, 13, 23, 51, 210307);55431;(4, 13, 23, 12, 55431);במוט;3;12;ויבאו עד נחל אשכל ויכרתו משם זמורה ואשכול ענבים אחד וישאהו במוט בשנים ומן הרמנים ומן התאנים
(232813, 66, 4);40;ם;210373;(4, 13, 24, 42, 210373);55447;(4, 13, 24, 11, 55447);משם;3;11;למקום ההוא קרא נחל אשכול על אדות האשכול אשר כרתו משם בני ישראל
(232813, 66, 4);10;י;210439;(4, 13, 26, 33, 210439);55465;(4, 13, 26, 10, 55465);בני;3;10;וילכו ויבאו אל משה ואל אהרן ואל כל עדת בני ישראל אל מדבר פארן קדשה וישיבו אתם דבר ואת כל העדה ויראום את פרי הארץ
(232813, 66, 4);1;א;210505;(4, 13, 27, 11, 210505);55483;(4, 13, 27, 3, 55483);ויאמרו;3;3;ויספרו לו ויאמרו באנו אל הארץ אשר שלחתנו וגם זבת חלב ודבש הוא וזה פריה
(232813, 66, 4);70;ע;210571;(4, 13, 28, 21, 210571);55502;(4, 13, 28, 7, 55502);והערים;3;7;אפס כי עז העם הישב בארץ והערים בצרות גדלת מאד וגם ילדי הענק ראינו שם
(232813, 66, 4);200;ר;210637;(4, 13, 29, 33, 210637);55517;(4, 13, 29, 7, 55517);והאמרי;5;7;עמלק יושב בארץ הנגב והחתי והיבוסי והאמרי יושב בהר והכנעני יושב על הים ועל יד הירדן
(232813, 66, 4);200;ר;210703;(4, 13, 30, 32, 210703);55536;(4, 13, 30, 10, 55536);וירשנו;3;10;ויהס כלב את העם אל משה ויאמר עלה נעלה וירשנו אתה כי יכול נוכל לה
(232813, 66, 4);6;ו;210769;(4, 13, 31, 48, 210769);55555;(4, 13, 31, 14, 55555);ממנו;4;14;והאנשים אשר עלו עמו אמרו לא נוכל לעלות אל העם כי חזק הוא ממנו
(232813, 66, 4);6;ו;210835;(4, 13, 32, 66, 210835);55574;(4, 13, 32, 19, 55574);יושביה;2;19;ויציאו דבת הארץ אשר תרו אתה אל בני ישראל לאמר הארץ אשר עברנו בה לתור אתה ארץ אכלת יושביה הוא וכל העם אשר ראינו בתוכה אנשי מדות
(232813, 66, 4);6;ו;210901;(4, 13, 33, 32, 210901);55591;(4, 13, 33, 9, 55591);ונהי;1;9;ושם ראינו את הנפילים בני ענק מן הנפלים ונהי בעינינו כחגבים וכן היינו בעיניהם
(232813, 66, 4);5;ה;210967;(4, 14, 1, 35, 210967);55606;(4, 14, 1, 10, 55606);ההוא;1;10;ותשא כל העדה ויתנו את קולם ויבכו העם בלילה ההוא
(232813, 66, 4);4;ד;211033;(4, 14, 2, 63, 211033);55624;(4, 14, 2, 18, 55624);במדבר;3;18;וילנו על משה ועל אהרן כל בני ישראל ויאמרו אלהם כל העדה לו מתנו בארץ מצרים או במדבר הזה לו מתנו
(232813, 66, 4);1;א;211099;(4, 14, 3, 55, 211099);55641;(4, 14, 3, 14, 55641);הלוא;4;14;ולמה יהוה מביא אתנו אל הארץ הזאת לנפל בחרב נשינו וטפנו יהיו לבז הלוא טוב לנו שוב מצרימה
(232813, 66, 4);10;י;211165;(4, 14, 5, 17, 211165);55658;(4, 14, 5, 5, 55658);פניהם;3;5;ויפל משה ואהרן על פניהם לפני כל קהל עדת בני ישראל
(232813, 66, 4);40;ם;211231;(4, 14, 6, 44, 211231);55676;(4, 14, 6, 12, 55676);בגדיהם;6;12;ויהושע בן נון וכלב בן יפנה מן התרים את הארץ קרעו בגדיהם
(232813, 66, 4);2;ב;211297;(4, 14, 8, 6, 211297);55696;(4, 14, 8, 3, 55696);בנו;1;3;אם חפץ בנו יהוה והביא אתנו אל הארץ הזאת ונתנה לנו ארץ אשר הוא זבת חלב ודבש
(232813, 66, 4);6;ו;211363;(4, 14, 9, 14, 211363);55714;(4, 14, 9, 4, 55714);תמרדו;5;4;אך ביהוה אל תמרדו ואתם אל תיראו את עם הארץ כי לחמנו הם סר צלם מעליהם ויהוה אתנו אל תיראם
(232813, 66, 4);4;ד;211429;(4, 14, 10, 11, 211429);55733;(4, 14, 10, 3, 55733);העדה;3;3;ויאמרו כל העדה לרגום אתם באבנים וכבוד יהוה נראה באהל מועד אל כל בני ישראל
(232813, 66, 4);50;נ;211495;(4, 14, 11, 18, 211495);55751;(4, 14, 11, 6, 55751);אנה;2;6;ויאמר יהוה אל משה עד אנה ינאצני העם הזה ועד אנה לא יאמינו בי בכל האתות אשר עשיתי בקרבו
(232813, 66, 4);6;ו;211561;(4, 14, 12, 16, 211561);55768;(4, 14, 12, 4, 55768);ואעשה;1;4;אכנו בדבר ואורשנו ואעשה אתך לגוי גדול ועצום ממנו
(232813, 66, 4);7;ז;211627;(4, 14, 13, 42, 211627);55785;(4, 14, 13, 12, 55785);הזה;2;12;ויאמר משה אל יהוה ושמעו מצרים כי העלית בכחך את העם הזה מקרבו
(232813, 66, 4);10;י;211693;(4, 14, 14, 60, 211693);55804;(4, 14, 14, 18, 55804);יהוה;1;18;ואמרו אל יושב הארץ הזאת שמעו כי אתה יהוה בקרב העם הזה אשר עין בעין נראה אתה יהוה ועננך עמד עלהם ובעמד ענן אתה הלך לפניהם יומם ובעמוד אש לילה
(232813, 66, 4);1;א;211759;(4, 14, 15, 15, 211759);55821;(4, 14, 15, 5, 55821);כאיש;2;5;והמתה את העם הזה כאיש אחד ואמרו הגוים אשר שמעו את שמעך לאמר
(232813, 66, 4);300;ש;211825;(4, 14, 16, 34, 211825);55839;(4, 14, 16, 10, 55839);אשר;2;10;מבלתי יכלת יהוה להביא את העם הזה אל הארץ אשר נשבע להם וישחטם במדבר
(232813, 66, 4);300;ש;211891;(4, 14, 18, 19, 211891);55857;(4, 14, 18, 6, 55857);נשא;2;6;יהוה ארך אפים ורב חסד נשא עון ופשע ונקה לא ינקה פקד עון אבות על בנים על שלשים ועל רבעים
(232813, 66, 4);3;ג;211957;(4, 14, 19, 17, 211957);55877;(4, 14, 19, 6, 55877);כגדל;2;6;סלח נא לעון העם הזה כגדל חסדך וכאשר נשאתה לעם הזה ממצרים ועד הנה
(232813, 66, 4);40;מ;212023;(4, 14, 21, 13, 212023);55893;(4, 14, 21, 4, 55893);וימלא;3;4;ואולם חי אני וימלא כבוד יהוה את כל הארץ
(232813, 66, 4);200;ר;212089;(4, 14, 22, 48, 212089);55910;(4, 14, 22, 12, 55910);ובמדבר;6;12;כי כל האנשים הראים את כבדי ואת אתתי אשר עשיתי במצרים ובמדבר וינסו אתי זה עשר פעמים ולא שמעו בקולי
(232813, 66, 4);1;א;212155;(4, 14, 23, 36, 212155);55928;(4, 14, 23, 10, 55928);לא;2;10;אם יראו את הארץ אשר נשבעתי לאבתם וכל מנאצי לא יראוה
(232813, 66, 4);6;ו;212221;(4, 14, 24, 61, 212221);55945;(4, 14, 24, 16, 55945);וזרעו;5;16;ועבדי כלב עקב היתה רוח אחרת עמו וימלא אחרי והביאתיו אל הארץ אשר בא שמה וזרעו יורשנה
(232813, 66, 4);40;מ;212287;(4, 14, 26, 12, 212287);55962;(4, 14, 26, 4, 55962);משה;1;4;וידבר יהוה אל משה ואל אהרן לאמר
(232813, 66, 4);5;ה;212353;(4, 14, 27, 53, 212353);55980;(4, 14, 27, 15, 55980);המה;3;15;עד מתי לעדה הרעה הזאת אשר המה מלינים עלי את תלנות בני ישראל אשר המה מלינים עלי שמעתי
(232813, 66, 4);5;ה;212419;(4, 14, 29, 6, 212419);55999;(4, 14, 29, 2, 55999);הזה;1;2;במדבר הזה יפלו פגריכם וכל פקדיכם לכל מספרכם מבן עשרים שנה ומעלה אשר הלינתם עלי
(232813, 66, 4);1;א;212485;(4, 14, 30, 8, 212485);56015;(4, 14, 30, 3, 56015);תבאו;3;3;אם אתם תבאו אל הארץ אשר נשאתי את ידי לשכן אתכם בה כי אם כלב בן יפנה ויהושע בן נון
(232813, 66, 4);400;ת;212551;(4, 14, 31, 12, 212551);56035;(4, 14, 31, 3, 56035);אמרתם;4;3;וטפכם אשר אמרתם לבז יהיה והביאתי אתם וידעו את הארץ אשר מאסתם בה
(232813, 66, 4);20;כ;212617;(4, 14, 33, 5, 212617);56051;(4, 14, 33, 1, 56051);ובניכם;5;1;ובניכם יהיו רעים במדבר ארבעים שנה ונשאו את זנותיכם עד תם פגריכם במדבר
(232813, 66, 4);400;ת;212683;(4, 14, 34, 14, 212683);56067;(4, 14, 34, 4, 56067);תרתם;1;4;במספר הימים אשר תרתם את הארץ ארבעים יום יום לשנה יום לשנה תשאו את עונתיכם ארבעים שנה וידעתם את תנואתי
(232813, 66, 4);1;א;212749;(4, 14, 34, 80, 212749);56083;(4, 14, 34, 20, 56083);תנואתי;4;20;במספר הימים אשר תרתם את הארץ ארבעים יום יום לשנה יום לשנה תשאו את עונתיכם ארבעים שנה וידעתם את תנואתי
(232813, 66, 4);10;י;212815;(4, 14, 35, 64, 212815);56101;(4, 14, 35, 18, 56101);ימתו;1;18;אני יהוה דברתי אם לא זאת אעשה לכל העדה הרעה הזאת הנועדים עלי במדבר הזה יתמו ושם ימתו
(232813, 66, 4);200;ר;212881;(4, 14, 36, 63, 212881);56118;(4, 14, 36, 17, 56118);הארץ;3;17;והאנשים אשר שלח משה לתור את הארץ וישבו וילונו עליו את כל העדה להוציא דבה על הארץ
(232813, 66, 4);50;ן;212947;(4, 14, 38, 26, 212947);56135;(4, 14, 38, 8, 56135);מן;2;8;ויהושע בן נון וכלב בן יפנה חיו מן האנשים ההם ההלכים לתור את הארץ
(232813, 66, 4);70;ע;213013;(4, 14, 39, 41, 213013);56152;(4, 14, 39, 11, 56152);העם;2;11;וידבר משה את הדברים האלה אל כל בני ישראל ויתאבלו העם מאד
(232813, 66, 4);6;ו;213079;(4, 14, 41, 1, 213079);56170;(4, 14, 41, 1, 56170);ויאמר;1;1;ויאמר משה למה זה אתם עברים את פי יהוה והוא לא תצלח
(232813, 66, 4);80;פ;213145;(4, 14, 42, 28, 213145);56189;(4, 14, 42, 8, 56189);תנגפו;4;8;אל תעלו כי אין יהוה בקרבכם ולא תנגפו לפני איביכם
(232813, 66, 4);1;א;213211;(4, 14, 43, 55, 213211);56205;(4, 14, 43, 14, 56205);ולא;3;14;כי העמלקי והכנעני שם לפניכם ונפלתם בחרב כי על כן שבתם מאחרי יהוה ולא יהיה יהוה עמכם
(232813, 66, 4);4;ד;213277;(4, 14, 45, 4, 213277);56222;(4, 14, 45, 1, 56222);וירד;4;1;וירד העמלקי והכנעני הישב בהר ההוא ויכום ויכתום עד החרמה
(232813, 66, 4);2;ב;213343;(4, 15, 2, 6, 213343);56239;(4, 15, 2, 3, 56239);בני;1;3;דבר אל בני ישראל ואמרת אלהם כי תבאו אל ארץ מושבתיכם אשר אני נתן לכם
(232813, 66, 4);6;ו;213409;(4, 15, 3, 19, 213409);56256;(4, 15, 3, 5, 56256);או;2;5;ועשיתם אשה ליהוה עלה או זבח לפלא נדר או בנדבה או במעדיכם לעשות ריח ניחח ליהוה מן הבקר או מן הצאן
(232813, 66, 4);100;ק;213475;(4, 15, 4, 9, 213475);56274;(4, 15, 4, 2, 56274);המקריב;3;2;והקריב המקריב קרבנו ליהוה מנחה סלת עשרון בלול ברבעית ההין שמן
(232813, 66, 4);30;ל;213541;(4, 15, 5, 24, 213541);56289;(4, 15, 5, 6, 56289);על;2;6;ויין לנסך רביעית ההין תעשה על העלה או לזבח לכבש האחד
(232813, 66, 4);50;ן;213607;(4, 15, 7, 4, 213607);56306;(4, 15, 7, 1, 56306);ויין;4;1;ויין לנסך שלשית ההין תקריב ריח ניחח ליהוה
(232813, 66, 4);10;י;213673;(4, 15, 8, 36, 213673);56325;(4, 15, 8, 12, 56325);ליהוה;2;12;וכי תעשה בן בקר עלה או זבח לפלא נדר או שלמים ליהוה
(232813, 66, 4);5;ה;213739;(4, 15, 10, 17, 213739);56342;(4, 15, 10, 5, 56342);ההין;1;5;ויין תקריב לנסך חצי ההין אשה ריח ניחח ליהוה
(232813, 66, 4);200;ר;213805;(4, 15, 12, 5, 213805);56359;(4, 15, 12, 1, 56359);כמספר;5;1;כמספר אשר תעשו ככה תעשו לאחד כמספרם
(232813, 66, 4);20;כ;213871;(4, 15, 14, 2, 213871);56377;(4, 15, 14, 1, 56377);וכי;2;1;וכי יגור אתכם גר או אשר בתוככם לדרתיכם ועשה אשה ריח ניחח ליהוה כאשר תעשו כן יעשה
(232813, 66, 4);30;ל;213937;(4, 15, 15, 4, 213937);56394;(4, 15, 15, 1, 56394);הקהל;4;1;הקהל חקה אחת לכם ולגר הגר חקת עולם לדרתיכם ככם כגר יהיה לפני יהוה
(232813, 66, 4);10;י;214003;(4, 15, 16, 18, 214003);56412;(4, 15, 16, 5, 56412);יהיה;3;5;תורה אחת ומשפט אחד יהיה לכם ולגר הגר אתכם
(232813, 66, 4);90;ץ;214069;(4, 15, 18, 33, 214069);56430;(4, 15, 18, 9, 56430);הארץ;4;9;דבר אל בני ישראל ואמרת אלהם בבאכם אל הארץ אשר אני מביא אתכם שמה
(232813, 66, 4);200;ר;214135;(4, 15, 20, 16, 214135);56446;(4, 15, 20, 4, 56446);תרימו;2;4;ראשית ערסתכם חלה תרימו תרומה כתרומת גרן כן תרימו אתה
(232813, 66, 4);300;ש;214201;(4, 15, 22, 5, 214201);56460;(4, 15, 22, 2, 56460);תשגו;2;2;וכי תשגו ולא תעשו את כל המצות האלה אשר דבר יהוה אל משה
(232813, 66, 4);10;י;214267;(4, 15, 23, 29, 214267);56481;(4, 15, 23, 10, 56481);היום;2;10;את כל אשר צוה יהוה אליכם ביד משה מן היום אשר צוה יהוה והלאה לדרתיכם
(232813, 66, 4);200;ר;214333;(4, 15, 24, 42, 214333);56498;(4, 15, 24, 12, 56498);בקר;3;12;והיה אם מעיני העדה נעשתה לשגגה ועשו כל העדה פר בן בקר אחד לעלה לריח ניחח ליהוה ומנחתו ונסכו כמשפט ושעיר עזים אחד לחטת
(232813, 66, 4);4;ד;214399;(4, 15, 25, 14, 214399);56515;(4, 15, 25, 5, 56515);עדת;2;5;וכפר הכהן על כל עדת בני ישראל ונסלח להם כי שגגה הוא והם הביאו את קרבנם אשה ליהוה וחטאתם לפני יהוה על שגגתם
(232813, 66, 4);300;ש;214465;(4, 15, 25, 80, 214465);56533;(4, 15, 25, 23, 56533);שגגתם;1;23;וכפר הכהן על כל עדת בני ישראל ונסלח להם כי שגגה הוא והם הביאו את קרבנם אשה ליהוה וחטאתם לפני יהוה על שגגתם
(232813, 66, 4);5;ה;214531;(4, 15, 27, 18, 214531);56550;(4, 15, 27, 5, 56550);בשגגה;5;5;ואם נפש אחת תחטא בשגגה והקריבה עז בת שנתה לחטאת
(232813, 66, 4);6;ו;214597;(4, 15, 28, 46, 214597);56567;(4, 15, 28, 12, 56567);ונסלח;1;12;וכפר הכהן על הנפש השגגת בחטאה בשגגה לפני יהוה לכפר עליו ונסלח לו
(232813, 66, 4);300;ש;214663;(4, 15, 30, 11, 214663);56583;(4, 15, 30, 3, 56583);תעשה;3;3;והנפש אשר תעשה ביד רמה מן האזרח ומן הגר את יהוה הוא מגדף ונכרתה הנפש ההוא מקרב עמה
(232813, 66, 4);5;ה;214729;(4, 15, 31, 12, 214729);56602;(4, 15, 31, 4, 56602);בזה;3;4;כי דבר יהוה בזה ואת מצותו הפר הכרת תכרת הנפש ההוא עונה בה
(232813, 66, 4);90;צ;214795;(4, 15, 32, 33, 214795);56619;(4, 15, 32, 8, 56619);עצים;2;8;ויהיו בני ישראל במדבר וימצאו איש מקשש עצים ביום השבת
(232813, 66, 4);400;ת;214861;(4, 15, 34, 8, 214861);56636;(4, 15, 34, 2, 56636);אתו;2;2;ויניחו אתו במשמר כי לא פרש מה יעשה לו
(232813, 66, 4);40;מ;214927;(4, 15, 35, 45, 214927);56656;(4, 15, 35, 13, 56656);מחוץ;1;13;ויאמר יהוה אל משה מות יומת האיש רגום אתו באבנים כל העדה מחוץ למחנה
(232813, 66, 4);400;ת;214993;(4, 15, 36, 58, 214993);56672;(4, 15, 36, 15, 56672);את;2;15;ויציאו אתו כל העדה אל מחוץ למחנה וירגמו אתו באבנים וימת כאשר צוה יהוה את משה
(232813, 66, 4);40;ם;215059;(4, 15, 38, 45, 215059);56690;(4, 15, 38, 12, 56690);בגדיהם;6;12;דבר אל בני ישראל ואמרת אלהם ועשו להם ציצת על כנפי בגדיהם לדרתם ונתנו על ציצת הכנף פתיל תכלת
(232813, 66, 4);6;ו;215125;(4, 15, 39, 38, 215125);56707;(4, 15, 39, 10, 56707);יהוה;3;10;והיה לכם לציצת וראיתם אתו וזכרתם את כל מצות יהוה ועשיתם אתם ולא תתורו אחרי לבבכם ואחרי עיניכם אשר אתם זנים אחריהם
(232813, 66, 4);300;ש;215191;(4, 15, 40, 12, 215191);56722;(4, 15, 40, 3, 56722);ועשיתם;3;3;למען תזכרו ועשיתם את כל מצותי והייתם קדשים לאלהיכם
(232813, 66, 4);30;ל;215257;(4, 15, 41, 36, 215257);56737;(4, 15, 41, 9, 56737);להיות;1;9;אני יהוה אלהיכם אשר הוצאתי אתכם מארץ מצרים להיות לכם לאלהים אני יהוה אלהיכם
(232813, 66, 4);1;א;215323;(4, 16, 1, 40, 215323);56754;(4, 16, 1, 12, 56754);אליאב;4;12;ויקח קרח בן יצהר בן קהת בן לוי ודתן ואבירם בני אליאב ואון בן פלת בני ראובן
(232813, 66, 4);200;ר;215389;(4, 16, 2, 48, 215389);56770;(4, 16, 2, 11, 56770);קראי;2;11;ויקמו לפני משה ואנשים מבני ישראל חמשים ומאתים נשיאי עדה קראי מועד אנשי שם
(232813, 66, 4);20;כ;215455;(4, 16, 3, 54, 215455);56788;(4, 16, 3, 15, 56788);ובתוכם;5;15;ויקהלו על משה ועל אהרן ויאמרו אלהם רב לכם כי כל העדה כלם קדשים ובתוכם יהוה ומדוע תתנשאו על קהל יהוה
(232813, 66, 4);200;ר;215521;(4, 16, 5, 23, 215521);56806;(4, 16, 5, 7, 56806);לאמר;4;7;וידבר אל קרח ואל כל עדתו לאמר בקר וידע יהוה את אשר לו ואת הקדוש והקריב אליו ואת אשר יבחר בו יקריב אליו
(232813, 66, 4);6;ו;215587;(4, 16, 6, 9, 215587);56825;(4, 16, 6, 3, 56825);קחו;3;3;זאת עשו קחו לכם מחתות קרח וכל עדתו
(232813, 66, 4);8;ח;215653;(4, 16, 7, 48, 215653);56843;(4, 16, 7, 13, 56843);יבחר;3;13;ותנו בהן אש ושימו עליהן קטרת לפני יהוה מחר והיה האיש אשר יבחר יהוה הוא הקדוש רב לכם בני לוי
(232813, 66, 4);5;ה;215719;(4, 16, 9, 17, 215719);56863;(4, 16, 9, 5, 56863);אלהי;3;5;המעט מכם כי הבדיל אלהי ישראל אתכם מעדת ישראל להקריב אתכם אליו לעבד את עבדת משכן יהוה ולעמד לפני העדה לשרתם
(232813, 66, 4);300;ש;215785;(4, 16, 9, 83, 215785);56879;(4, 16, 9, 21, 56879);לשרתם;2;21;המעט מכם כי הבדיל אלהי ישראל אתכם מעדת ישראל להקריב אתכם אליו לעבד את עבדת משכן יהוה ולעמד לפני העדה לשרתם
(232813, 66, 4);5;ה;215851;(4, 16, 11, 25, 215851);56897;(4, 16, 11, 7, 56897);יהוה;4;7;לכן אתה וכל עדתך הנעדים על יהוה ואהרן מה הוא כי תלונו עליו
(232813, 66, 4);40;מ;215917;(4, 16, 13, 2, 215917);56914;(4, 16, 13, 1, 56914);המעט;2;1;המעט כי העליתנו מארץ זבת חלב ודבש להמיתנו במדבר כי תשתרר עלינו גם השתרר
(232813, 66, 4);7;ז;215983;(4, 16, 14, 10, 215983);56932;(4, 16, 14, 5, 56932);זבת;1;5;אף לא אל ארץ זבת חלב ודבש הביאתנו ותתן לנו נחלת שדה וכרם העיני האנשים ההם תנקר לא נעלה
(232813, 66, 4);5;ה;216049;(4, 16, 15, 8, 216049);56948;(4, 16, 15, 2, 56948);למשה;4;2;ויחר למשה מאד ויאמר אל יהוה אל תפן אל מנחתם לא חמור אחד מהם נשאתי ולא הרעתי את אחד מהם
(232813, 66, 4);300;ש;216115;(4, 16, 16, 7, 216115);56968;(4, 16, 16, 2, 56968);משה;2;2;ויאמר משה אל קרח אתה וכל עדתך היו לפני יהוה אתה והם ואהרן מחר
(232813, 66, 4);200;ר;216181;(4, 16, 17, 25, 216181);56986;(4, 16, 17, 6, 56986);קטרת;3;6;וקחו איש מחתתו ונתתם עליהם קטרת והקרבתם לפני יהוה איש מחתתו חמשים ומאתים מחתת ואתה ואהרן איש מחתתו
(232813, 66, 4);8;ח;216247;(4, 16, 18, 10, 216247);57001;(4, 16, 18, 3, 57001);מחתתו;2;3;ויקחו איש מחתתו ויתנו עליהם אש וישימו עליהם קטרת ויעמדו פתח אהל מועד ומשה ואהרן
(232813, 66, 4);100;ק;216313;(4, 16, 19, 11, 216313);57016;(4, 16, 19, 3, 57016);קרח;1;3;ויקהל עליהם קרח את כל העדה אל פתח אהל מועד וירא כבוד יהוה אל כל העדה
(232813, 66, 4);40;מ;216379;(4, 16, 20, 24, 216379);57036;(4, 16, 20, 7, 57036);לאמר;3;7;וידבר יהוה אל משה ואל אהרן לאמר
(232813, 66, 4);5;ה;216445;(4, 16, 22, 36, 216445);57053;(4, 16, 22, 10, 57053);האיש;1;10;ויפלו על פניהם ויאמרו אל אלהי הרוחת לכל בשר האיש אחד יחטא ועל כל העדה תקצף
(232813, 66, 4);300;ש;216511;(4, 16, 24, 25, 216511);57071;(4, 16, 24, 7, 57071);למשכן;3;7;דבר אל העדה לאמר העלו מסביב למשכן קרח דתן ואבירם
(232813, 66, 4);5;ה;216577;(4, 16, 26, 11, 216577);57087;(4, 16, 26, 3, 57087);העדה;4;3;וידבר אל העדה לאמר סורו נא מעל אהלי האנשים הרשעים האלה ואל תגעו בכל אשר להם פן תספו בכל חטאתם
(232813, 66, 4);70;ע;216643;(4, 16, 27, 3, 216643);57105;(4, 16, 27, 1, 57105);ויעלו;3;1;ויעלו מעל משכן קרח דתן ואבירם מסביב ודתן ואבירם יצאו נצבים פתח אהליהם ונשיהם ובניהם וטפם
(232813, 66, 4);40;ם;216709;(4, 16, 27, 69, 216709);57119;(4, 16, 27, 15, 57119);ובניהם;6;15;ויעלו מעל משכן קרח דתן ואבירם מסביב ודתן ואבירם יצאו נצבים פתח אהליהם ונשיהם ובניהם וטפם
(232813, 66, 4);20;כ;216775;(4, 16, 29, 7, 216775);57138;(4, 16, 29, 3, 57138);כל;1;3;אם כמות כל האדם ימתון אלה ופקדת כל האדם יפקד עליהם לא יהוה שלחני
(232813, 66, 4);5;ה;216841;(4, 16, 30, 22, 216841);57155;(4, 16, 30, 6, 57155);האדמה;1;6;ואם בריאה יברא יהוה ופצתה האדמה את פיה ובלעה אתם ואת כל אשר להם וירדו חיים שאלה וידעתם כי נאצו האנשים האלה את יהוה
(232813, 66, 4);10;י;216907;(4, 16, 30, 88, 216907);57173;(4, 16, 30, 24, 57173);יהוה;1;24;ואם בריאה יברא יהוה ופצתה האדמה את פיה ובלעה אתם ואת כל אשר להם וירדו חיים שאלה וידעתם כי נאצו האנשים האלה את יהוה
(232813, 66, 4);2;ב;216973;(4, 16, 32, 17, 216973);57189;(4, 16, 32, 5, 57189);ותבלע;3;5;ותפתח הארץ את פיה ותבלע אתם ואת בתיהם ואת כל האדם אשר לקרח ואת כל הרכוש
(232813, 66, 4);20;כ;217039;(4, 16, 33, 27, 217039);57208;(4, 16, 33, 8, 57208);ותכס;3;8;וירדו הם וכל אשר להם חיים שאלה ותכס עליהם הארץ ויאבדו מתוך הקהל
(232813, 66, 4);1;א;217105;(4, 16, 34, 42, 217105);57224;(4, 16, 34, 11, 57224);הארץ;2;11;וכל ישראל אשר סביבתיהם נסו לקלם כי אמרו פן תבלענו הארץ
(232813, 66, 4);40;מ;217171;(4, 17, 1, 17, 217171);57240;(4, 17, 1, 5, 57240);לאמר;3;5;וידבר יהוה אל משה לאמר
(232813, 66, 4);6;ו;217237;(4, 17, 3, 6, 217237);57259;(4, 17, 3, 2, 57259);מחתות;4;2;את מחתות החטאים האלה בנפשתם ועשו אתם רקעי פחים צפוי למזבח כי הקריבם לפני יהוה ויקדשו ויהיו לאות לבני ישראל
(232813, 66, 4);5;ה;217303;(4, 17, 3, 72, 217303);57274;(4, 17, 3, 17, 57274);ויהיו;3;17;את מחתות החטאים האלה בנפשתם ועשו אתם רקעי פחים צפוי למזבח כי הקריבם לפני יהוה ויקדשו ויהיו לאות לבני ישראל
(232813, 66, 4);10;י;217369;(4, 17, 4, 51, 217369);57288;(4, 17, 4, 11, 57288);צפוי;4;11;ויקח אלעזר הכהן את מחתות הנחשת אשר הקריבו השרפים וירקעום צפוי למזבח
(232813, 66, 4);50;נ;217435;(4, 17, 5, 61, 217435);57306;(4, 17, 5, 17, 57306);לפני;3;17;זכרון לבני ישראל למען אשר לא יקרב איש זר אשר לא מזרע אהרן הוא להקטיר קטרת לפני יהוה ולא יהיה כקרח וכעדתו כאשר דבר יהוה ביד משה לו
(232813, 66, 4);30;ל;217501;(4, 17, 6, 25, 217501);57324;(4, 17, 6, 7, 57324);על;2;7;וילנו כל עדת בני ישראל ממחרת על משה ועל אהרן לאמר אתם המתם את עם יהוה
(232813, 66, 4);6;ו;217567;(4, 17, 7, 37, 217567);57344;(4, 17, 7, 11, 57344);מועד;2;11;ויהי בהקהל העדה על משה ועל אהרן ויפנו אל אהל מועד והנה כסהו הענן וירא כבוד יהוה
(232813, 66, 4);1;א;217633;(4, 17, 9, 16, 217633);57362;(4, 17, 9, 5, 57362);לאמר;2;5;וידבר יהוה אל משה לאמר
(232813, 66, 4);6;ו;217699;(4, 17, 11, 24, 217699);57380;(4, 17, 11, 8, 57380);ותן;1;8;ויאמר משה אל אהרן קח את המחתה ותן עליה אש מעל המזבח ושים קטרת והולך מהרה אל העדה וכפר עליהם כי יצא הקצף מלפני יהוה החל הנגף
(232813, 66, 4);5;ה;217765;(4, 17, 11, 90, 217765);57397;(4, 17, 11, 25, 57397);יהוה;4;25;ויאמר משה אל אהרן קח את המחתה ותן עליה אש מעל המזבח ושים קטרת והולך מהרה אל העדה וכפר עליהם כי יצא הקצף מלפני יהוה החל הנגף
(232813, 66, 4);20;כ;217831;(4, 17, 12, 59, 217831);57416;(4, 17, 12, 17, 57416);ויכפר;3;17;ויקח אהרן כאשר דבר משה וירץ אל תוך הקהל והנה החל הנגף בעם ויתן את הקטרת ויכפר על העם
(232813, 66, 4);6;ו;217897;(4, 17, 14, 27, 217897);57432;(4, 17, 14, 7, 57432);ושבע;1;7;ויהיו המתים במגפה ארבעה עשר אלף ושבע מאות מלבד המתים על דבר קרח
(232813, 66, 4);10;י;217963;(4, 17, 16, 6, 217963);57450;(4, 17, 16, 2, 57450);יהוה;1;2;וידבר יהוה אל משה לאמר
(232813, 66, 4);10;י;218029;(4, 17, 17, 54, 218029);57469;(4, 17, 17, 16, 57469);שנים;3;16;דבר אל בני ישראל וקח מאתם מטה מטה לבית אב מאת כל נשיאהם לבית אבתם שנים עשר מטות איש את שמו תכתב על מטהו
(232813, 66, 4);400;ת;218095;(4, 17, 18, 40, 218095);57490;(4, 17, 18, 13, 57490);אבותם;4;13;ואת שם אהרן תכתב על מטה לוי כי מטה אחד לראש בית אבותם
(232813, 66, 4);20;כ;218161;(4, 17, 20, 29, 218161);57507;(4, 17, 20, 8, 57507);והשכתי;4;8;והיה האיש אשר אבחר בו מטהו יפרח והשכתי מעלי את תלנות בני ישראל אשר הם מלינם עליכם
(232813, 66, 4);50;נ;218227;(4, 17, 21, 30, 218227);57525;(4, 17, 21, 9, 57525);נשיאיהם;1;9;וידבר משה אל בני ישראל ויתנו אליו כל נשיאיהם מטה לנשיא אחד מטה לנשיא אחד לבית אבתם שנים עשר מטות ומטה אהרן בתוך מטותם
(232813, 66, 4);10;י;218293;(4, 17, 22, 2, 218293);57541;(4, 17, 22, 1, 57541);וינח;2;1;וינח משה את המטת לפני יהוה באהל העדת
(232813, 66, 4);200;ר;218359;(4, 17, 23, 39, 218359);57559;(4, 17, 23, 11, 57559);אהרן;3;11;ויהי ממחרת ויבא משה אל אהל העדות והנה פרח מטה אהרן לבית לוי ויצא פרח ויצץ ציץ ויגמל שקדים
(232813, 66, 4);200;ר;218425;(4, 17, 24, 34, 218425);57578;(4, 17, 24, 11, 57578);ישראל;3;11;ויצא משה את כל המטת מלפני יהוה אל כל בני ישראל ויראו ויקחו איש מטהו
(232813, 66, 4);2;ב;218491;(4, 17, 25, 47, 218491);57595;(4, 17, 25, 13, 57595);לבני;2;13;ויאמר יהוה אל משה השב את מטה אהרן לפני העדות למשמרת לאות לבני מרי ותכל תלונתם מעלי ולא ימתו
(232813, 66, 4);30;ל;218557;(4, 17, 27, 14, 218557);57612;(4, 17, 27, 3, 57612);ישראל;5;3;ויאמרו בני ישראל אל משה לאמר הן גוענו אבדנו כלנו אבדנו
(232813, 66, 4);6;ו;218623;(4, 18, 1, 1, 218623);57631;(4, 18, 1, 1, 57631);ויאמר;1;1;ויאמר יהוה אל אהרן אתה ובניך ובית אביך אתך תשאו את עון המקדש ואתה ובניך אתך תשאו את עון כהנתכם
(232813, 66, 4);70;ע;218689;(4, 18, 1, 67, 218689);57649;(4, 18, 1, 19, 57649);עון;1;19;ויאמר יהוה אל אהרן אתה ובניך ובית אביך אתך תשאו את עון המקדש ואתה ובניך אתך תשאו את עון כהנתכם
(232813, 66, 4);30;ל;218755;(4, 18, 2, 58, 218755);57666;(4, 18, 2, 16, 57666);לפני;1;16;וגם את אחיך מטה לוי שבט אביך הקרב אתך וילוו עליך וישרתוך ואתה ובניך אתך לפני אהל העדת
(232813, 66, 4);6;ו;218821;(4, 18, 3, 56, 218821);57683;(4, 18, 3, 15, 57683);ימתו;4;15;ושמרו משמרתך ומשמרת כל האהל אך אל כלי הקדש ואל המזבח לא יקרבו ולא ימתו גם הם גם אתם
(232813, 66, 4);200;ר;218887;(4, 18, 5, 4, 218887);57702;(4, 18, 5, 1, 57702);ושמרתם;4;1;ושמרתם את משמרת הקדש ואת משמרת המזבח ולא יהיה עוד קצף על בני ישראל
(232813, 66, 4);10;י;218953;(4, 18, 6, 17, 218953);57720;(4, 18, 6, 5, 57720);אחיכם;3;5;ואני הנה לקחתי את אחיכם הלוים מתוך בני ישראל לכם מתנה נתנים ליהוה לעבד את עבדת אהל מועד
(232813, 66, 4);400;ת;219019;(4, 18, 7, 13, 219019);57737;(4, 18, 7, 4, 57737);תשמרו;1;4;ואתה ובניך אתך תשמרו את כהנתכם לכל דבר המזבח ולמבית לפרכת ועבדתם עבדת מתנה אתן את כהנתכם והזר הקרב יומת
(232813, 66, 4);200;ר;219085;(4, 18, 7, 79, 219085);57752;(4, 18, 7, 19, 57752);הקרב;3;19;ואתה ובניך אתך תשמרו את כהנתכם לכל דבר המזבח ולמבית לפרכת ועבדתם עבדת מתנה אתן את כהנתכם והזר הקרב יומת
(232813, 66, 4);400;ת;219151;(4, 18, 8, 61, 219151);57770;(4, 18, 8, 17, 57770);נתתים;3;17;וידבר יהוה אל אהרן ואני הנה נתתי לך את משמרת תרומתי לכל קדשי בני ישראל לך נתתים למשחה ולבניך לחק עולם
(232813, 66, 4);400;ת;219217;(4, 18, 9, 46, 219217);57787;(4, 18, 9, 13, 57787);חטאתם;4;13;זה יהיה לך מקדש הקדשים מן האש כל קרבנם לכל מנחתם ולכל חטאתם ולכל אשמם אשר ישיבו לי קדש קדשים לך הוא ולבניך
(232813, 66, 4);6;ו;219283;(4, 18, 10, 28, 219283);57804;(4, 18, 10, 7, 57804);אתו;3;7;בקדש הקדשים תאכלנו כל זכר יאכל אתו קדש יהיה לך
(232813, 66, 4);70;ע;219349;(4, 18, 11, 57, 219349);57822;(4, 18, 11, 15, 57822);עולם;1;15;וזה לך תרומת מתנם לכל תנופת בני ישראל לך נתתים ולבניך ולבנתיך אתך לחק עולם כל טהור בביתך יאכל אתו
(232813, 66, 4);50;נ;219415;(4, 18, 12, 45, 219415);57840;(4, 18, 12, 13, 57840);נתתים;1;13;כל חלב יצהר וכל חלב תירוש ודגן ראשיתם אשר יתנו ליהוה לך נתתים
(232813, 66, 4);30;ל;219481;(4, 18, 14, 11, 219481);57856;(4, 18, 14, 3, 57856);בישראל;6;3;כל חרם בישראל לך יהיה
(232813, 66, 4);5;ה;219547;(4, 18, 15, 60, 219547);57876;(4, 18, 15, 18, 57876);האדם;1;18;כל פטר רחם לכל בשר אשר יקריבו ליהוה באדם ובבהמה יהיה לך אך פדה תפדה את בכור האדם ואת בכור הבהמה הטמאה תפדה
(232813, 66, 4);70;ע;219613;(4, 18, 16, 42, 219613);57892;(4, 18, 16, 11, 57892);עשרים;1;11;ופדויו מבן חדש תפדה בערכך כסף חמשת שקלים בשקל הקדש עשרים גרה הוא
(232813, 66, 4);400;ת;219679;(4, 18, 17, 56, 219679);57913;(4, 18, 17, 19, 57913);ואת;3;19;אך בכור שור או בכור כשב או בכור עז לא תפדה קדש הם את דמם תזרק על המזבח ואת חלבם תקטיר אשה לריח ניחח ליהוה
(232813, 66, 4);200;ר;219745;(4, 18, 19, 4, 219745);57930;(4, 18, 19, 2, 57930);תרומת;2;2;כל תרומת הקדשים אשר ירימו בני ישראל ליהוה נתתי לך ולבניך ולבנתיך אתך לחק עולם ברית מלח עולם הוא לפני יהוה לך ולזרעך אתך
(232813, 66, 4);8;ח;219811;(4, 18, 19, 70, 219811);57945;(4, 18, 19, 17, 57945);מלח;3;17;כל תרומת הקדשים אשר ירימו בני ישראל ליהוה נתתי לך ולבניך ולבנתיך אתך לחק עולם ברית מלח עולם הוא לפני יהוה לך ולזרעך אתך
(232813, 66, 4);400;ת;219877;(4, 18, 20, 40, 219877);57964;(4, 18, 20, 12, 57964);בתוכם;2;12;ויאמר יהוה אל אהרן בארצם לא תנחל וחלק לא יהיה לך בתוכם אני חלקך ונחלתך בתוך בני ישראל
(232813, 66, 4);4;ד;219943;(4, 18, 21, 38, 219943);57980;(4, 18, 21, 10, 57980);עבדתם;3;10;ולבני לוי הנה נתתי כל מעשר בישראל לנחלה חלף עבדתם אשר הם עבדים את עבדת אהל מועד
(232813, 66, 4);70;ע;220009;(4, 18, 23, 2, 220009);57999;(4, 18, 23, 1, 57999);ועבד;2;1;ועבד הלוי הוא את עבדת אהל מועד והם ישאו עונם חקת עולם לדרתיכם ובתוך בני ישראל לא ינחלו נחלה
(232813, 66, 4);30;ל;220075;(4, 18, 23, 68, 220075);58016;(4, 18, 23, 18, 58016);ינחלו;4;18;ועבד הלוי הוא את עבדת אהל מועד והם ישאו עונם חקת עולם לדרתיכם ובתוך בני ישראל לא ינחלו נחלה
(232813, 66, 4);2;ב;220141;(4, 18, 24, 61, 220141);58034;(4, 18, 24, 17, 58034);בתוך;1;17;כי את מעשר בני ישראל אשר ירימו ליהוה תרומה נתתי ללוים לנחלה על כן אמרתי להם בתוך בני ישראל לא ינחלו נחלה
(232813, 66, 4);8;ח;220207;(4, 18, 26, 26, 220207);58051;(4, 18, 26, 7, 58051);תקחו;3;7;ואל הלוים תדבר ואמרת אלהם כי תקחו מאת בני ישראל את המעשר אשר נתתי לכם מאתם בנחלתכם והרמתם ממנו תרומת יהוה מעשר מן המעשר
(232813, 66, 4);5;ה;220273;(4, 18, 26, 92, 220273);58068;(4, 18, 26, 24, 58068);המעשר;1;24;ואל הלוים תדבר ואמרת אלהם כי תקחו מאת בני ישראל את המעשר אשר נתתי לכם מאתם בנחלתכם והרמתם ממנו תרומת יהוה מעשר מן המעשר
(232813, 66, 4);40;מ;220339;(4, 18, 28, 25, 220339);58085;(4, 18, 28, 8, 58085);מעשרתיכם;1;8;כן תרימו גם אתם תרומת יהוה מכל מעשרתיכם אשר תקחו מאת בני ישראל ונתתם ממנו את תרומת יהוה לאהרן הכהן
(232813, 66, 4);200;ר;220405;(4, 18, 29, 12, 220405);58100;(4, 18, 29, 3, 58100);תרימו;2;3;מכל מתנתיכם תרימו את כל תרומת יהוה מכל חלבו את מקדשו ממנו
(232813, 66, 4);30;ל;220471;(4, 18, 30, 32, 220471);58117;(4, 18, 30, 8, 58117);ללוים;1;8;ואמרת אלהם בהרימכם את חלבו ממנו ונחשב ללוים כתבואת גרן וכתבואת יקב
(232813, 66, 4);400;ת;220537;(4, 18, 31, 43, 220537);58133;(4, 18, 31, 12, 58133);עבדתכם;4;12;ואכלתם אתו בכל מקום אתם וביתכם כי שכר הוא לכם חלף עבדתכם באהל מועד
(232813, 66, 4);1;א;220603;(4, 18, 32, 56, 220603);58150;(4, 18, 32, 15, 58150);ולא;3;15;ולא תשאו עליו חטא בהרימכם את חלבו ממנו ואת קדשי בני ישראל לא תחללו ולא תמותו
(232813, 66, 4);200;ר;220669;(4, 19, 2, 36, 220669);58169;(4, 19, 2, 11, 58169);ישראל;3;11;זאת חקת התורה אשר צוה יהוה לאמר דבר אל בני ישראל ויקחו אליך פרה אדמה תמימה אשר אין בה מום אשר לא עלה עליה על
(232813, 66, 4);5;ה;220735;(4, 19, 3, 18, 220735);58188;(4, 19, 3, 5, 58188);הכהן;3;5;ונתתם אתה אל אלעזר הכהן והוציא אתה אל מחוץ למחנה ושחט אתה לפניו
(232813, 66, 4);80;פ;220801;(4, 19, 4, 33, 220801);58205;(4, 19, 4, 9, 58205);פני;1;9;ולקח אלעזר הכהן מדמה באצבעו והזה אל נכח פני אהל מועד מדמה שבע פעמים
(232813, 66, 4);6;ו;220867;(4, 19, 6, 1, 220867);58224;(4, 19, 6, 1, 58224);ולקח;1;1;ולקח הכהן עץ ארז ואזוב ושני תולעת והשליך אל תוך שרפת הפרה
(232813, 66, 4);6;ו;220933;(4, 19, 7, 21, 220933);58240;(4, 19, 7, 5, 58240);בשרו;4;5;וכבס בגדיו הכהן ורחץ בשרו במים ואחר יבא אל המחנה וטמא הכהן עד הערב
(232813, 66, 4);6;ו;220999;(4, 19, 8, 34, 220999);58258;(4, 19, 8, 9, 58258);וטמא;1;9;והשרף אתה יכבס בגדיו במים ורחץ בשרו במים וטמא עד הערב
(232813, 66, 4);300;ש;221065;(4, 19, 9, 57, 221065);58275;(4, 19, 9, 15, 58275);ישראל;2;15;ואסף איש טהור את אפר הפרה והניח מחוץ למחנה במקום טהור והיתה לעדת בני ישראל למשמרת למי נדה חטאת הוא
(232813, 66, 4);10;י;221131;(4, 19, 10, 44, 221131);58293;(4, 19, 10, 13, 58293);ישראל;1;13;וכבס האסף את אפר הפרה את בגדיו וטמא עד הערב והיתה לבני ישראל ולגר הגר בתוכם לחקת עולם
(232813, 66, 4);40;ם;221197;(4, 19, 12, 14, 221197);58310;(4, 19, 12, 4, 58310);ביום;4;4;הוא יתחטא בו ביום השלישי וביום השביעי יטהר ואם לא יתחטא ביום השלישי וביום השביעי לא יטהר
(232813, 66, 4);40;מ;221263;(4, 19, 13, 8, 221263);58326;(4, 19, 13, 3, 58326);במת;2;3;כל הנגע במת בנפש האדם אשר ימות ולא יתחטא את משכן יהוה טמא ונכרתה הנפש ההוא מישראל כי מי נדה לא זרק עליו טמא יהיה עוד טמאתו בו
(232813, 66, 4);1;א;221329;(4, 19, 13, 74, 221329);58344;(4, 19, 13, 21, 58344);לא;2;21;כל הנגע במת בנפש האדם אשר ימות ולא יתחטא את משכן יהוה טמא ונכרתה הנפש ההוא מישראל כי מי נדה לא זרק עליו טמא יהיה עוד טמאתו בו
(232813, 66, 4);30;ל;221395;(4, 19, 14, 42, 221395);58364;(4, 19, 14, 13, 58364);באהל;4;13;זאת התורה אדם כי ימות באהל כל הבא אל האהל וכל אשר באהל יטמא שבעת ימים
(232813, 66, 4);8;ח;221461;(4, 19, 16, 20, 221461);58384;(4, 19, 16, 7, 58384);בחלל;2;7;וכל אשר יגע על פני השדה בחלל חרב או במת או בעצם אדם או בקבר יטמא שבעת ימים
(232813, 66, 4);10;י;221527;(4, 19, 17, 29, 221527);58402;(4, 19, 17, 7, 58402);עליו;3;7;ולקחו לטמא מעפר שרפת החטאת ונתן עליו מים חיים אל כלי
(232813, 66, 4);1;א;221593;(4, 19, 18, 53, 221593);58421;(4, 19, 18, 15, 58421);אשר;1;15;ולקח אזוב וטבל במים איש טהור והזה על האהל ועל כל הכלים ועל הנפשות אשר היו שם ועל הנגע בעצם או בחלל או במת או בקבר
(232813, 66, 4);300;ש;221659;(4, 19, 19, 31, 221659);58440;(4, 19, 19, 8, 58440);השביעי;2;8;והזה הטהר על הטמא ביום השלישי וביום השביעי וחטאו ביום השביעי וכבס בגדיו ורחץ במים וטהר בערב
(232813, 66, 4);20;כ;221725;(4, 19, 20, 22, 221725);58455;(4, 19, 20, 6, 58455);ונכרתה;3;6;ואיש אשר יטמא ולא יתחטא ונכרתה הנפש ההוא מתוך הקהל כי את מקדש יהוה טמא מי נדה לא זרק עליו טמא הוא
(232813, 66, 4);400;ת;221791;(4, 19, 21, 12, 221791);58474;(4, 19, 21, 3, 58474);לחקת;4;3;והיתה להם לחקת עולם ומזה מי הנדה יכבס בגדיו והנגע במי הנדה יטמא עד הערב
(232813, 66, 4);5;ה;221857;(4, 19, 22, 21, 221857);58493;(4, 19, 22, 7, 58493);והנפש;2;7;וכל אשר יגע בו הטמא יטמא והנפש הנגעת תטמא עד הערב
(232813, 66, 4);400;ת;221923;(4, 20, 1, 48, 221923);58510;(4, 20, 1, 13, 58510);ותמת;2;13;ויבאו בני ישראל כל העדה מדבר צן בחדש הראשון וישב העם בקדש ותמת שם מרים ותקבר שם
(232813, 66, 4);1;א;221989;(4, 20, 3, 20, 221989);58529;(4, 20, 3, 6, 58529);לאמר;2;6;וירב העם עם משה ויאמרו לאמר ולו גוענו בגוע אחינו לפני יהוה
(232813, 66, 4);6;ו;222055;(4, 20, 4, 39, 222055);58546;(4, 20, 4, 11, 58546);אנחנו;5;11;ולמה הבאתם את קהל יהוה אל המדבר הזה למות שם אנחנו ובעירנו
(232813, 66, 4);200;ר;222121;(4, 20, 5, 59, 222121);58562;(4, 20, 5, 15, 58562);ורמון;2;15;ולמה העליתנו ממצרים להביא אתנו אל המקום הרע הזה לא מקום זרע ותאנה וגפן ורמון ומים אין לשתות
(232813, 66, 4);6;ו;222187;(4, 20, 6, 51, 222187);58579;(4, 20, 6, 14, 58579);כבוד;3;14;ויבא משה ואהרן מפני הקהל אל פתח אהל מועד ויפלו על פניהם וירא כבוד יהוה אליהם
(232813, 66, 4);1;א;222253;(4, 20, 8, 38, 222253);58597;(4, 20, 8, 11, 58597);אל;1;11;קח את המטה והקהל את העדה אתה ואהרן אחיך ודברתם אל הסלע לעיניהם ונתן מימיו והוצאת להם מים מן הסלע והשקית את העדה ואת בעירם
(232813, 66, 4);5;ה;222319;(4, 20, 9, 7, 222319);58613;(4, 20, 9, 2, 58613);משה;3;2;ויקח משה את המטה מלפני יהוה כאשר צוהו
(232813, 66, 4);1;א;222385;(4, 20, 10, 43, 222385);58631;(4, 20, 10, 12, 58631);נא;2;12;ויקהלו משה ואהרן את הקהל אל פני הסלע ויאמר להם שמעו נא המרים המן הסלע הזה נוציא לכם מים
(232813, 66, 4);200;ר;222451;(4, 20, 11, 40, 222451);58650;(4, 20, 11, 12, 58650);רבים;1;12;וירם משה את ידו ויך את הסלע במטהו פעמים ויצאו מים רבים ותשת העדה ובעירם
(232813, 66, 4);50;נ;222517;(4, 20, 12, 49, 222517);58666;(4, 20, 12, 13, 58666);בני;2;13;ויאמר יהוה אל משה ואל אהרן יען לא האמנתם בי להקדישני לעיני בני ישראל לכן לא תביאו את הקהל הזה אל הארץ אשר נתתי להם
(232813, 66, 4);1;א;222583;(4, 20, 13, 25, 222583);58686;(4, 20, 13, 8, 58686);את;1;8;המה מי מריבה אשר רבו בני ישראל את יהוה ויקדש בם
(232813, 66, 4);400;ת;222649;(4, 20, 14, 54, 222649);58705;(4, 20, 14, 16, 58705);התלאה;2;16;וישלח משה מלאכים מקדש אל מלך אדום כה אמר אחיך ישראל אתה ידעת את כל התלאה אשר מצאתנו
(232813, 66, 4);10;י;222715;(4, 20, 15, 54, 222715);58718;(4, 20, 15, 11, 58718);ולאבתינו;6;11;וירדו אבתינו מצרימה ונשב במצרים ימים רבים וירעו לנו מצרים ולאבתינו
(232813, 66, 4);30;ל;222781;(4, 20, 16, 64, 222781);58733;(4, 20, 16, 15, 58733);גבולך;4;15;ונצעק אל יהוה וישמע קלנו וישלח מלאך ויצאנו ממצרים והנה אנחנו בקדש עיר קצה גבולך
(232813, 66, 4);70;ע;222847;(4, 20, 17, 65, 222847);58752;(4, 20, 17, 19, 58752);עד;1;19;נעברה נא בארצך לא נעבר בשדה ובכרם ולא נשתה מי באר דרך המלך נלך לא נטה ימין ושמאול עד אשר נעבר גבלך
(232813, 66, 4);30;ל;222913;(4, 20, 19, 18, 222913);58769;(4, 20, 19, 4, 58769);ישראל;5;4;ויאמרו אליו בני ישראל במסלה נעלה ואם מימיך נשתה אני ומקני ונתתי מכרם רק אין דבר ברגלי אעברה
(232813, 66, 4);2;ב;222979;(4, 20, 20, 10, 222979);58786;(4, 20, 20, 3, 58786);תעבר;3;3;ויאמר לא תעבר ויצא אדום לקראתו בעם כבד וביד חזקה
(232813, 66, 4);70;ע;223045;(4, 20, 21, 37, 223045);58803;(4, 20, 21, 10, 58803);מעליו;2;10;וימאן אדום נתן את ישראל עבר בגבלו ויט ישראל מעליו
(232813, 66, 4);3;ג;223111;(4, 20, 23, 30, 223111);58822;(4, 20, 23, 10, 58822);גבול;1;10;ויאמר יהוה אל משה ואל אהרן בהר ההר על גבול ארץ אדום לאמר
(232813, 66, 4);400;ת;223177;(4, 20, 24, 52, 223177);58841;(4, 20, 24, 16, 58841);מריתם;4;16;יאסף אהרן אל עמיו כי לא יבא אל הארץ אשר נתתי לבני ישראל על אשר מריתם את פי למי מריבה
(232813, 66, 4);2;ב;223243;(4, 20, 26, 22, 223243);58861;(4, 20, 26, 6, 58861);והלבשתם;4;6;והפשט את אהרן את בגדיו והלבשתם את אלעזר בנו ואהרן יאסף ומת שם
(232813, 66, 4);70;ע;223309;(4, 20, 27, 39, 223309);58880;(4, 20, 27, 12, 58880);העדה;2;12;ויעש משה כאשר צוה יהוה ויעלו אל הר ההר לעיני כל העדה
(232813, 66, 4);6;ו;223375;(4, 20, 28, 64, 223375);58899;(4, 20, 28, 19, 58899);ואלעזר;1;19;ויפשט משה את אהרן את בגדיו וילבש אתם את אלעזר בנו וימת אהרן שם בראש ההר וירד משה ואלעזר מן ההר
(232813, 66, 4);20;כ;223441;(4, 21, 1, 7, 223441);58917;(4, 21, 1, 2, 58917);הכנעני;2;2;וישמע הכנעני מלך ערד ישב הנגב כי בא ישראל דרך האתרים וילחם בישראל וישב ממנו שבי
(232813, 66, 4);30;ל;223507;(4, 21, 2, 9, 223507);58933;(4, 21, 2, 2, 58933);ישראל;5;2;וידר ישראל נדר ליהוה ויאמר אם נתן תתן את העם הזה בידי והחרמתי את עריהם
(232813, 66, 4);6;ו;223573;(4, 21, 3, 19, 223573);58951;(4, 21, 3, 5, 58951);ויתן;1;5;וישמע יהוה בקול ישראל ויתן את הכנעני ויחרם אתהם ואת עריהם ויקרא שם המקום חרמה
(232813, 66, 4);2;ב;223639;(4, 21, 4, 22, 223639);58968;(4, 21, 4, 7, 58968);לסבב;3;7;ויסעו מהר ההר דרך ים סוף לסבב את ארץ אדום ותקצר נפש העם בדרך
(232813, 66, 4);40;מ;223705;(4, 21, 5, 41, 223705);58984;(4, 21, 5, 9, 58984);במדבר;2;9;וידבר העם באלהים ובמשה למה העליתנו ממצרים למות במדבר כי אין לחם ואין מים ונפשנו קצה בלחם הקלקל
(232813, 66, 4);300;ש;223771;(4, 21, 6, 30, 223771);59000;(4, 21, 6, 7, 59000);וינשכו;4;7;וישלח יהוה בעם את הנחשים השרפים וינשכו את העם וימת עם רב מישראל
(232813, 66, 4);30;ל;223837;(4, 21, 7, 45, 223837);59018;(4, 21, 7, 12, 59018);אל;2;12;ויבא העם אל משה ויאמרו חטאנו כי דברנו ביהוה ובך התפלל אל יהוה ויסר מעלינו את הנחש ויתפלל משה בעד העם
(232813, 66, 4);30;ל;223903;(4, 21, 8, 31, 223903);59037;(4, 21, 8, 10, 59037);על;2;10;ויאמר יהוה אל משה עשה לך שרף ושים אתו על נס והיה כל הנשוך וראה אתו וחי
(232813, 66, 4);300;ש;223969;(4, 21, 9, 43, 223969);59057;(4, 21, 9, 13, 59057);איש;3;13;ויעש משה נחש נחשת וישמהו על הנס והיה אם נשך הנחש את איש והביט אל נחש הנחשת וחי
(232813, 66, 4);40;מ;224035;(4, 21, 11, 26, 224035);59073;(4, 21, 11, 6, 59073);במדבר;2;6;ויסעו מאבת ויחנו בעיי העברים במדבר אשר על פני מואב ממזרח השמש
(232813, 66, 4);300;ש;224101;(4, 21, 13, 23, 224101);59090;(4, 21, 13, 6, 59090);אשר;2;6;משם נסעו ויחנו מעבר ארנון אשר במדבר היצא מגבל האמרי כי ארנון גבול מואב בין מואב ובין האמרי
(232813, 66, 4);40;מ;224167;(4, 21, 14, 16, 224167);59107;(4, 21, 14, 5, 59107);מלחמת;4;5;על כן יאמר בספר מלחמת יהוה את והב בסופה ואת הנחלים ארנון
(232813, 66, 4);6;ו;224233;(4, 21, 16, 1, 224233);59124;(4, 21, 16, 1, 59124);ומשם;1;1;ומשם בארה הוא הבאר אשר אמר יהוה למשה אסף את העם ואתנה להם מים
(232813, 66, 4);5;ה;224299;(4, 21, 17, 19, 224299);59143;(4, 21, 17, 6, 59143);הזאת;1;6;אז ישיר ישראל את השירה הזאת עלי באר ענו לה
(232813, 66, 4);5;ה;224365;(4, 21, 19, 6, 224365);59158;(4, 21, 19, 1, 59158);וממתנה;6;1;וממתנה נחליאל ומנחליאל במות
(232813, 66, 4);10;י;224431;(4, 21, 21, 2, 224431);59173;(4, 21, 21, 1, 59173);וישלח;2;1;וישלח ישראל מלאכים אל סיחן מלך האמרי לאמר
(232813, 66, 4);1;א;224497;(4, 21, 22, 34, 224497);59190;(4, 21, 22, 10, 59190);באר;2;10;אעברה בארצך לא נטה בשדה ובכרם לא נשתה מי באר בדרך המלך נלך עד אשר נעבר גבלך
(232813, 66, 4);6;ו;224563;(4, 21, 23, 41, 224563);59209;(4, 21, 23, 12, 59209);עמו;3;12;ולא נתן סיחן את ישראל עבר בגבלו ויאסף סיחן את כל עמו ויצא לקראת ישראל המדברה ויבא יהצה וילחם בישראל
(232813, 66, 4);6;ו;224629;(4, 21, 24, 27, 224629);59224;(4, 21, 24, 7, 59224);ארצו;4;7;ויכהו ישראל לפי חרב ויירש את ארצו מארנן עד יבק עד בני עמון כי עז גבול בני עמון
(232813, 66, 4);2;ב;224695;(4, 21, 25, 32, 224695);59244;(4, 21, 25, 9, 59244);בכל;1;9;ויקח ישראל את כל הערים האלה וישב ישראל בכל ערי האמרי בחשבון ובכל בנתיה
(232813, 66, 4);2;ב;224761;(4, 21, 26, 41, 224761);59260;(4, 21, 26, 11, 59260);מואב;4;11;כי חשבון עיר סיחן מלך האמרי הוא והוא נלחם במלך מואב הראשון ויקח את כל ארצו מידו עד ארנן
(232813, 66, 4);10;י;224827;(4, 21, 27, 38, 224827);59278;(4, 21, 27, 10, 59278);סיחון;2;10;על כן יאמרו המשלים באו חשבון תבנה ותכונן עיר סיחון
(232813, 66, 4);70;ע;224893;(4, 21, 29, 14, 224893);59296;(4, 21, 29, 5, 59296);עם;1;5;אוי לך מואב אבדת עם כמוש נתן בניו פליטם ובנתיו בשבית למלך אמרי סיחון
(232813, 66, 4);70;ע;224959;(4, 21, 30, 25, 224959);59312;(4, 21, 30, 7, 59312);עד;1;7;ונירם אבד חשבון עד דיבן ונשים עד נפח אשר עד מידבא
(232813, 66, 4);300;ש;225025;(4, 21, 32, 34, 225025);59328;(4, 21, 32, 8, 59328);ויירש;5;8;וישלח משה לרגל את יעזר וילכדו בנתיה ויירש את האמרי אשר שם
(232813, 66, 4);4;ד;225091;(4, 21, 33, 54, 225091);59346;(4, 21, 33, 14, 59346);אדרעי;2;14;ויפנו ויעלו דרך הבשן ויצא עוג מלך הבשן לקראתם הוא וכל עמו למלחמה אדרעי
(232813, 66, 4);70;ע;225157;(4, 21, 34, 63, 225157);59366;(4, 21, 34, 20, 59366);עשית;1;20;ויאמר יהוה אל משה אל תירא אתו כי בידך נתתי אתו ואת כל עמו ואת ארצו ועשית לו כאשר עשית לסיחן מלך האמרי אשר יושב בחשבון
(232813, 66, 4);200;ר;225223;(4, 21, 35, 37, 225223);59384;(4, 21, 35, 12, 59384);שריד;2;12;ויכו אתו ואת בניו ואת כל עמו עד בלתי השאיר לו שריד ויירשו את ארצו
(232813, 66, 4);80;פ;225289;(4, 22, 2, 11, 225289);59400;(4, 22, 2, 4, 59400);צפור;2;4;וירא בלק בן צפור את כל אשר עשה ישראל לאמרי
(232813, 66, 4);1;א;225355;(4, 22, 3, 44, 225355);59419;(4, 22, 3, 13, 59419);ישראל;4;13;ויגר מואב מפני העם מאד כי רב הוא ויקץ מואב מפני בני ישראל
(232813, 66, 4);2;ב;225421;(4, 22, 4, 65, 225421);59437;(4, 22, 4, 18, 59437);בן;1;18;ויאמר מואב אל זקני מדין עתה ילחכו הקהל את כל סביבתינו כלחך השור את ירק השדה ובלק בן צפור מלך למואב בעת ההוא
(232813, 66, 4);6;ו;225487;(4, 22, 5, 46, 225487);59455;(4, 22, 5, 13, 59455);עמו;3;13;וישלח מלאכים אל בלעם בן בעור פתורה אשר על הנהר ארץ בני עמו לקרא לו לאמר הנה עם יצא ממצרים הנה כסה את עין הארץ והוא ישב ממלי
(232813, 66, 4);400;ת;225553;(4, 22, 6, 16, 225553);59476;(4, 22, 6, 6, 59476);את;2;6;ועתה לכה נא ארה לי את העם הזה כי עצום הוא ממני אולי אוכל נכה בו ואגרשנו מן הארץ כי ידעתי את אשר תברך מברך ואשר תאר יואר
(232813, 66, 4);6;ו;225619;(4, 22, 6, 82, 225619);59496;(4, 22, 6, 26, 59496);ואשר;1;26;ועתה לכה נא ארה לי את העם הזה כי עצום הוא ממני אולי אוכל נכה בו ואגרשנו מן הארץ כי ידעתי את אשר תברך מברך ואשר תאר יואר
(232813, 66, 4);200;ר;225685;(4, 22, 7, 56, 225685);59511;(4, 22, 7, 13, 59511);דברי;3;13;וילכו זקני מואב וזקני מדין וקסמים בידם ויבאו אל בלעם וידברו אליו דברי בלק
(232813, 66, 4);70;ע;225751;(4, 22, 8, 62, 225751);59528;(4, 22, 8, 16, 59528);עם;1;16;ויאמר אליהם לינו פה הלילה והשבתי אתכם דבר כאשר ידבר יהוה אלי וישבו שרי מואב עם בלעם
(232813, 66, 4);40;מ;225817;(4, 22, 10, 26, 225817);59546;(4, 22, 10, 8, 59546);מלך;1;8;ויאמר בלעם אל האלהים בלק בן צפר מלך מואב שלח אלי
(232813, 66, 4);30;ל;225883;(4, 22, 11, 54, 225883);59565;(4, 22, 11, 16, 59565);להלחם;3;16;הנה העם היצא ממצרים ויכס את עין הארץ עתה לכה קבה לי אתו אולי אוכל להלחם בו וגרשתיו
(232813, 66, 4);100;ק;225949;(4, 22, 13, 11, 225949);59584;(4, 22, 13, 3, 59584);בבקר;3;3;ויקם בלעם בבקר ויאמר אל שרי בלק לכו אל ארצכם כי מאן יהוה לתתי להלך עמכם
(232813, 66, 4);2;ב;226015;(4, 22, 14, 21, 226015);59603;(4, 22, 14, 6, 59603);בלק;1;6;ויקומו שרי מואב ויבאו אל בלק ויאמרו מאן בלעם הלך עמנו
(232813, 66, 4);6;ו;226081;(4, 22, 16, 12, 226081);59620;(4, 22, 16, 4, 59620);ויאמרו;1;4;ויבאו אל בלעם ויאמרו לו כה אמר בלק בן צפור אל נא תמנע מהלך אלי
(232813, 66, 4);5;ה;226147;(4, 22, 17, 30, 226147);59640;(4, 22, 17, 9, 59640);אעשה;4;9;כי כבד אכבדך מאד וכל אשר תאמר אלי אעשה ולכה נא קבה לי את העם הזה
(232813, 66, 4);30;ל;226213;(4, 22, 18, 47, 226213);59662;(4, 22, 18, 15, 59662);לא;1;15;ויען בלעם ויאמר אל עבדי בלק אם יתן לי בלק מלא ביתו כסף וזהב לא אוכל לעבר את פי יהוה אלהי לעשות קטנה או גדולה
(232813, 66, 4);5;ה;226279;(4, 22, 19, 29, 226279);59681;(4, 22, 19, 9, 59681);מה;2;9;ועתה שבו נא בזה גם אתם הלילה ואדעה מה יסף יהוה דבר עמי
(232813, 66, 4);1;א;226345;(4, 22, 20, 53, 226345);59701;(4, 22, 20, 16, 59701);ואך;2;16;ויבא אלהים אל בלעם לילה ויאמר לו אם לקרא לך באו האנשים קום לך אתם ואך את הדבר אשר אדבר אליך אתו תעשה
(232813, 66, 4);1;א;226411;(4, 22, 22, 5, 226411);59720;(4, 22, 22, 2, 59720);אף;1;2;ויחר אף אלהים כי הולך הוא ויתיצב מלאך יהוה בדרך לשטן לו והוא רכב על אתנו ושני נעריו עמו
(232813, 66, 4);400;ת;226477;(4, 22, 23, 2, 226477);59738;(4, 22, 23, 1, 59738);ותרא;2;1;ותרא האתון את מלאך יהוה נצב בדרך וחרבו שלופה בידו ותט האתון מן הדרך ותלך בשדה ויך בלעם את האתון להטתה הדרך
(232813, 66, 4);70;ע;226543;(4, 22, 23, 68, 226543);59755;(4, 22, 23, 18, 59755);בלעם;3;18;ותרא האתון את מלאך יהוה נצב בדרך וחרבו שלופה בידו ותט האתון מן הדרך ותלך בשדה ויך בלעם את האתון להטתה הדרך
(232813, 66, 4);400;ת;226609;(4, 22, 25, 11, 226609);59771;(4, 22, 25, 3, 59771);את;2;3;ותרא האתון את מלאך יהוה ותלחץ אל הקיר ותלחץ את רגל בלעם אל הקיר ויסף להכתה
(232813, 66, 4);6;ו;226675;(4, 22, 26, 18, 226675);59789;(4, 22, 26, 5, 59789);ויעמד;1;5;ויוסף מלאך יהוה עבור ויעמד במקום צר אשר אין דרך לנטות ימין ושמאול
(232813, 66, 4);40;ם;226741;(4, 22, 27, 31, 226741);59805;(4, 22, 27, 8, 59805);בלעם;4;8;ותרא האתון את מלאך יהוה ותרבץ תחת בלעם ויחר אף בלעם ויך את האתון במקל
(232813, 66, 4);10;י;226807;(4, 22, 28, 42, 226807);59824;(4, 22, 28, 12, 59824);הכיתני;3;12;ויפתח יהוה את פי האתון ותאמר לבלעם מה עשיתי לך כי הכיתני זה שלש רגלים
(232813, 66, 4);1;א;226873;(4, 22, 30, 7, 226873);59842;(4, 22, 30, 2, 59842);האתון;2;2;ותאמר האתון אל בלעם הלוא אנכי אתנך אשר רכבת עלי מעודך עד היום הזה ההסכן הסכנתי לעשות לך כה ויאמר לא
(232813, 66, 4);6;ו;226939;(4, 22, 30, 73, 226939);59860;(4, 22, 30, 20, 59860);ויאמר;1;20;ותאמר האתון אל בלעם הלוא אנכי אתנך אשר רכבת עלי מעודך עד היום הזה ההסכן הסכנתי לעשות לך כה ויאמר לא
(232813, 66, 4);400;ת;227005;(4, 22, 31, 60, 227005);59877;(4, 22, 31, 16, 59877);וישתחו;4;16;ויגל יהוה את עיני בלעם וירא את מלאך יהוה נצב בדרך וחרבו שלפה בידו ויקד וישתחו לאפיו
(232813, 66, 4);20;כ;227071;(4, 22, 32, 59, 227071);59895;(4, 22, 32, 17, 59895);כי;1;17;ויאמר אליו מלאך יהוה על מה הכית את אתנך זה שלוש רגלים הנה אנכי יצאתי לשטן כי ירט הדרך לנגדי
(232813, 66, 4);200;ר;227137;(4, 22, 33, 53, 227137);59913;(4, 22, 33, 15, 59913);הרגתי;2;15;ותראני האתון ותט לפני זה שלש רגלים אולי נטתה מפני כי עתה גם אתכה הרגתי ואותה החייתי
(232813, 66, 4);6;ו;227203;(4, 22, 34, 52, 227203);59930;(4, 22, 34, 15, 59930);ועתה;1;15;ויאמר בלעם אל מלאך יהוה חטאתי כי לא ידעתי כי אתה נצב לקראתי בדרך ועתה אם רע בעיניך אשובה לי
(232813, 66, 4);200;ר;227269;(4, 22, 35, 46, 227269);59948;(4, 22, 35, 13, 59948);אדבר;4;13;ויאמר מלאך יהוה אל בלעם לך עם האנשים ואפס את הדבר אשר אדבר אליך אתו תדבר וילך בלעם עם שרי בלק
(232813, 66, 4);70;ע;227335;(4, 22, 36, 39, 227335);59968;(4, 22, 36, 12, 59968);על;1;12;וישמע בלק כי בא בלעם ויצא לקראתו אל עיר מואב אשר על גבול ארנן אשר בקצה הגבול
(232813, 66, 4);1;א;227401;(4, 22, 37, 45, 227401);59987;(4, 22, 37, 14, 59987);אלי;1;14;ויאמר בלק אל בלעם הלא שלח שלחתי אליך לקרא לך למה לא הלכת אלי האמנם לא אוכל כבדך
(232813, 66, 4);1;א;227467;(4, 22, 38, 49, 227467);60005;(4, 22, 38, 14, 60005);אשר;1;14;ויאמר בלעם אל בלק הנה באתי אליך עתה היכל אוכל דבר מאומה הדבר אשר ישים אלהים בפי אתו אדבר
(232813, 66, 4);30;ל;227533;(4, 22, 40, 19, 227533);60022;(4, 22, 40, 5, 60022);וישלח;4;5;ויזבח בלק בקר וצאן וישלח לבלעם ולשרים אשר אתו
(232813, 66, 4);6;ו;227599;(4, 23, 1, 1, 227599);60040;(4, 23, 1, 1, 60040);ויאמר;1;1;ויאמר בלעם אל בלק בנה לי בזה שבעה מזבחת והכן לי בזה שבעה פרים ושבעה אילים
(232813, 66, 4);1;א;227665;(4, 23, 2, 9, 227665);60058;(4, 23, 2, 3, 60058);כאשר;2;3;ויעש בלק כאשר דבר בלעם ויעל בלק ובלעם פר ואיל במזבח
(232813, 66, 4);10;י;227731;(4, 23, 3, 34, 227731);60075;(4, 23, 3, 9, 60075);יקרה;1;9;ויאמר בלעם לבלק התיצב על עלתך ואלכה אולי יקרה יהוה לקראתי ודבר מה יראני והגדתי לך וילך שפי
(232813, 66, 4);300;ש;227797;(4, 23, 4, 27, 227797);60092;(4, 23, 4, 8, 60092);שבעת;1;8;ויקר אלהים אל בלעם ויאמר אליו את שבעת המזבחת ערכתי ואעל פר ואיל במזבח
(232813, 66, 4);2;ב;227863;(4, 23, 5, 37, 227863);60109;(4, 23, 5, 11, 60109);תדבר;3;11;וישם יהוה דבר בפי בלעם ויאמר שוב אל בלק וכה תדבר
(232813, 66, 4);6;ו;227929;(4, 23, 7, 31, 227929);60128;(4, 23, 7, 9, 60128);מואב;2;9;וישא משלו ויאמר מן ארם ינחני בלק מלך מואב מהררי קדם לכה ארה לי יעקב ולכה זעמה ישראל
(232813, 66, 4);40;מ;227995;(4, 23, 9, 3, 227995);60149;(4, 23, 9, 2, 60149);מראש;1;2;כי מראש צרים אראנו ומגבעות אשורנו הן עם לבדד ישכן ובגוים לא יתחשב
(232813, 66, 4);80;פ;228061;(4, 23, 10, 16, 228061);60165;(4, 23, 10, 5, 60165);ומספר;4;5;מי מנה עפר יעקב ומספר את רבע ישראל תמת נפשי מות ישרים ותהי אחריתי כמהו
(232813, 66, 4);1;א;228127;(4, 23, 11, 26, 228127);60184;(4, 23, 11, 9, 60184);איבי;1;9;ויאמר בלק אל בלעם מה עשית לי לקב איבי לקחתיך והנה ברכת ברך
(232813, 66, 4);30;ל;228193;(4, 23, 13, 7, 228193);60201;(4, 23, 13, 2, 60201);אליו;2;2;ויאמר אליו בלק לך נא אתי אל מקום אחר אשר תראנו משם אפס קצהו תראה וכלו לא תראה וקבנו לי משם
(232813, 66, 4);100;ק;228259;(4, 23, 14, 3, 228259);60221;(4, 23, 14, 1, 60221);ויקחהו;3;1;ויקחהו שדה צפים אל ראש הפסגה ויבן שבעה מזבחת ויעל פר ואיל במזבח
(232813, 66, 4);70;ע;228325;(4, 23, 15, 18, 228325);60239;(4, 23, 15, 6, 60239);על;1;6;ויאמר אל בלק התיצב כה על עלתך ואנכי אקרה כה
(232813, 66, 4);1;א;228391;(4, 23, 17, 5, 228391);60258;(4, 23, 17, 2, 60258);אליו;1;2;ויבא אליו והנו נצב על עלתו ושרי מואב אתו ויאמר לו בלק מה דבר יהוה
(232813, 66, 4);6;ו;228457;(4, 23, 18, 20, 228457);60277;(4, 23, 18, 6, 60277);ושמע;1;6;וישא משלו ויאמר קום בלק ושמע האזינה עדי בנו צפר
(232813, 66, 4);10;י;228523;(4, 23, 19, 48, 228523);60295;(4, 23, 19, 14, 60295);יקימנה;3;14;לא איש אל ויכזב ובן אדם ויתנחם ההוא אמר ולא יעשה ודבר ולא יקימנה
(232813, 66, 4);70;ע;228589;(4, 23, 21, 39, 228589);60312;(4, 23, 21, 11, 60312);עמו;1;11;לא הביט און ביעקב ולא ראה עמל בישראל יהוה אלהיו עמו ותרועת מלך בו
(232813, 66, 4);10;י;228655;(4, 23, 23, 28, 228655);60330;(4, 23, 23, 9, 60330);יאמר;1;9;כי לא נחש ביעקב ולא קסם בישראל כעת יאמר ליעקב ולישראל מה פעל אל
(232813, 66, 4);30;ל;228721;(4, 23, 24, 44, 228721);60348;(4, 23, 24, 13, 60348);חללים;3;13;הן עם כלביא יקום וכארי יתנשא לא ישכב עד יאכל טרף ודם חללים ישתה
(232813, 66, 4);4;ד;228787;(4, 23, 26, 22, 228787);60368;(4, 23, 26, 7, 60368);דברתי;1;7;ויען בלעם ויאמר אל בלק הלא דברתי אליך לאמר כל אשר ידבר יהוה אתו אעשה
(232813, 66, 4);6;ו;228853;(4, 23, 27, 34, 228853);60387;(4, 23, 27, 11, 60387);אולי;2;11;ויאמר בלק אל בלעם לכה נא אקחך אל מקום אחר אולי יישר בעיני האלהים וקבתו לי משם
(232813, 66, 4);10;י;228919;(4, 23, 29, 2, 228919);60404;(4, 23, 29, 1, 60404);ויאמר;2;1;ויאמר בלעם אל בלק בנה לי בזה שבעה מזבחת והכן לי בזה שבעה פרים ושבעה אילם
(232813, 66, 4);200;ר;228985;(4, 23, 30, 11, 228985);60422;(4, 23, 30, 3, 60422);כאשר;4;3;ויעש בלק כאשר אמר בלעם ויעל פר ואיל במזבח
(232813, 66, 4);2;ב;229051;(4, 24, 1, 44, 229051);60441;(4, 24, 1, 13, 60441);בפעם;1;13;וירא בלעם כי טוב בעיני יהוה לברך את ישראל ולא הלך כפעם בפעם לקראת נחשים וישת אל המדבר פניו
(232813, 66, 4);5;ה;229117;(4, 24, 2, 38, 229117);60457;(4, 24, 2, 10, 60457);ותהי;3;10;וישא בלעם את עיניו וירא את ישראל שכן לשבטיו ותהי עליו רוח אלהים
(232813, 66, 4);30;ל;229183;(4, 24, 4, 12, 229183);60475;(4, 24, 4, 4, 60475);אל;2;4;נאם שמע אמרי אל אשר מחזה שדי יחזה נפל וגלוי עינים
(232813, 66, 4);50;נ;229249;(4, 24, 6, 13, 229249);60491;(4, 24, 6, 3, 60491);כגנת;3;3;כנחלים נטיו כגנת עלי נהר כאהלים נטע יהוה כארזים עלי מים
(232813, 66, 4);30;ל;229315;(4, 24, 7, 34, 229315);60508;(4, 24, 7, 9, 60508);מלכו;2;9;יזל מים מדליו וזרעו במים רבים וירם מאגג מלכו ותנשא מלכתו
(232813, 66, 4);6;ו;229381;(4, 24, 8, 54, 229381);60522;(4, 24, 8, 12, 60522);וחציו;5;12;אל מוציאו ממצרים כתועפת ראם לו יאכל גוים צריו ועצמתיהם יגרם וחציו ימחץ
(232813, 66, 4);60;ס;229447;(4, 24, 10, 18, 229447);60539;(4, 24, 10, 6, 60539);ויספק;3;6;ויחר אף בלק אל בלעם ויספק את כפיו ויאמר בלק אל בלעם לקב איבי קראתיך והנה ברכת ברך זה שלש פעמים
(232813, 66, 4);1;א;229513;(4, 24, 11, 10, 229513);60558;(4, 24, 11, 4, 60558);אל;1;4;ועתה ברח לך אל מקומך אמרתי כבד אכבדך והנה מנעך יהוה מכבוד
(232813, 66, 4);200;ר;229579;(4, 24, 12, 30, 229579);60575;(4, 24, 12, 9, 60575);אשר;3;9;ויאמר בלעם אל בלק הלא גם אל מלאכיך אשר שלחת אלי דברתי לאמר
(232813, 66, 4);2;ב;229645;(4, 24, 13, 50, 229645);60595;(4, 24, 13, 16, 60595);טובה;3;16;אם יתן לי בלק מלא ביתו כסף וזהב לא אוכל לעבר את פי יהוה לעשות טובה או רעה מלבי אשר ידבר יהוה אתו אדבר
(232813, 66, 4);30;ל;229711;(4, 24, 14, 38, 229711);60614;(4, 24, 14, 11, 60614);לעמך;1;11;ועתה הנני הולך לעמי לכה איעצך אשר יעשה העם הזה לעמך באחרית הימים
(232813, 66, 4);1;א;229777;(4, 24, 16, 11, 229777);60631;(4, 24, 16, 4, 60631);אל;1;4;נאם שמע אמרי אל וידע דעת עליון מחזה שדי יחזה נפל וגלוי עינים
(232813, 66, 4);6;ו;229843;(4, 24, 17, 29, 229843);60648;(4, 24, 17, 8, 60648);כוכב;2;8;אראנו ולא עתה אשורנו ולא קרוב דרך כוכב מיעקב וקם שבט מישראל ומחץ פאתי מואב וקרקר כל בני שת
(232813, 66, 4);10;י;229909;(4, 24, 18, 23, 229909);60665;(4, 24, 18, 6, 60665);שעיר;3;6;והיה אדום ירשה והיה ירשה שעיר איביו וישראל עשה חיל
(232813, 66, 4);1;א;229975;(4, 24, 20, 25, 229975);60681;(4, 24, 20, 7, 60681);ראשית;2;7;וירא את עמלק וישא משלו ויאמר ראשית גוים עמלק ואחריתו עדי אבד
(232813, 66, 4);100;ק;230041;(4, 24, 21, 42, 230041);60697;(4, 24, 21, 11, 60697);קנך;1;11;וירא את הקיני וישא משלו ויאמר איתן מושבך ושים בסלע קנך
(232813, 66, 4);400;ת;230107;(4, 24, 24, 9, 230107);60717;(4, 24, 24, 3, 60717);כתים;2;3;וצים מיד כתים וענו אשור וענו עבר וגם הוא עדי אבד
(232813, 66, 4);10;י;230173;(4, 25, 1, 2, 230173);60735;(4, 25, 1, 1, 60735);וישב;2;1;וישב ישראל בשטים ויחל העם לזנות אל בנות מואב
(232813, 66, 4);400;ת;230239;(4, 25, 2, 32, 230239);60750;(4, 25, 2, 7, 60750);וישתחוו;4;7;ותקראן לעם לזבחי אלהיהן ויאכל העם וישתחוו לאלהיהן
(232813, 66, 4);1;א;230305;(4, 25, 4, 22, 230305);60767;(4, 25, 4, 8, 60767);ראשי;2;8;ויאמר יהוה אל משה קח את כל ראשי העם והוקע אותם ליהוה נגד השמש וישב חרון אף יהוה מישראל
(232813, 66, 4);5;ה;230371;(4, 25, 5, 20, 230371);60784;(4, 25, 5, 6, 60784);הרגו;1;6;ויאמר משה אל שפטי ישראל הרגו איש אנשיו הנצמדים לבעל פעור
(232813, 66, 4);70;ע;230437;(4, 25, 6, 40, 230437);60800;(4, 25, 6, 11, 60800);לעיני;2;11;והנה איש מבני ישראל בא ויקרב אל אחיו את המדינית לעיני משה ולעיני כל עדת בני ישראל והמה בכים פתח אהל מועד
(232813, 66, 4);5;ה;230503;(4, 25, 7, 23, 230503);60818;(4, 25, 7, 7, 60818);הכהן;1;7;וירא פינחס בן אלעזר בן אהרן הכהן ויקם מתוך העדה ויקח רמח בידו
(232813, 66, 4);300;ש;230569;(4, 25, 8, 40, 230569);60836;(4, 25, 8, 12, 60836);ישראל;2;12;ויבא אחר איש ישראל אל הקבה וידקר את שניהם את איש ישראל ואת האשה אל קבתה ותעצר המגפה מעל בני ישראל
(232813, 66, 4);80;ף;230635;(4, 25, 9, 29, 230635);60851;(4, 25, 9, 6, 60851);אלף;3;6;ויהיו המתים במגפה ארבעה ועשרים אלף
(232813, 66, 4);6;ו;230701;(4, 25, 11, 48, 230701);60869;(4, 25, 11, 13, 60869);בקנאו;5;13;פינחס בן אלעזר בן אהרן הכהן השיב את חמתי מעל בני ישראל בקנאו את קנאתי בתוכם ולא כליתי את בני ישראל בקנאתי
(232813, 66, 4);400;ת;230767;(4, 25, 13, 4, 230767);60887;(4, 25, 13, 1, 60887);והיתה;4;1;והיתה לו ולזרעו אחריו ברית כהנת עולם תחת אשר קנא לאלהיו ויכפר על בני ישראל
(232813, 66, 4);1;א;230833;(4, 25, 14, 10, 230833);60904;(4, 25, 14, 3, 60904);ישראל;4;3;ושם איש ישראל המכה אשר הכה את המדינית זמרי בן סלוא נשיא בית אב לשמעני
(232813, 66, 4);2;ב;230899;(4, 25, 15, 21, 230899);60921;(4, 25, 15, 5, 60921);כזבי;3;5;ושם האשה המכה המדינית כזבי בת צור ראש אמות בית אב במדין הוא
(232813, 66, 4);400;ת;230965;(4, 25, 17, 22, 230965);60939;(4, 25, 17, 5, 60939);אותם;3;5;צרור את המדינים והכיתם אותם
(232813, 66, 4);20;כ;231031;(4, 25, 18, 65, 231031);60958;(4, 25, 18, 19, 60958);המכה;3;19;כי צררים הם לכם בנכליהם אשר נכלו לכם על דבר פעור ועל דבר כזבי בת נשיא מדין אחתם המכה ביום המגפה על דבר פעור
(232813, 66, 4);1;א;231097;(4, 26, 1, 34, 231097);60976;(4, 26, 1, 10, 60976);לאמר;2;10;ויאמר יהוה אל משה ואל אלעזר בן אהרן הכהן לאמר
(232813, 66, 4);200;ר;231163;(4, 26, 3, 5, 231163);60994;(4, 26, 3, 1, 60994);וידבר;5;1;וידבר משה ואלעזר הכהן אתם בערבת מואב על ירדן ירחו לאמר
(232813, 66, 4);5;ה;231229;(4, 26, 4, 27, 231229);61011;(4, 26, 4, 7, 61011);יהוה;4;7;מבן עשרים שנה ומעלה כאשר צוה יהוה את משה ובני ישראל היצאים מארץ מצרים
(232813, 66, 4);30;ל;231295;(4, 26, 5, 37, 231295);61027;(4, 26, 5, 9, 61027);לפלוא;1;9;ראובן בכור ישראל בני ראובן חנוך משפחת החנכי לפלוא משפחת הפלאי
(232813, 66, 4);6;ו;231361;(4, 26, 7, 20, 231361);61039;(4, 26, 7, 4, 61039);ויהיו;5;4;אלה משפחת הראובני ויהיו פקדיהם שלשה וארבעים אלף ושבע מאות ושלשים
(232813, 66, 4);6;ו;231427;(4, 26, 9, 19, 231427);61054;(4, 26, 9, 5, 61054);ואבירם;1;5;ובני אליאב נמואל ודתן ואבירם הוא דתן ואבירם קרואי העדה אשר הצו על משה ועל אהרן בעדת קרח בהצתם על יהוה
(232813, 66, 4);400;ת;231493;(4, 26, 10, 4, 231493);61071;(4, 26, 10, 1, 61071);ותפתח;4;1;ותפתח הארץ את פיה ותבלע אתם ואת קרח במות העדה באכל האש את חמשים ומאתים איש ויהיו לנס
(232813, 66, 4);50;נ;231559;(4, 26, 11, 3, 231559);61089;(4, 26, 11, 1, 61089);ובני;3;1;ובני קרח לא מתו
(232813, 66, 4);80;פ;231625;(4, 26, 12, 57, 231625);61103;(4, 26, 12, 11, 61103);משפחת;3;11;בני שמעון למשפחתם לנמואל משפחת הנמואלי לימין משפחת הימיני ליכין משפחת היכיני
(232813, 66, 4);6;ו;231691;(4, 26, 14, 28, 231691);61117;(4, 26, 14, 7, 61117);ומאתים;1;7;אלה משפחת השמעני שנים ועשרים אלף ומאתים
(232813, 66, 4);10;י;231757;(4, 26, 16, 5, 231757);61130;(4, 26, 16, 1, 61130);לאזני;5;1;לאזני משפחת האזני לערי משפחת הערי
(232813, 66, 4);50;נ;231823;(4, 26, 18, 10, 231823);61144;(4, 26, 18, 3, 61144);בני;2;3;אלה משפחת בני גד לפקדיהם ארבעים אלף וחמש מאות
(232813, 66, 4);6;ו;231889;(4, 26, 20, 5, 231889);61160;(4, 26, 20, 1, 61160);ויהיו;5;1;ויהיו בני יהודה למשפחתם לשלה משפחת השלני לפרץ משפחת הפרצי לזרח משפחת הזרחי
(232813, 66, 4);80;פ;231955;(4, 26, 21, 9, 231955);61175;(4, 26, 21, 3, 61175);פרץ;1;3;ויהיו בני פרץ לחצרן משפחת החצרני לחמול משפחת החמולי
(232813, 66, 4);80;ף;232021;(4, 26, 22, 32, 232021);61188;(4, 26, 22, 7, 61188);אלף;3;7;אלה משפחת יהודה לפקדיהם ששה ושבעים אלף וחמש מאות
(232813, 66, 4);2;ב;232087;(4, 26, 24, 14, 232087);61202;(4, 26, 24, 3, 61202);הישבי;4;3;לישוב משפחת הישבי לשמרן משפחת השמרני
(232813, 66, 4);50;ן;232153;(4, 26, 26, 8, 232153);61216;(4, 26, 26, 2, 61216);זבולן;5;2;בני זבולן למשפחתם לסרד משפחת הסרדי לאלון משפחת האלני ליחלאל משפחת היחלאלי
(232813, 66, 4);6;ו;232219;(4, 26, 27, 12, 232219);61229;(4, 26, 27, 3, 61229);הזבולני;4;3;אלה משפחת הזבולני לפקדיהם ששים אלף וחמש מאות
(232813, 66, 4);400;ת;232285;(4, 26, 29, 17, 232285);61243;(4, 26, 29, 4, 61243);משפחת;5;4;בני מנשה למכיר משפחת המכירי ומכיר הוליד את גלעד לגלעד משפחת הגלעדי
(232813, 66, 4);30;ל;232351;(4, 26, 30, 28, 232351);61258;(4, 26, 30, 7, 61258);לחלק;1;7;אלה בני גלעד איעזר משפחת האיעזרי לחלק משפחת החלקי
(232813, 66, 4);8;ח;232417;(4, 26, 32, 20, 232417);61270;(4, 26, 32, 4, 61270);וחפר;2;4;ושמידע משפחת השמידעי וחפר משפחת החפרי
(232813, 66, 4);5;ה;232483;(4, 26, 33, 54, 232483);61288;(4, 26, 33, 16, 61288);חגלה;4;16;וצלפחד בן חפר לא היו לו בנים כי אם בנות ושם בנות צלפחד מחלה ונעה חגלה מלכה ותרצה
(232813, 66, 4);400;ת;232549;(4, 26, 35, 17, 232549);61303;(4, 26, 35, 4, 61303);למשפחתם;6;4;אלה בני אפרים למשפחתם לשותלח משפחת השתלחי לבכר משפחת הבכרי לתחן משפחת התחני
(232813, 66, 4);8;ח;232615;(4, 26, 36, 20, 232615);61317;(4, 26, 36, 5, 61317);משפחת;4;5;ואלה בני שותלח לערן משפחת הערני
(232813, 66, 4);400;ת;232681;(4, 26, 37, 60, 232681);61332;(4, 26, 37, 14, 61332);למשפחתם;6;14;אלה משפחת בני אפרים לפקדיהם שנים ושלשים אלף וחמש מאות אלה בני יוסף למשפחתם
(232813, 66, 4);300;ש;232747;(4, 26, 39, 2, 232747);61345;(4, 26, 39, 1, 61345);לשפופם;2;1;לשפופם משפחת השופמי לחופם משפחת החופמי
(232813, 66, 4);40;מ;232813;(4, 26, 40, 35, 232813);61359;(4, 26, 40, 9, 61359);משפחת;1;9;ויהיו בני בלע ארד ונעמן משפחת הארדי לנעמן משפחת הנעמי
(232813, 66, 4);300;ש;232879;(4, 26, 42, 11, 232879);61374;(4, 26, 42, 4, 61374);למשפחתם;3;4;אלה בני דן למשפחתם לשוחם משפחת השוחמי אלה משפחת דן למשפחתם
(232813, 66, 4);10;י;232945;(4, 26, 43, 29, 232945);61387;(4, 26, 43, 6, 61387);וששים;4;6;כל משפחת השוחמי לפקדיהם ארבעה וששים אלף וארבע מאות
(232813, 66, 4);8;ח;233011;(4, 26, 44, 53, 233011);61401;(4, 26, 44, 11, 61401);משפחת;4;11;בני אשר למשפחתם לימנה משפחת הימנה לישוי משפחת הישוי לבריעה משפחת הבריעי
(232813, 66, 4);300;ש;233077;(4, 26, 47, 5, 233077);61416;(4, 26, 47, 2, 61416);משפחת;2;2;אלה משפחת בני אשר לפקדיהם שלשה וחמשים אלף וארבע מאות
(232813, 66, 4);10;י;233143;(4, 26, 48, 28, 233143);61430;(4, 26, 48, 6, 61430);היחצאלי;2;6;בני נפתלי למשפחתם ליחצאל משפחת היחצאלי לגוני משפחת הגוני
(232813, 66, 4);8;ח;233209;(4, 26, 50, 18, 233209);61443;(4, 26, 50, 4, 61443);למשפחתם;5;4;אלה משפחת נפתלי למשפחתם ופקדיהם חמשה וארבעים אלף וארבע מאות
(232813, 66, 4);1;א;233275;(4, 26, 51, 34, 233275);61459;(4, 26, 51, 10, 61459);מאות;2;10;אלה פקודי בני ישראל שש מאות אלף ואלף שבע מאות ושלשים
(232813, 66, 4);30;ל;233341;(4, 26, 54, 14, 233341);61475;(4, 26, 54, 4, 61475);ולמעט;2;4;לרב תרבה נחלתו ולמעט תמעיט נחלתו איש לפי פקדיו יתן נחלתו
(232813, 66, 4);30;ל;233407;(4, 26, 55, 34, 233407);61491;(4, 26, 55, 9, 61491);ינחלו;4;9;אך בגורל יחלק את הארץ לשמות מטות אבתם ינחלו
(232813, 66, 4);30;ל;233473;(4, 26, 57, 38, 233473);61507;(4, 26, 57, 8, 61507);לקהת;1;8;ואלה פקודי הלוי למשפחתם לגרשון משפחת הגרשני לקהת משפחת הקהתי למררי משפחת המררי
(232813, 66, 4);5;ה;233539;(4, 26, 58, 38, 233539);61521;(4, 26, 58, 9, 61521);המחלי;1;9;אלה משפחת לוי משפחת הלבני משפחת החברני משפחת המחלי משפחת המושי משפחת הקרחי וקהת הולד את עמרם
(232813, 66, 4);1;א;233605;(4, 26, 59, 28, 233605);61538;(4, 26, 59, 9, 61538);אתה;1;9;ושם אשת עמרם יוכבד בת לוי אשר ילדה אתה ללוי במצרים ותלד לעמרם את אהרן ואת משה ואת מרים אחתם
(232813, 66, 4);5;ה;233671;(4, 26, 60, 22, 233671);61555;(4, 26, 60, 6, 61555);אביהוא;4;6;ויולד לאהרן את נדב ואת אביהוא את אלעזר ואת איתמר
(232813, 66, 4);5;ה;233737;(4, 26, 62, 15, 233737);61570;(4, 26, 62, 3, 61570);שלשה;4;3;ויהיו פקדיהם שלשה ועשרים אלף כל זכר מבן חדש ומעלה כי לא התפקדו בתוך בני ישראל כי לא נתן להם נחלה בתוך בני ישראל
(232813, 66, 4);2;ב;233803;(4, 26, 62, 81, 233803);61590;(4, 26, 62, 23, 61590);בני;1;23;ויהיו פקדיהם שלשה ועשרים אלף כל זכר מבן חדש ומעלה כי לא התפקדו בתוך בני ישראל כי לא נתן להם נחלה בתוך בני ישראל
(232813, 66, 4);2;ב;233869;(4, 26, 64, 2, 233869);61607;(4, 26, 64, 1, 61607);ובאלה;2;1;ובאלה לא היה איש מפקודי משה ואהרן הכהן אשר פקדו את בני ישראל במדבר סיני
(232813, 66, 4);5;ה;233935;(4, 26, 65, 11, 233935);61625;(4, 26, 65, 4, 61625);להם;2;4;כי אמר יהוה להם מות ימתו במדבר ולא נותר מהם איש כי אם כלב בן יפנה ויהושע בן נון
(232813, 66, 4);4;ד;234001;(4, 27, 1, 16, 234001);61643;(4, 27, 1, 3, 61643);צלפחד;5;3;ותקרבנה בנות צלפחד בן חפר בן גלעד בן מכיר בן מנשה למשפחת מנשה בן יוסף ואלה שמות בנתיו מחלה נעה וחגלה ומלכה ותרצה
(232813, 66, 4);40;מ;234067;(4, 27, 1, 82, 234067);61662;(4, 27, 1, 22, 61662);ומלכה;2;22;ותקרבנה בנות צלפחד בן חפר בן גלעד בן מכיר בן מנשה למשפחת מנשה בן יוסף ואלה שמות בנתיו מחלה נעה וחגלה ומלכה ותרצה
(232813, 66, 4);1;א;234133;(4, 27, 2, 58, 234133);61677;(4, 27, 2, 14, 61677);לאמר;2;14;ותעמדנה לפני משה ולפני אלעזר הכהן ולפני הנשיאם וכל העדה פתח אהל מועד לאמר
(232813, 66, 4);30;ל;234199;(4, 27, 3, 64, 234199);61695;(4, 27, 3, 18, 61695);לא;1;18;אבינו מת במדבר והוא לא היה בתוך העדה הנועדים על יהוה בעדת קרח כי בחטאו מת ובנים לא היו לו
(232813, 66, 4);2;ב;234265;(4, 27, 5, 5, 234265);61714;(4, 27, 5, 1, 61714);ויקרב;5;1;ויקרב משה את משפטן לפני יהוה
(232813, 66, 4);8;ח;234331;(4, 27, 7, 30, 234331);61733;(4, 27, 7, 9, 61733);נחלה;2;9;כן בנות צלפחד דברת נתן תתן להם אחזת נחלה בתוך אחי אביהם והעברת את נחלת אביהן להן
(232813, 66, 4);1;א;234397;(4, 27, 8, 32, 234397);61751;(4, 27, 8, 10, 61751);אין;1;10;ואל בני ישראל תדבר לאמר איש כי ימות ובן אין לו והעברתם את נחלתו לבתו
(232813, 66, 4);40;ם;234463;(4, 27, 10, 17, 234463);61769;(4, 27, 10, 5, 61769);ונתתם;5;5;ואם אין לו אחים ונתתם את נחלתו לאחי אביו
(232813, 66, 4);300;ש;234529;(4, 27, 11, 51, 234529);61785;(4, 27, 11, 12, 61785);וירש;4;12;ואם אין אחים לאביו ונתתם את נחלתו לשארו הקרב אליו ממשפחתו וירש אתה והיתה לבני ישראל לחקת משפט כאשר צוה יהוה את משה
(232813, 66, 4);200;ר;234595;(4, 27, 12, 25, 234595);61804;(4, 27, 12, 8, 61804);העברים;4;8;ויאמר יהוה אל משה עלה אל הר העברים הזה וראה את הארץ אשר נתתי לבני ישראל
(232813, 66, 4);1;א;234661;(4, 27, 13, 35, 234661);61822;(4, 27, 13, 10, 61822);אהרן;1;10;וראיתה אתה ונאספת אל עמיך גם אתה כאשר נאסף אהרן אחיך
(232813, 66, 4);300;ש;234727;(4, 27, 14, 59, 234727);61837;(4, 27, 14, 14, 61837);קדש;3;14;כאשר מריתם פי במדבר צן במריבת העדה להקדישני במים לעיניהם הם מי מריבת קדש מדבר צן
(232813, 66, 4);10;י;234793;(4, 27, 17, 10, 234793);61856;(4, 27, 17, 3, 61856);לפניהם;4;3;אשר יצא לפניהם ואשר יבא לפניהם ואשר יוציאם ואשר יביאם ולא תהיה עדת יהוה כצאן אשר אין להם רעה
(232813, 66, 4);10;י;234859;(4, 27, 18, 2, 234859);61873;(4, 27, 18, 1, 61873);ויאמר;2;1;ויאמר יהוה אל משה קח לך את יהושע בן נון איש אשר רוח בו וסמכת את ידך עליו
(232813, 66, 4);10;י;234925;(4, 27, 19, 13, 234925);61893;(4, 27, 19, 3, 61893);לפני;4;3;והעמדת אתו לפני אלעזר הכהן ולפני כל העדה וצויתה אתו לעיניהם
(232813, 66, 4);50;נ;234991;(4, 27, 20, 30, 234991);61909;(4, 27, 20, 8, 61909);בני;2;8;ונתתה מהודך עליו למען ישמעו כל עדת בני ישראל
(232813, 66, 4);2;ב;235057;(4, 27, 21, 60, 235057);61926;(4, 27, 21, 16, 61926);יבאו;2;16;ולפני אלעזר הכהן יעמד ושאל לו במשפט האורים לפני יהוה על פיו יצאו ועל פיו יבאו הוא וכל בני ישראל אתו וכל העדה
(232813, 66, 4);30;ל;235123;(4, 27, 22, 40, 235123);61944;(4, 27, 22, 11, 61944);לפני;1;11;ויעש משה כאשר צוה יהוה אתו ויקח את יהושע ויעמדהו לפני אלעזר הכהן ולפני כל העדה
(232813, 66, 4);200;ר;235189;(4, 28, 1, 5, 235189);61960;(4, 28, 1, 1, 61960);וידבר;5;1;וידבר יהוה אל משה לאמר
(232813, 66, 4);200;ר;235255;(4, 28, 2, 53, 235255);61978;(4, 28, 2, 14, 61978);להקריב;4;14;צו את בני ישראל ואמרת אלהם את קרבני לחמי לאשי ריח ניחחי תשמרו להקריב לי במועדו
(232813, 66, 4);400;ת;235321;(4, 28, 3, 56, 235321);61995;(4, 28, 3, 15, 61995);תמיד;1;15;ואמרת להם זה האשה אשר תקריבו ליהוה כבשים בני שנה תמימם שנים ליום עלה תמיד
(232813, 66, 4);30;ל;235387;(4, 28, 5, 22, 235387);62011;(4, 28, 5, 5, 62011);בלולה;2;5;ועשירית האיפה סלת למנחה בלולה בשמן כתית רביעת ההין
(232813, 66, 4);5;ה;235453;(4, 28, 7, 11, 235453);62027;(4, 28, 7, 3, 62027);ההין;1;3;ונסכו רביעת ההין לכבש האחד בקדש הסך נסך שכר ליהוה
(232813, 66, 4);60;ס;235519;(4, 28, 8, 37, 235519);62043;(4, 28, 8, 9, 62043);וכנסכו;4;9;ואת הכבש השני תעשה בין הערבים כמנחת הבקר וכנסכו תעשה אשה ריח ניחח ליהוה
(232813, 66, 4);5;ה;235585;(4, 28, 9, 45, 235585);62059;(4, 28, 9, 11, 62059);מנחה;4;11;וביום השבת שני כבשים בני שנה תמימם ושני עשרנים סלת מנחה בלולה בשמן ונסכו
(232813, 66, 4);5;ה;235651;(4, 28, 11, 26, 235651);62074;(4, 28, 11, 5, 62074);ליהוה;5;5;ובראשי חדשיכם תקריבו עלה ליהוה פרים בני בקר שנים ואיל אחד כבשים בני שנה שבעה תמימם
(232813, 66, 4);300;ש;235717;(4, 28, 12, 25, 235717);62091;(4, 28, 12, 6, 62091);בשמן;2;6;ושלשה עשרנים סלת מנחה בלולה בשמן לפר האחד ושני עשרנים סלת מנחה בלולה בשמן לאיל האחד
(232813, 66, 4);2;ב;235783;(4, 28, 13, 23, 235783);62107;(4, 28, 13, 6, 62107);בשמן;1;6;ועשרן עשרון סלת מנחה בלולה בשמן לכבש האחד עלה ריח ניחח אשה ליהוה
(232813, 66, 4);200;ר;235849;(4, 28, 14, 37, 235849);62123;(4, 28, 14, 9, 62123);ורביעת;2;9;ונסכיהם חצי ההין יהיה לפר ושלישת ההין לאיל ורביעת ההין לכבש יין זאת עלת חדש בחדשו לחדשי השנה
(232813, 66, 4);5;ה;235915;(4, 28, 15, 28, 235915);62140;(4, 28, 15, 8, 62140);התמיד;1;8;ושעיר עזים אחד לחטאת ליהוה על עלת התמיד יעשה ונסכו
(232813, 66, 4);7;ז;235981;(4, 28, 17, 18, 235981);62155;(4, 28, 17, 5, 62155);הזה;2;5;ובחמשה עשר יום לחדש הזה חג שבעת ימים מצות יאכל
(232813, 66, 4);5;ה;236047;(4, 28, 19, 13, 236047);62172;(4, 28, 19, 3, 62172);עלה;3;3;והקרבתם אשה עלה ליהוה פרים בני בקר שנים ואיל אחד ושבעה כבשים בני שנה תמימם יהיו לכם
(232813, 66, 4);6;ו;236113;(4, 28, 20, 12, 236113);62189;(4, 28, 20, 3, 62189);בלולה;3;3;ומנחתם סלת בלולה בשמן שלשה עשרנים לפר ושני עשרנים לאיל תעשו
(232813, 66, 4);20;כ;236179;(4, 28, 21, 29, 236179);62204;(4, 28, 21, 7, 62204);הכבשים;2;7;עשרון עשרון תעשה לכבש האחד לשבעת הכבשים
(232813, 66, 4);30;ל;236245;(4, 28, 24, 9, 236245);62221;(4, 28, 24, 3, 62221);ליום;1;3;כאלה תעשו ליום שבעת ימים לחם אשה ריח ניחח ליהוה על עולת התמיד יעשה ונסכו
(232813, 66, 4);4;ד;236311;(4, 28, 25, 17, 236311);62237;(4, 28, 25, 4, 62237);קדש;2;4;וביום השביעי מקרא קדש יהיה לכם כל מלאכת עבדה לא תעשו
(232813, 66, 4);40;ם;236377;(4, 28, 26, 41, 236377);62251;(4, 28, 26, 7, 62251);בשבעתיכם;8;7;וביום הבכורים בהקריבכם מנחה חדשה ליהוה בשבעתיכם מקרא קדש יהיה לכם כל מלאכת עבדה לא תעשו
(232813, 66, 4);300;ש;236443;(4, 28, 27, 35, 236443);62269;(4, 28, 27, 9, 62269);שנים;1;9;והקרבתם עולה לריח ניחח ליהוה פרים בני בקר שנים איל אחד שבעה כבשים בני שנה
(232813, 66, 4);50;נ;236509;(4, 28, 28, 42, 236509);62285;(4, 28, 28, 10, 62285);עשרנים;4;10;ומנחתם סלת בלולה בשמן שלשה עשרנים לפר האחד שני עשרנים לאיל האחד
(232813, 66, 4);400;ת;236575;(4, 28, 31, 7, 236575);62300;(4, 28, 31, 2, 62300);עלת;3;2;מלבד עלת התמיד ומנחתו תעשו תמימם יהיו לכם ונסכיהם
(232813, 66, 4);20;כ;236641;(4, 29, 1, 32, 236641);62315;(4, 29, 1, 8, 62315);לכם;2;8;ובחדש השביעי באחד לחדש מקרא קדש יהיה לכם כל מלאכת עבדה לא תעשו יום תרועה יהיה לכם
(232813, 66, 4);1;א;236707;(4, 29, 2, 33, 236707);62334;(4, 29, 2, 10, 62334);איל;1;10;ועשיתם עלה לריח ניחח ליהוה פר בן בקר אחד איל אחד כבשים בני שנה שבעה תמימם
(232813, 66, 4);30;ל;236773;(4, 29, 3, 41, 236773);62350;(4, 29, 3, 10, 62350);לאיל;1;10;ומנחתם סלת בלולה בשמן שלשה עשרנים לפר שני עשרנים לאיל
(232813, 66, 4);4;ד;236839;(4, 29, 6, 10, 236839);62365;(4, 29, 6, 3, 62365);החדש;3;3;מלבד עלת החדש ומנחתה ועלת התמיד ומנחתה ונסכיהם כמשפטם לריח ניחח אשה ליהוה
(232813, 66, 4);70;ע;236905;(4, 29, 7, 15, 236905);62378;(4, 29, 7, 3, 62378);השביעי;5;3;ובעשור לחדש השביעי הזה מקרא קדש יהיה לכם ועניתם את נפשתיכם כל מלאכה לא תעשו
(232813, 66, 4);10;י;236971;(4, 29, 8, 20, 236971);62395;(4, 29, 8, 5, 62395);ניחח;2;5;והקרבתם עלה ליהוה ריח ניחח פר בן בקר אחד איל אחד כבשים בני שנה שבעה תמימם יהיו לכם
(232813, 66, 4);300;ש;237037;(4, 29, 9, 21, 237037);62413;(4, 29, 9, 5, 62413);שלשה;3;5;ומנחתם סלת בלולה בשמן שלשה עשרנים לפר שני עשרנים לאיל האחד
(232813, 66, 4);8;ח;237103;(4, 29, 11, 10, 237103);62428;(4, 29, 11, 3, 62428);אחד;2;3;שעיר עזים אחד חטאת מלבד חטאת הכפרים ועלת התמיד ומנחתה ונסכיהם
(232813, 66, 4);200;ר;237169;(4, 29, 12, 25, 237169);62442;(4, 29, 12, 6, 62442);מקרא;3;6;ובחמשה עשר יום לחדש השביעי מקרא קדש יהיה לכם כל מלאכת עבדה לא תעשו וחגתם חג ליהוה שבעת ימים
(232813, 66, 4);10;י;237235;(4, 29, 13, 18, 237235);62460;(4, 29, 13, 5, 62460);ניחח;2;5;והקרבתם עלה אשה ריח ניחח ליהוה פרים בני בקר שלשה עשר אילם שנים כבשים בני שנה ארבעה עשר תמימם יהיו
(232813, 66, 4);40;ם;237301;(4, 29, 14, 6, 237301);62476;(4, 29, 14, 1, 62476);ומנחתם;6;1;ומנחתם סלת בלולה בשמן שלשה עשרנים לפר האחד לשלשה עשר פרים שני עשרנים לאיל האחד לשני האילם
(232813, 66, 4);30;ל;237367;(4, 29, 14, 72, 237367);62492;(4, 29, 14, 17, 62492);האילם;4;17;ומנחתם סלת בלולה בשמן שלשה עשרנים לפר האחד לשלשה עשר פרים שני עשרנים לאיל האחד לשני האילם
(232813, 66, 4);400;ת;237433;(4, 29, 16, 32, 237433);62507;(4, 29, 16, 8, 62507);מנחתה;4;8;ושעיר עזים אחד חטאת מלבד עלת התמיד מנחתה ונסכה
(232813, 66, 4);40;מ;237499;(4, 29, 18, 2, 237499);62524;(4, 29, 18, 1, 62524);ומנחתם;2;1;ומנחתם ונסכיהם לפרים לאילם ולכבשים במספרם כמשפט
(232813, 66, 4);10;י;237565;(4, 29, 19, 27, 237565);62537;(4, 29, 19, 7, 62537);התמיד;4;7;ושעיר עזים אחד חטאת מלבד עלת התמיד ומנחתה ונסכיהם
(232813, 66, 4);10;י;237631;(4, 29, 20, 52, 237631);62552;(4, 29, 20, 13, 62552);תמימם;3;13;וביום השלישי פרים עשתי עשר אילם שנים כבשים בני שנה ארבעה עשר תמימם
(232813, 66, 4);10;י;237697;(4, 29, 22, 23, 237697);62565;(4, 29, 22, 6, 62565);התמיד;4;6;ושעיר חטאת אחד מלבד עלת התמיד ומנחתה ונסכה
(232813, 66, 4);8;ח;237763;(4, 29, 24, 3, 237763);62580;(4, 29, 24, 1, 62580);מנחתם;3;1;מנחתם ונסכיהם לפרים לאילם ולכבשים במספרם כמשפט
(232813, 66, 4);40;מ;237829;(4, 29, 25, 29, 237829);62594;(4, 29, 25, 8, 62594);מנחתה;1;8;ושעיר עזים אחד חטאת מלבד עלת התמיד מנחתה ונסכה
(232813, 66, 4);40;ם;237895;(4, 29, 27, 6, 237895);62608;(4, 29, 27, 1, 62608);ומנחתם;6;1;ומנחתם ונסכיהם לפרים לאילם ולכבשים במספרם כמשפט
(232813, 66, 4);6;ו;237961;(4, 29, 28, 31, 237961);62622;(4, 29, 28, 8, 62622);ונסכה;1;8;ושעיר חטאת אחד מלבד עלת התמיד ומנחתה ונסכה
(232813, 66, 4);40;ם;238027;(4, 29, 30, 13, 238027);62636;(4, 29, 30, 2, 62636);ונסכיהם;7;2;ומנחתם ונסכיהם לפרים לאילם ולכבשים במספרם כמשפט
(232813, 66, 4);10;י;238093;(4, 29, 32, 3, 238093);62650;(4, 29, 32, 1, 62650);וביום;3;1;וביום השביעי פרים שבעה אילם שנים כבשים בני שנה ארבעה עשר תמימם
(232813, 66, 4);30;ל;238159;(4, 29, 33, 18, 238159);62665;(4, 29, 33, 4, 62665);לאילם;1;4;ומנחתם ונסכהם לפרים לאילם ולכבשים במספרם כמשפטם
(232813, 66, 4);50;נ;238225;(4, 29, 35, 9, 238225);62678;(4, 29, 35, 2, 62678);השמיני;5;2;ביום השמיני עצרת תהיה לכם כל מלאכת עבדה לא תעשו
(232813, 66, 4);20;כ;238291;(4, 29, 36, 37, 238291);62697;(4, 29, 36, 11, 62697);כבשים;1;11;והקרבתם עלה אשה ריח ניחח ליהוה פר אחד איל אחד כבשים בני שנה שבעה תמימם
(232813, 66, 4);1;א;238357;(4, 29, 38, 10, 238357);62711;(4, 29, 38, 3, 62711);אחד;1;3;ושעיר חטאת אחד מלבד עלת התמיד ומנחתה ונסכה
(232813, 66, 4);30;ל;238423;(4, 29, 39, 41, 238423);62724;(4, 29, 39, 8, 62724);לעלתיכם;3;8;אלה תעשו ליהוה במועדיכם לבד מנדריכם ונדבתיכם לעלתיכם ולמנחתיכם ולנסכיכם ולשלמיכם
(232813, 66, 4);6;ו;238489;(4, 30, 2, 1, 238489);62739;(4, 30, 2, 1, 62739);וידבר;1;1;וידבר משה אל ראשי המטות לבני ישראל לאמר זה הדבר אשר צוה יהוה
(232813, 66, 4);5;ה;238555;(4, 30, 3, 19, 238555);62758;(4, 30, 3, 7, 62758);השבע;1;7;איש כי ידר נדר ליהוה או השבע שבעה לאסר אסר על נפשו לא יחל דברו ככל היצא מפיו יעשה
(232813, 66, 4);5;ה;238621;(4, 30, 4, 22, 238621);62776;(4, 30, 4, 6, 62776);ואסרה;5;6;ואשה כי תדר נדר ליהוה ואסרה אסר בבית אביה בנעריה
(232813, 66, 4);20;כ;238687;(4, 30, 5, 49, 238687);62794;(4, 30, 5, 14, 62794);כל;1;14;ושמע אביה את נדרה ואסרה אשר אסרה על נפשה והחריש לה אביה וקמו כל נדריה וכל אסר אשר אסרה על נפשה יקום
(232813, 66, 4);300;ש;238753;(4, 30, 6, 37, 238753);62812;(4, 30, 6, 10, 62812);אשר;2;10;ואם הניא אביה אתה ביום שמעו כל נדריה ואסריה אשר אסרה על נפשה לא יקום ויהוה יסלח לה כי הניא אביה אתה
(232813, 66, 4);1;א;238819;(4, 30, 7, 25, 238819);62831;(4, 30, 7, 7, 62831);או;1;7;ואם היו תהיה לאיש ונדריה עליה או מבטא שפתיה אשר אסרה על נפשה
(232813, 66, 4);60;ס;238885;(4, 30, 8, 43, 238885);62848;(4, 30, 8, 11, 62848);אסרה;2;11;ושמע אישה ביום שמעו והחריש לה וקמו נדריה ואסרה אשר אסרה על נפשה יקמו
(232813, 66, 4);200;ר;238951;(4, 30, 9, 54, 238951);62866;(4, 30, 9, 15, 62866);אשר;3;15;ואם ביום שמע אישה יניא אותה והפר את נדרה אשר עליה ואת מבטא שפתיה אשר אסרה על נפשה ויהוה יסלח לה
(232813, 66, 4);1;א;239017;(4, 30, 11, 7, 239017);62885;(4, 30, 11, 3, 62885);אישה;1;3;ואם בית אישה נדרה או אסרה אסר על נפשה בשבעה
(232813, 66, 4);1;א;239083;(4, 30, 12, 39, 239083);62904;(4, 30, 12, 12, 62904);אסר;1;12;ושמע אישה והחרש לה לא הניא אתה וקמו כל נדריה וכל אסר אשר אסרה על נפשה יקום
(232813, 66, 4);50;נ;239149;(4, 30, 13, 47, 239149);62922;(4, 30, 13, 13, 62922);נפשה;1;13;ואם הפר יפר אתם אישה ביום שמעו כל מוצא שפתיה לנדריה ולאסר נפשה לא יקום אישה הפרם ויהוה יסלח לה
(232813, 66, 4);10;י;239215;(4, 30, 14, 38, 239215);62940;(4, 30, 14, 11, 62940);יפרנו;1;11;כל נדר וכל שבעת אסר לענת נפש אישה יקימנו ואישה יפרנו
(232813, 66, 4);10;י;239281;(4, 30, 15, 62, 239281);62959;(4, 30, 15, 19, 62959);הקים;3;19;ואם החרש יחריש לה אישה מיום אל יום והקים את כל נדריה או את כל אסריה אשר עליה הקים אתם כי החרש לה ביום שמעו
(232813, 66, 4);5;ה;239347;(4, 30, 17, 16, 239347);62979;(4, 30, 17, 5, 62979);יהוה;2;5;אלה החקים אשר צוה יהוה את משה בין איש לאשתו בין אב לבתו בנעריה בית אביה
(232813, 66, 4);2;ב;239413;(4, 31, 2, 8, 239413);62998;(4, 31, 2, 3, 62998);בני;1;3;נקם נקמת בני ישראל מאת המדינים אחר תאסף אל עמיך
(232813, 66, 4);1;א;239479;(4, 31, 3, 36, 239479);63014;(4, 31, 3, 9, 63014);לצבא;4;9;וידבר משה אל העם לאמר החלצו מאתכם אנשים לצבא ויהיו על מדין לתת נקמת יהוה במדין
(232813, 66, 4);60;ס;239545;(4, 31, 5, 4, 239545);63031;(4, 31, 5, 1, 63031);וימסרו;4;1;וימסרו מאלפי ישראל אלף למטה שנים עשר אלף חלוצי צבא
(232813, 66, 4);80;פ;239611;(4, 31, 6, 29, 239611);63049;(4, 31, 6, 9, 63049);פינחס;1;9;וישלח אתם משה אלף למטה לצבא אתם ואת פינחס בן אלעזר הכהן לצבא וכלי הקדש וחצצרות התרועה בידו
(232813, 66, 4);6;ו;239677;(4, 31, 7, 22, 239677);63064;(4, 31, 7, 6, 63064);יהוה;3;6;ויצבאו על מדין כאשר צוה יהוה את משה ויהרגו כל זכר
(232813, 66, 4);400;ת;239743;(4, 31, 8, 49, 239743);63084;(4, 31, 8, 15, 63084);ואת;3;15;ואת מלכי מדין הרגו על חלליהם את אוי ואת רקם ואת צור ואת חור ואת רבע חמשת מלכי מדין ואת בלעם בן בעור הרגו בחרב
(232813, 66, 4);1;א;239809;(4, 31, 9, 30, 239809);63103;(4, 31, 9, 9, 63103);ואת;2;9;וישבו בני ישראל את נשי מדין ואת טפם ואת כל בהמתם ואת כל מקנהם ואת כל חילם בזזו
(232813, 66, 4);6;ו;239875;(4, 31, 11, 1, 239875);63122;(4, 31, 11, 1, 63122);ויקחו;1;1;ויקחו את כל השלל ואת כל המלקוח באדם ובבהמה
(232813, 66, 4);300;ש;239941;(4, 31, 12, 33, 239941);63140;(4, 31, 12, 10, 63140);ישראל;2;10;ויבאו אל משה ואל אלעזר הכהן ואל עדת בני ישראל את השבי ואת המלקוח ואת השלל אל המחנה אל ערבת מואב אשר על ירדן ירחו
(232813, 66, 4);30;ל;240007;(4, 31, 13, 11, 240007);63158;(4, 31, 13, 3, 63158);ואלעזר;3;3;ויצאו משה ואלעזר הכהן וכל נשיאי העדה לקראתם אל מחוץ למחנה
(232813, 66, 4);300;ש;240073;(4, 31, 14, 30, 240073);63174;(4, 31, 14, 8, 63174);ושרי;2;8;ויקצף משה על פקודי החיל שרי האלפים ושרי המאות הבאים מצבא המלחמה
(232813, 66, 4);4;ד;240139;(4, 31, 16, 19, 240139);63190;(4, 31, 16, 6, 63190);בדבר;2;6;הן הנה היו לבני ישראל בדבר בלעם למסר מעל ביהוה על דבר פעור ותהי המגפה בעדת יהוה
(232813, 66, 4);5;ה;240205;(4, 31, 17, 22, 240205);63208;(4, 31, 17, 7, 63208);אשה;3;7;ועתה הרגו כל זכר בטף וכל אשה ידעת איש למשכב זכר הרגו
(232813, 66, 4);40;מ;240271;(4, 31, 19, 13, 240271);63227;(4, 31, 19, 4, 63227);למחנה;2;4;ואתם חנו מחוץ למחנה שבעת ימים כל הרג נפש וכל נגע בחלל תתחטאו ביום השלישי וביום השביעי אתם ושביכם
(232813, 66, 4);6;ו;240337;(4, 31, 20, 1, 240337);63243;(4, 31, 20, 1, 63243);וכל;1;1;וכל בגד וכל כלי עור וכל מעשה עזים וכל כלי עץ תתחטאו
(232813, 66, 4);1;א;240403;(4, 31, 21, 27, 240403);63261;(4, 31, 21, 7, 63261);הבאים;3;7;ויאמר אלעזר הכהן אל אנשי הצבא הבאים למלחמה זאת חקת התורה אשר צוה יהוה את משה
(232813, 66, 4);5;ה;240469;(4, 31, 22, 32, 240469);63281;(4, 31, 22, 11, 63281);הבדיל;1;11;אך את הזהב ואת הכסף את הנחשת את הברזל את הבדיל ואת העפרת
(232813, 66, 4);300;ש;240535;(4, 31, 23, 54, 240535);63300;(4, 31, 23, 17, 63300);באש;3;17;כל דבר אשר יבא באש תעבירו באש וטהר אך במי נדה יתחטא וכל אשר לא יבא באש תעבירו במים
(232813, 66, 4);300;ש;240601;(4, 31, 25, 13, 240601);63315;(4, 31, 25, 4, 63315);משה;2;4;ויאמר יהוה אל משה לאמר
(232813, 66, 4);40;מ;240667;(4, 31, 27, 9, 240667);63332;(4, 31, 27, 3, 63332);המלקוח;2;3;וחצית את המלקוח בין תפשי המלחמה היצאים לצבא ובין כל העדה
(232813, 66, 4);90;צ;240733;(4, 31, 28, 29, 240733);63347;(4, 31, 28, 7, 63347);היצאים;3;7;והרמת מכס ליהוה מאת אנשי המלחמה היצאים לצבא אחד נפש מחמש המאות מן האדם ומן הבקר ומן החמרים ומן הצאן
(232813, 66, 4);400;ת;240799;(4, 31, 29, 15, 240799);63363;(4, 31, 29, 3, 63363);ונתתה;4;3;ממחציתם תקחו ונתתה לאלעזר הכהן תרומת יהוה
(232813, 66, 4);5;ה;240865;(4, 31, 30, 46, 240865);63381;(4, 31, 30, 14, 63381);החמרים;1;14;וממחצת בני ישראל תקח אחד אחז מן החמשים מן האדם מן הבקר מן החמרים ומן הצאן מכל הבהמה ונתתה אתם ללוים שמרי משמרת משכן יהוה
(232813, 66, 4);5;ה;240931;(4, 31, 31, 16, 240931);63396;(4, 31, 31, 4, 63396);הכהן;3;4;ויעש משה ואלעזר הכהן כאשר צוה יהוה את משה
(232813, 66, 4);30;ל;240997;(4, 31, 32, 49, 240997);63415;(4, 31, 32, 14, 63415);אלף;2;14;ויהי המלקוח יתר הבז אשר בזזו עם הצבא צאן שש מאות אלף ושבעים אלף וחמשת אלפים
(232813, 66, 4);4;ד;241063;(4, 31, 35, 21, 241063);63432;(4, 31, 35, 7, 63432);ידעו;2;7;ונפש אדם מן הנשים אשר לא ידעו משכב זכר כל נפש שנים ושלשים אלף
(232813, 66, 4);30;ל;241129;(4, 31, 36, 39, 241129);63449;(4, 31, 36, 10, 63449);אלף;2;10;ותהי המחצה חלק היצאים בצבא מספר הצאן שלש מאות אלף ושלשים אלף ושבעת אלפים וחמש מאות
(232813, 66, 4);100;ק;241195;(4, 31, 38, 4, 241195);63465;(4, 31, 38, 1, 63465);והבקר;4;1;והבקר ששה ושלשים אלף ומכסם ליהוה שנים ושבעים
(232813, 66, 4);1;א;241261;(4, 31, 39, 33, 241261);63480;(4, 31, 39, 8, 63480);אחד;1;8;וחמרים שלשים אלף וחמש מאות ומכסם ליהוה אחד וששים
(232813, 66, 4);6;ו;241327;(4, 31, 41, 20, 241327);63497;(4, 31, 41, 6, 63497);יהוה;3;6;ויתן משה את מכס תרומת יהוה לאלעזר הכהן כאשר צוה יהוה את משה
(232813, 66, 4);6;ו;241393;(4, 31, 43, 1, 241393);63514;(4, 31, 43, 1, 63514);ותהי;1;1;ותהי מחצת העדה מן הצאן שלש מאות אלף ושלשים אלף שבעת אלפים וחמש מאות
(232813, 66, 4);40;ם;241459;(4, 31, 44, 13, 241459);63530;(4, 31, 44, 3, 63530);ושלשים;6;3;ובקר ששה ושלשים אלף
(232813, 66, 4);8;ח;241525;(4, 31, 47, 25, 241525);63548;(4, 31, 47, 7, 63548);האחז;3;7;ויקח משה ממחצת בני ישראל את האחז אחד מן החמשים מן האדם ומן הבהמה ויתן אתם ללוים שמרי משמרת משכן יהוה כאשר צוה יהוה את משה
(232813, 66, 4);5;ה;241591;(4, 31, 47, 91, 241591);63565;(4, 31, 47, 24, 63565);יהוה;4;24;ויקח משה ממחצת בני ישראל את האחז אחד מן החמשים מן האדם ומן הבהמה ויתן אתם ללוים שמרי משמרת משכן יהוה כאשר צוה יהוה את משה
(232813, 66, 4);4;ד;241657;(4, 31, 49, 14, 241657);63582;(4, 31, 49, 4, 63582);עבדיך;3;4;ויאמרו אל משה עבדיך נשאו את ראש אנשי המלחמה אשר בידנו ולא נפקד ממנו איש
(232813, 66, 4);90;צ;241723;(4, 31, 50, 23, 241723);63600;(4, 31, 50, 7, 63600);מצא;2;7;ונקרב את קרבן יהוה איש אשר מצא כלי זהב אצעדה וצמיד טבעת עגיל וכומז לכפר על נפשתינו לפני יהוה
(232813, 66, 4);20;כ;241789;(4, 31, 51, 15, 241789);63616;(4, 31, 51, 4, 63616);הכהן;2;4;ויקח משה ואלעזר הכהן את הזהב מאתם כל כלי מעשה
(232813, 66, 4);6;ו;241855;(4, 31, 52, 45, 241855);63635;(4, 31, 52, 13, 63635);וחמשים;1;13;ויהי כל זהב התרומה אשר הרימו ליהוה ששה עשר אלף שבע מאות וחמשים שקל מאת שרי האלפים ומאת שרי המאות
(232813, 66, 4);50;ן;241921;(4, 31, 54, 17, 241921);63651;(4, 31, 54, 4, 63651);הכהן;4;4;ויקח משה ואלעזר הכהן את הזהב מאת שרי האלפים והמאות ויבאו אתו אל אהל מועד זכרון לבני ישראל לפני יהוה
(232813, 66, 4);100;ק;241987;(4, 32, 1, 3, 241987);63668;(4, 32, 1, 1, 63668);ומקנה;3;1;ומקנה רב היה לבני ראובן ולבני גד עצום מאד ויראו את ארץ יעזר ואת ארץ גלעד והנה המקום מקום מקנה
(232813, 66, 4);6;ו;242053;(4, 32, 1, 69, 242053);63686;(4, 32, 1, 19, 63686);מקום;3;19;ומקנה רב היה לבני ראובן ולבני גד עצום מאד ויראו את ארץ יעזר ואת ארץ גלעד והנה המקום מקום מקנה
(232813, 66, 4);200;ר;242119;(4, 32, 3, 3, 242119);63703;(4, 32, 3, 1, 63703);עטרות;3;1;עטרות ודיבן ויעזר ונמרה וחשבון ואלעלה ושבם ונבו ובען
(232813, 66, 4);1;א;242185;(4, 32, 4, 25, 242185);63718;(4, 32, 4, 7, 63718);ישראל;4;7;הארץ אשר הכה יהוה לפני עדת ישראל ארץ מקנה הוא ולעבדיך מקנה
(232813, 66, 4);7;ז;242251;(4, 32, 5, 44, 242251);63734;(4, 32, 5, 11, 63734);לאחזה;4;11;ויאמרו אם מצאנו חן בעיניך יתן את הארץ הזאת לעבדיך לאחזה אל תעברנו את הירדן
(232813, 66, 4);5;ה;242317;(4, 32, 6, 50, 242317);63750;(4, 32, 6, 12, 63750);פה;2;12;ויאמר משה לבני גד ולבני ראובן האחיכם יבאו למלחמה ואתם תשבו פה
(232813, 66, 4);100;ק;242383;(4, 32, 8, 21, 242383);63769;(4, 32, 8, 6, 63769);מקדש;2;6;כה עשו אבתיכם בשלחי אתם מקדש ברנע לראות את הארץ
(232813, 66, 4);10;י;242449;(4, 32, 9, 49, 242449);63786;(4, 32, 9, 13, 63786);לבלתי;5;13;ויעלו עד נחל אשכול ויראו את הארץ ויניאו את לב בני ישראל לבלתי בא אל הארץ אשר נתן להם יהוה
(232813, 66, 4);40;מ;242515;(4, 32, 11, 18, 242515);63805;(4, 32, 11, 5, 63805);ממצרים;1;5;אם יראו האנשים העלים ממצרים מבן עשרים שנה ומעלה את האדמה אשר נשבעתי לאברהם ליצחק וליעקב כי לא מלאו אחרי
(232813, 66, 4);10;י;242581;(4, 32, 11, 84, 242581);63820;(4, 32, 11, 20, 63820);אחרי;4;20;אם יראו האנשים העלים ממצרים מבן עשרים שנה ומעלה את האדמה אשר נשבעתי לאברהם ליצחק וליעקב כי לא מלאו אחרי
(232813, 66, 4);40;מ;242647;(4, 32, 13, 23, 242647);63838;(4, 32, 13, 6, 63838);במדבר;2;6;ויחר אף יהוה בישראל וינעם במדבר ארבעים שנה עד תם כל הדור העשה הרע בעיני יהוה
(232813, 66, 4);8;ח;242713;(4, 32, 14, 28, 242713);63855;(4, 32, 14, 7, 63855);חטאים;1;7;והנה קמתם תחת אבתיכם תרבות אנשים חטאים לספות עוד על חרון אף יהוה אל ישראל
(232813, 66, 4);400;ת;242779;(4, 32, 15, 35, 242779);63871;(4, 32, 15, 8, 63871);ושחתם;4;8;כי תשובן מאחריו ויסף עוד להניחו במדבר ושחתם לכל העם הזה
(232813, 66, 4);300;ש;242845;(4, 32, 17, 12, 242845);63887;(4, 32, 17, 3, 63887);חשים;2;3;ואנחנו נחלץ חשים לפני בני ישראל עד אשר אם הביאנם אל מקומם וישב טפנו בערי המבצר מפני ישבי הארץ
(232813, 66, 4);50;נ;242911;(4, 32, 18, 3, 242911);63905;(4, 32, 18, 2, 63905);נשוב;1;2;לא נשוב אל בתינו עד התנחל בני ישראל איש נחלתו
(232813, 66, 4);30;ל;242977;(4, 32, 19, 33, 242977);63923;(4, 32, 19, 10, 63923);נחלתנו;3;10;כי לא ננחל אתם מעבר לירדן והלאה כי באה נחלתנו אלינו מעבר הירדן מזרחה
(232813, 66, 4);5;ה;243043;(4, 32, 20, 44, 243043);63939;(4, 32, 20, 12, 63939);יהוה;4;12;ויאמר אליהם משה אם תעשון את הדבר הזה אם תחלצו לפני יהוה למלחמה
(232813, 66, 4);80;פ;243109;(4, 32, 22, 12, 243109);63956;(4, 32, 22, 3, 63956);לפני;2;3;ונכבשה הארץ לפני יהוה ואחר תשבו והייתם נקים מיהוה ומישראל והיתה הארץ הזאת לכם לאחזה לפני יהוה
(232813, 66, 4);6;ו;243175;(4, 32, 23, 1, 243175);63971;(4, 32, 23, 1, 63971);ואם;1;1;ואם לא תעשון כן הנה חטאתם ליהוה ודעו חטאתכם אשר תמצא אתכם
(232813, 66, 4);30;ל;243241;(4, 32, 24, 21, 243241);63988;(4, 32, 24, 6, 63988);לצנאכם;1;6;בנו לכם ערים לטפכם וגדרת לצנאכם והיצא מפיכם תעשו
(232813, 66, 4);90;צ;243307;(4, 32, 25, 47, 243307);64004;(4, 32, 25, 13, 64004);מצוה;2;13;ויאמר בני גד ובני ראובן אל משה לאמר עבדיך יעשו כאשר אדני מצוה
(232813, 66, 4);5;ה;243373;(4, 32, 27, 26, 243373);64020;(4, 32, 27, 7, 64020);יהוה;2;7;ועבדיך יעברו כל חלוץ צבא לפני יהוה למלחמה כאשר אדני דבר
(232813, 66, 4);40;מ;243439;(4, 32, 28, 47, 243439);64038;(4, 32, 28, 14, 64038);המטות;2;14;ויצו להם משה את אלעזר הכהן ואת יהושע בן נון ואת ראשי אבות המטות לבני ישראל
(232813, 66, 4);8;ח;243505;(4, 32, 29, 54, 243505);64055;(4, 32, 29, 15, 64055);למלחמה;4;15;ויאמר משה אלהם אם יעברו בני גד ובני ראובן אתכם את הירדן כל חלוץ למלחמה לפני יהוה ונכבשה הארץ לפניכם ונתתם להם את ארץ הגלעד לאחזה
(232813, 66, 4);1;א;243571;(4, 32, 30, 17, 243571);64071;(4, 32, 30, 5, 64071);אתכם;1;5;ואם לא יעברו חלוצים אתכם ונאחזו בתככם בארץ כנען
(232813, 66, 4);50;ן;243637;(4, 32, 31, 44, 243637);64088;(4, 32, 31, 13, 64088);כן;2;13;ויענו בני גד ובני ראובן לאמר את אשר דבר יהוה אל עבדיך כן נעשה
(232813, 66, 4);300;ש;243703;(4, 32, 33, 9, 243703);64104;(4, 32, 33, 3, 64104);משה;2;3;ויתן להם משה לבני גד ולבני ראובן ולחצי שבט מנשה בן יוסף את ממלכת סיחן מלך האמרי ואת ממלכת עוג מלך הבשן הארץ לעריה בגבלת ערי הארץ סביב
(232813, 66, 4);40;מ;243769;(4, 32, 33, 75, 243769);64122;(4, 32, 33, 21, 64122);מלך;1;21;ויתן להם משה לבני גד ולבני ראובן ולחצי שבט מנשה בן יוסף את ממלכת סיחן מלך האמרי ואת ממלכת עוג מלך הבשן הארץ לעריה בגבלת ערי הארץ סביב
(232813, 66, 4);9;ט;243835;(4, 32, 35, 5, 243835);64140;(4, 32, 35, 2, 64140);עטרת;2;2;ואת עטרת שופן ואת יעזר ויגבהה
(232813, 66, 4);1;א;243901;(4, 32, 37, 13, 243901);64158;(4, 32, 37, 4, 64158);את;1;4;ובני ראובן בנו את חשבון ואת אלעלא ואת קריתים
(232813, 66, 4);300;ש;243967;(4, 32, 38, 43, 243967);64176;(4, 32, 38, 13, 64176);שמות;1;13;ואת נבו ואת בעל מעון מוסבת שם ואת שבמה ויקראו בשמת את שמות הערים אשר בנו
(232813, 66, 4);300;ש;244033;(4, 32, 40, 6, 244033);64193;(4, 32, 40, 2, 64193);משה;2;2;ויתן משה את הגלעד למכיר בן מנשה וישב בה
(232813, 66, 4);1;א;244099;(4, 32, 41, 41, 244099);64211;(4, 32, 41, 11, 64211);יאיר;2;11;ויאיר בן מנשה הלך וילכד את חותיהם ויקרא אתהן חות יאיר
(232813, 66, 4);200;ר;244165;(4, 33, 1, 25, 244165);64229;(4, 33, 1, 7, 64229);מארץ;3;7;אלה מסעי בני ישראל אשר יצאו מארץ מצרים לצבאתם ביד משה ואהרן
(232813, 66, 4);30;ל;244231;(4, 33, 2, 43, 244231);64245;(4, 33, 2, 11, 64245);למוצאיהם;1;11;ויכתב משה את מוצאיהם למסעיהם על פי יהוה ואלה מסעיהם למוצאיהם
(232813, 66, 4);10;י;244297;(4, 33, 3, 59, 244297);64259;(4, 33, 3, 14, 64259);ישראל;1;14;ויסעו מרעמסס בחדש הראשון בחמשה עשר יום לחדש הראשון ממחרת הפסח יצאו בני ישראל ביד רמה לעיני כל מצרים
(232813, 66, 4);5;ה;244363;(4, 33, 4, 44, 244363);64275;(4, 33, 4, 11, 64275);עשה;3;11;ומצרים מקברים את אשר הכה יהוה בהם כל בכור ובאלהיהם עשה יהוה שפטים
(232813, 66, 4);2;ב;244429;(4, 33, 6, 29, 244429);64290;(4, 33, 6, 7, 64290);המדבר;4;7;ויסעו מסכת ויחנו באתם אשר בקצה המדבר
(232813, 66, 4);6;ו;244495;(4, 33, 8, 15, 244495);64308;(4, 33, 8, 4, 64308);ויעברו;1;4;ויסעו מפני החירת ויעברו בתוך הים המדברה וילכו דרך שלשת ימים במדבר אתם ויחנו במרה
(232813, 66, 4);1;א;244561;(4, 33, 9, 15, 244561);64323;(4, 33, 9, 4, 64323);אילמה;1;4;ויסעו ממרה ויבאו אילמה ובאילם שתים עשרה עינת מים ושבעים תמרים ויחנו שם
(232813, 66, 4);6;ו;244627;(4, 33, 11, 1, 244627);64339;(4, 33, 11, 1, 64339);ויסעו;1;1;ויסעו מים סוף ויחנו במדבר סין
(232813, 66, 4);300;ש;244693;(4, 33, 13, 20, 244693);64353;(4, 33, 13, 4, 64353);באלוש;5;4;ויסעו מדפקה ויחנו באלוש
(232813, 66, 4);6;ו;244759;(4, 33, 16, 1, 244759);64369;(4, 33, 16, 1, 64369);ויסעו;1;1;ויסעו ממדבר סיני ויחנו בקברת התאוה
(232813, 66, 4);8;ח;244825;(4, 33, 18, 13, 244825);64382;(4, 33, 18, 3, 64382);ויחנו;3;3;ויסעו מחצרת ויחנו ברתמה
(232813, 66, 4);6;ו;244891;(4, 33, 21, 15, 244891);64396;(4, 33, 21, 3, 64396);ויחנו;5;3;ויסעו מלבנה ויחנו ברסה
(232813, 66, 4);4;ד;244957;(4, 33, 24, 20, 244957);64411;(4, 33, 24, 5, 64411);בחרדה;4;5;ויסעו מהר שפר ויחנו בחרדה
(232813, 66, 4);40;מ;245023;(4, 33, 28, 6, 245023);64425;(4, 33, 28, 2, 64425);מתרח;1;2;ויסעו מתרח ויחנו במתקה
(232813, 66, 4);6;ו;245089;(4, 33, 31, 10, 245089);64437;(4, 33, 31, 2, 64437);ממסרות;5;2;ויסעו ממסרות ויחנו בבני יעקן
(232813, 66, 4);10;י;245155;(4, 33, 34, 2, 245155);64452;(4, 33, 34, 1, 64452);ויסעו;2;1;ויסעו מיטבתה ויחנו בעברנה
(232813, 66, 4);2;ב;245221;(4, 33, 36, 22, 245221);64465;(4, 33, 36, 5, 64465);במדבר;4;5;ויסעו מעצין גבר ויחנו במדבר צן הוא קדש
(232813, 66, 4);6;ו;245287;(4, 33, 38, 26, 245287);64485;(4, 33, 38, 9, 64485);יהוה;3;9;ויעל אהרן הכהן אל הר ההר על פי יהוה וימת שם בשנת הארבעים לצאת בני ישראל מארץ מצרים בחדש החמישי באחד לחדש
(232813, 66, 4);30;ל;245353;(4, 33, 39, 9, 245353);64501;(4, 33, 39, 3, 64501);שלש;2;3;ואהרן בן שלש ועשרים ומאת שנה במתו בהר ההר
(232813, 66, 4);10;י;245419;(4, 33, 40, 42, 245419);64518;(4, 33, 40, 11, 64518);בני;3;11;וישמע הכנעני מלך ערד והוא ישב בנגב בארץ כנען בבא בני ישראל
(232813, 66, 4);2;ב;245485;(4, 33, 43, 18, 245485);64532;(4, 33, 43, 4, 64532);באבת;3;4;ויסעו מפונן ויחנו באבת
(232813, 66, 4);50;ן;245551;(4, 33, 46, 10, 245551);64546;(4, 33, 46, 2, 64546);מדיבן;5;2;ויסעו מדיבן גד ויחנו בעלמן דבלתימה
(232813, 66, 4);200;ר;245617;(4, 33, 48, 8, 245617);64560;(4, 33, 48, 2, 64560);מהרי;3;2;ויסעו מהרי העברים ויחנו בערבת מואב על ירדן ירחו
(232813, 66, 4);2;ב;245683;(4, 33, 49, 35, 245683);64576;(4, 33, 49, 9, 64576);בערבת;4;9;ויחנו על הירדן מבית הישמת עד אבל השטים בערבת מואב
(232813, 66, 4);10;י;245749;(4, 33, 51, 24, 245749);64594;(4, 33, 51, 7, 64594);כי;2;7;דבר אל בני ישראל ואמרת אלהם כי אתם עברים את הירדן אל ארץ כנען
(232813, 66, 4);6;ו;245815;(4, 33, 52, 42, 245815);64612;(4, 33, 52, 11, 64612);ואת;1;11;והורשתם את כל ישבי הארץ מפניכם ואבדתם את כל משכיתם ואת כל צלמי מסכתם תאבדו ואת כל במותם תשמידו
(232813, 66, 4);400;ת;245881;(4, 33, 53, 32, 245881);64629;(4, 33, 53, 9, 64629);את;2;9;והורשתם את הארץ וישבתם בה כי לכם נתתי את הארץ לרשת אתה
(232813, 66, 4);50;נ;245947;(4, 33, 54, 55, 245947);64645;(4, 33, 54, 13, 64645);נחלתו;1;13;והתנחלתם את הארץ בגורל למשפחתיכם לרב תרבו את נחלתו ולמעט תמעיט את נחלתו אל אשר יצא לו שמה הגורל לו יהיה למטות אבתיכם תתנחלו
(232813, 66, 4);90;ץ;246013;(4, 33, 55, 21, 246013);64662;(4, 33, 55, 6, 64662);הארץ;4;6;ואם לא תורישו את ישבי הארץ מפניכם והיה אשר תותירו מהם לשכים בעיניכם ולצנינם בצדיכם וצררו אתכם על הארץ אשר אתם ישבים בה
(232813, 66, 4);1;א;246079;(4, 33, 55, 87, 246079);64677;(4, 33, 55, 21, 64677);אתם;1;21;ואם לא תורישו את ישבי הארץ מפניכם והיה אשר תותירו מהם לשכים בעיניכם ולצנינם בצדיכם וצררו אתכם על הארץ אשר אתם ישבים בה
(232813, 66, 4);1;א;246145;(4, 34, 2, 11, 246145);64695;(4, 34, 2, 4, 64695);ישראל;4;4;צו את בני ישראל ואמרת אלהם כי אתם באים אל הארץ כנען זאת הארץ אשר תפל לכם בנחלה ארץ כנען לגבלתיה
(232813, 66, 4);5;ה;246211;(4, 34, 3, 2, 246211);64713;(4, 34, 3, 1, 64713);והיה;2;1;והיה לכם פאת נגב ממדבר צן על ידי אדום והיה לכם גבול נגב מקצה ים המלח קדמה
(232813, 66, 4);6;ו;246277;(4, 34, 4, 11, 246277);64732;(4, 34, 4, 3, 64732);הגבול;4;3;ונסב לכם הגבול מנגב למעלה עקרבים ועבר צנה והיה תוצאתיו מנגב לקדש ברנע ויצא חצר אדר ועבר עצמנה
(232813, 66, 4);6;ו;246343;(4, 34, 5, 1, 246343);64748;(4, 34, 5, 1, 64748);ונסב;1;1;ונסב הגבול מעצמון נחלה מצרים והיו תוצאתיו הימה
(232813, 66, 4);7;ז;246409;(4, 34, 6, 28, 246409);64763;(4, 34, 6, 8, 64763);זה;1;8;וגבול ים והיה לכם הים הגדול וגבול זה יהיה לכם גבול ים
(232813, 66, 4);1;א;246475;(4, 34, 8, 13, 246475);64783;(4, 34, 8, 4, 64783);לבא;3;4;מהר ההר תתאו לבא חמת והיו תוצאת הגבל צדדה
(232813, 66, 4);80;פ;246541;(4, 34, 9, 46, 246541);64800;(4, 34, 9, 12, 64800);צפון;2;12;ויצא הגבל זפרנה והיו תוצאתיו חצר עינן זה יהיה לכם גבול צפון
(232813, 66, 4);2;ב;246607;(4, 34, 11, 32, 246607);64815;(4, 34, 11, 8, 64815);הגבל;3;8;וירד הגבל משפם הרבלה מקדם לעין וירד הגבל ומחה על כתף ים כנרת קדמה
(232813, 66, 4);90;ץ;246673;(4, 34, 12, 46, 246673);64832;(4, 34, 12, 11, 64832);הארץ;4;11;וירד הגבול הירדנה והיו תוצאתיו ים המלח זאת תהיה לכם הארץ לגבלתיה סביב
(232813, 66, 4);5;ה;246739;(4, 34, 13, 55, 246739);64849;(4, 34, 13, 15, 64849);יהוה;4;15;ויצו משה את בני ישראל לאמר זאת הארץ אשר תתנחלו אתה בגורל אשר צוה יהוה לתת לתשעת המטות וחצי המטה
(232813, 66, 4);400;ת;246805;(4, 34, 14, 45, 246805);64866;(4, 34, 14, 12, 64866);אבתם;3;12;כי לקחו מטה בני הראובני לבית אבתם ומטה בני הגדי לבית אבתם וחצי מטה מנשה לקחו נחלתם
(232813, 66, 4);200;ר;246871;(4, 34, 15, 45, 246871);64882;(4, 34, 15, 11, 64882);מזרחה;3;11;שני המטות וחצי המטה לקחו נחלתם מעבר לירדן ירחו קדמה מזרחה
(232813, 66, 4);2;ב;246937;(4, 34, 17, 46, 246937);64899;(4, 34, 17, 12, 64899);בן;1;12;אלה שמות האנשים אשר ינחלו לכם את הארץ אלעזר הכהן ויהושע בן נון
(232813, 66, 4);10;י;247003;(4, 34, 19, 29, 247003);64917;(4, 34, 19, 8, 64917);יפנה;1;8;ואלה שמות האנשים למטה יהודה כלב בן יפנה
(232813, 66, 4);100;ק;247069;(4, 34, 22, 16, 247069);64933;(4, 34, 22, 5, 64933);בקי;2;5;ולמטה בני דן נשיא בקי בן יגלי
(232813, 66, 4);80;פ;247135;(4, 34, 24, 26, 247135);64951;(4, 34, 24, 7, 64951);שפטן;2;7;ולמטה בני אפרים נשיא קמואל בן שפטן
(232813, 66, 4);50;נ;247201;(4, 34, 27, 7, 247201);64967;(4, 34, 27, 2, 64967);בני;2;2;ולמטה בני אשר נשיא אחיהוד בן שלמי
(232813, 66, 4);8;ח;247267;(4, 34, 29, 16, 247267);64984;(4, 34, 29, 5, 64984);לנחל;3;5;אלה אשר צוה יהוה לנחל את בני ישראל בארץ כנען
(232813, 66, 4);200;ר;247333;(4, 35, 2, 10, 247333);65003;(4, 35, 2, 4, 65003);ישראל;3;4;צו את בני ישראל ונתנו ללוים מנחלת אחזתם ערים לשבת ומגרש לערים סביבתיהם תתנו ללוים
(232813, 66, 4);40;ם;247399;(4, 35, 3, 9, 247399);65016;(4, 35, 3, 2, 65016);הערים;5;2;והיו הערים להם לשבת ומגרשיהם יהיו לבהמתם ולרכשם ולכל חיתם
(232813, 66, 4);200;ר;247465;(4, 35, 4, 27, 247465);65030;(4, 35, 4, 6, 65030);מקיר;4;6;ומגרשי הערים אשר תתנו ללוים מקיר העיר וחוצה אלף אמה סביב
(232813, 66, 4);1;א;247531;(4, 35, 5, 47, 247531);65048;(4, 35, 5, 13, 65048);באמה;2;13;ומדתם מחוץ לעיר את פאת קדמה אלפים באמה ואת פאת נגב אלפים באמה ואת פאת ים אלפים באמה ואת פאת צפון אלפים באמה והעיר בתוך זה יהיה להם מגרשי הערים
(232813, 66, 4);40;ם;247597;(4, 35, 5, 113, 247597);65065;(4, 35, 5, 30, 65065);הערים;5;30;ומדתם מחוץ לעיר את פאת קדמה אלפים באמה ואת פאת נגב אלפים באמה ואת פאת ים אלפים באמה ואת פאת צפון אלפים באמה והעיר בתוך זה יהיה להם מגרשי הערים
(232813, 66, 4);6;ו;247663;(4, 35, 6, 66, 247663);65083;(4, 35, 6, 18, 65083);ושתים;1;18;ואת הערים אשר תתנו ללוים את שש ערי המקלט אשר תתנו לנס שמה הרצח ועליהם תתנו ארבעים ושתים עיר
(232813, 66, 4);50;נ;247729;(4, 35, 8, 12, 247729);65098;(4, 35, 8, 3, 65098);תתנו;3;3;והערים אשר תתנו מאחזת בני ישראל מאת הרב תרבו ומאת המעט תמעיטו איש כפי נחלתו אשר ינחלו יתן מעריו ללוים
(232813, 66, 4);30;ל;247795;(4, 35, 8, 78, 247795);65115;(4, 35, 8, 20, 65115);ללוים;1;20;והערים אשר תתנו מאחזת בני ישראל מאת הרב תרבו ומאת המעט תמעיטו איש כפי נחלתו אשר ינחלו יתן מעריו ללוים
(232813, 66, 4);20;כ;247861;(4, 35, 10, 44, 247861);65133;(4, 35, 10, 13, 65133);כנען;1;13;דבר אל בני ישראל ואמרת אלהם כי אתם עברים את הירדן ארצה כנען
(232813, 66, 4);30;ל;247927;(4, 35, 12, 13, 247927);65150;(4, 35, 12, 4, 65150);למקלט;1;4;והיו לכם הערים למקלט מגאל ולא ימות הרצח עד עמדו לפני העדה למשפט
(232813, 66, 4);5;ה;247993;(4, 35, 13, 28, 247993);65166;(4, 35, 13, 7, 65166);תהיינה;6;7;והערים אשר תתנו שש ערי מקלט תהיינה לכם
(232813, 66, 4);10;י;248059;(4, 35, 15, 4, 248059);65183;(4, 35, 15, 1, 65183);לבני;4;1;לבני ישראל ולגר ולתושב בתוכם תהיינה שש הערים האלה למקלט לנוס שמה כל מכה נפש בשגגה
(232813, 66, 4);2;ב;248125;(4, 35, 16, 4, 248125);65200;(4, 35, 16, 2, 65200);בכלי;1;2;ואם בכלי ברזל הכהו וימת רצח הוא מות יומת הרצח
(232813, 66, 4);6;ו;248191;(4, 35, 17, 34, 248191);65219;(4, 35, 17, 11, 65219);מות;2;11;ואם באבן יד אשר ימות בה הכהו וימת רצח הוא מות יומת הרצח
(232813, 66, 4);400;ת;248257;(4, 35, 19, 13, 248257);65239;(4, 35, 19, 4, 65239);ימית;4;4;גאל הדם הוא ימית את הרצח בפגעו בו הוא ימתנו
(232813, 66, 4);6;ו;248323;(4, 35, 21, 11, 248323);65256;(4, 35, 21, 3, 65256);הכהו;4;3;או באיבה הכהו בידו וימת מות יומת המכה רצח הוא גאל הדם ימית את הרצח בפגעו בו
(232813, 66, 4);6;ו;248389;(4, 35, 22, 18, 248389);65275;(4, 35, 22, 5, 65275);הדפו;4;5;ואם בפתע בלא איבה הדפו או השליך עליו כל כלי בלא צדיה
(232813, 66, 4);1;א;248455;(4, 35, 23, 43, 248455);65296;(4, 35, 23, 14, 65296);אויב;1;14;או בכל אבן אשר ימות בה בלא ראות ויפל עליו וימת והוא לא אויב לו ולא מבקש רעתו
(232813, 66, 4);1;א;248521;(4, 35, 25, 11, 248521);65313;(4, 35, 25, 3, 65313);את;1;3;והצילו העדה את הרצח מיד גאל הדם והשיבו אתו העדה אל עיר מקלטו אשר נס שמה וישב בה עד מות הכהן הגדל אשר משח אתו בשמן הקדש
(232813, 66, 4);300;ש;248587;(4, 35, 25, 77, 248587);65333;(4, 35, 25, 23, 65333);אשר;2;23;והצילו העדה את הרצח מיד גאל הדם והשיבו אתו העדה אל עיר מקלטו אשר נס שמה וישב בה עד מות הכהן הגדל אשר משח אתו בשמן הקדש
(232813, 66, 4);40;מ;248653;(4, 35, 27, 14, 248653);65353;(4, 35, 27, 5, 65353);מחוץ;1;5;ומצא אתו גאל הדם מחוץ לגבול עיר מקלטו ורצח גאל הדם את הרצח אין לו דם
(232813, 66, 4);30;ל;248719;(4, 35, 28, 27, 248719);65372;(4, 35, 28, 8, 65372);הגדל;4;8;כי בעיר מקלטו ישב עד מות הכהן הגדל ואחרי מות הכהן הגדל ישוב הרצח אל ארץ אחזתו
(232813, 66, 4);2;ב;248785;(4, 35, 29, 32, 248785);65389;(4, 35, 29, 8, 65389);מושבתיכם;4;8;והיו אלה לכם לחקת משפט לדרתיכם בכל מושבתיכם
(232813, 66, 4);8;ח;248851;(4, 35, 31, 17, 248851);65408;(4, 35, 31, 5, 65408);רצח;3;5;ולא תקחו כפר לנפש רצח אשר הוא רשע למות כי מות יומת
(232813, 66, 4);5;ה;248917;(4, 35, 32, 44, 248917);65428;(4, 35, 32, 13, 65428);הכהן;3;13;ולא תקחו כפר לנוס אל עיר מקלטו לשוב לשבת בארץ עד מות הכהן
(232813, 66, 4);20;כ;248983;(4, 35, 33, 65, 248983);65449;(4, 35, 33, 21, 65449);כי;1;21;ולא תחניפו את הארץ אשר אתם בה כי הדם הוא יחניף את הארץ ולארץ לא יכפר לדם אשר שפך בה כי אם בדם שפכו
(232813, 66, 4);20;ך;249049;(4, 35, 34, 56, 249049);65469;(4, 35, 34, 17, 65469);בתוך;4;17;ולא תטמא את הארץ אשר אתם ישבים בה אשר אני שכן בתוכה כי אני יהוה שכן בתוך בני ישראל
(232813, 66, 4);200;ר;249115;(4, 36, 1, 58, 249115);65485;(4, 36, 1, 14, 65485);וידברו;5;14;ויקרבו ראשי האבות למשפחת בני גלעד בן מכיר בן מנשה ממשפחת בני יוסף וידברו לפני משה ולפני הנשאים ראשי אבות לבני ישראל
(232813, 66, 4);50;נ;249181;(4, 36, 2, 30, 249181);65502;(4, 36, 2, 9, 65502);בנחלה;2;9;ויאמרו את אדני צוה יהוה לתת את הארץ בנחלה בגורל לבני ישראל ואדני צוה ביהוה לתת את נחלת צלפחד אחינו לבנתיו
(232813, 66, 4);50;נ;249247;(4, 36, 3, 11, 249247);65517;(4, 36, 3, 3, 65517);מבני;3;3;והיו לאחד מבני שבטי בני ישראל לנשים ונגרעה נחלתן מנחלת אבתינו ונוסף על נחלת המטה אשר תהיינה להם ומגרל נחלתנו יגרע
(232813, 66, 4);5;ה;249313;(4, 36, 3, 77, 249313);65532;(4, 36, 3, 18, 65532);להם;2;18;והיו לאחד מבני שבטי בני ישראל לנשים ונגרעה נחלתן מנחלת אבתינו ונוסף על נחלת המטה אשר תהיינה להם ומגרל נחלתנו יגרע
(232813, 66, 4);5;ה;249379;(4, 36, 4, 50, 249379);65547;(4, 36, 4, 12, 65547);תהיינה;6;12;ואם יהיה היבל לבני ישראל ונוספה נחלתן על נחלת המטה אשר תהיינה להם ומנחלת מטה אבתינו יגרע נחלתן
(232813, 66, 4);6;ו;249445;(4, 36, 5, 39, 249445);65566;(4, 36, 5, 13, 65566);יוסף;2;13;ויצו משה את בני ישראל על פי יהוה לאמר כן מטה בני יוסף דברים
(232813, 66, 4);8;ח;249511;(4, 36, 6, 59, 249511);65581;(4, 36, 6, 14, 65581);למשפחת;5;14;זה הדבר אשר צוה יהוה לבנות צלפחד לאמר לטוב בעיניהם תהיינה לנשים אך למשפחת מטה אביהם תהיינה לנשים
(232813, 66, 4);6;ו;249577;(4, 36, 7, 46, 249577);65598;(4, 36, 7, 13, 65598);אבתיו;5;13;ולא תסב נחלה לבני ישראל ממטה אל מטה כי איש בנחלת מטה אבתיו ידבקו בני ישראל
(232813, 66, 4);40;מ;249643;(4, 36, 8, 53, 249643);65615;(4, 36, 8, 14, 65615);למען;2;14;וכל בת ירשת נחלה ממטות בני ישראל לאחד ממשפחת מטה אביה תהיה לאשה למען יירשו בני ישראל איש נחלת אבתיו
(232813, 66, 4);9;ט;249709;(4, 36, 9, 39, 249709);65632;(4, 36, 9, 11, 65632);מטות;2;11;ולא תסב נחלה ממטה למטה אחר כי איש בנחלתו ידבקו מטות בני ישראל
(232813, 66, 4);6;ו;249775;(4, 36, 11, 26, 249775);65649;(4, 36, 11, 6, 65649);ונעה;1;6;ותהיינה מחלה תרצה וחגלה ומלכה ונעה בנות צלפחד לבני דדיהן לנשים
(232813, 66, 4);9;ט;249841;(4, 36, 12, 40, 249841);65665;(4, 36, 12, 11, 65665);מטה;2;11;ממשפחת בני מנשה בן יוסף היו לנשים ותהי נחלתן על מטה משפחת אביהן
(232813, 66, 4);200;ר;249907;(4, 36, 13, 55, 249907);65682;(4, 36, 13, 15, 65682);ירדן;2;15;אלה המצות והמשפטים אשר צוה יהוה ביד משה אל בני ישראל בערבת מואב על ירדן ירחו
(232813, 66, 4);6;ו;249973;(5, 1, 1, 60, 249973);65700;(5, 1, 1, 17, 65700);ובין;1;17;אלה הדברים אשר דבר משה אל כל ישראל בעבר הירדן במדבר בערבה מול סוף בין פארן ובין תפל ולבן וחצרת ודי זהב
(232813, 66, 4);5;ה;250039;(5, 1, 3, 14, 250039);65718;(5, 1, 3, 3, 65718);שנה;3;3;ויהי בארבעים שנה בעשתי עשר חדש באחד לחדש דבר משה אל בני ישראל ככל אשר צוה יהוה אתו אלהם
(232813, 66, 4);60;ס;250105;(5, 1, 4, 11, 250105);65738;(5, 1, 4, 4, 65738);סיחן;1;4;אחרי הכתו את סיחן מלך האמרי אשר יושב בחשבון ואת עוג מלך הבשן אשר יושב בעשתרת באדרעי
(232813, 66, 4);2;ב;250171;(5, 1, 5, 10, 250171);65754;(5, 1, 5, 3, 65754);בארץ;1;3;בעבר הירדן בארץ מואב הואיל משה באר את התורה הזאת לאמר
(232813, 66, 4);2;ב;250237;(5, 1, 6, 33, 250237);65771;(5, 1, 6, 9, 65771);שבת;2;9;יהוה אלהינו דבר אלינו בחרב לאמר רב לכם שבת בהר הזה
(232813, 66, 4);1;א;250303;(5, 1, 7, 59, 250303);65789;(5, 1, 7, 16, 65789);ארץ;1;16;פנו וסעו לכם ובאו הר האמרי ואל כל שכניו בערבה בהר ובשפלה ובנגב ובחוף הים ארץ הכנעני והלבנון עד הנהר הגדל נהר פרת
(232813, 66, 4);200;ר;250369;(5, 1, 8, 35, 250369);65806;(5, 1, 8, 10, 65806);אשר;3;10;ראה נתתי לפניכם את הארץ באו ורשו את הארץ אשר נשבע יהוה לאבתיכם לאברהם ליצחק וליעקב לתת להם ולזרעם אחריהם
(232813, 66, 4);30;ל;250435;(5, 1, 9, 16, 250435);65821;(5, 1, 9, 5, 65821);לאמר;1;5;ואמר אלכם בעת ההוא לאמר לא אוכל לבדי שאת אתכם
(232813, 66, 4);1;א;250501;(5, 1, 11, 5, 250501);65837;(5, 1, 11, 2, 65837);אלהי;1;2;יהוה אלהי אבותכם יסף עליכם ככם אלף פעמים ויברך אתכם כאשר דבר לכם
(232813, 66, 4);300;ש;250567;(5, 1, 12, 19, 250567);65853;(5, 1, 12, 5, 65853);ומשאכם;3;5;איכה אשא לבדי טרחכם ומשאכם וריבכם
(232813, 66, 4);6;ו;250633;(5, 1, 14, 9, 250633);65866;(5, 1, 14, 3, 65866);ותאמרו;1;3;ותענו אתי ותאמרו טוב הדבר אשר דברת לעשות
(232813, 66, 4);1;א;250699;(5, 1, 15, 42, 250699);65881;(5, 1, 15, 10, 65881);ראשים;2;10;ואקח את ראשי שבטיכם אנשים חכמים וידעים ואתן אותם ראשים עליכם שרי אלפים ושרי מאות ושרי חמשים ושרי עשרת ושטרים לשבטיכם
(232813, 66, 4);20;כ;250765;(5, 1, 16, 12, 250765);65895;(5, 1, 16, 3, 65895);שפטיכם;5;3;ואצוה את שפטיכם בעת ההוא לאמר שמע בין אחיכם ושפטתם צדק בין איש ובין אחיו ובין גרו
(232813, 66, 4);40;מ;250831;(5, 1, 17, 13, 250831);65913;(5, 1, 17, 4, 65913);במשפט;2;4;לא תכירו פנים במשפט כקטן כגדל תשמעון לא תגורו מפני איש כי המשפט לאלהים הוא והדבר אשר יקשה מכם תקרבון אלי ושמעתיו
(232813, 66, 4);2;ב;250897;(5, 1, 17, 79, 250897);65929;(5, 1, 17, 20, 65929);תקרבון;4;20;לא תכירו פנים במשפט כקטן כגדל תשמעון לא תגורו מפני איש כי המשפט לאלהים הוא והדבר אשר יקשה מכם תקרבון אלי ושמעתיו
(232813, 66, 4);2;ב;250963;(5, 1, 19, 20, 250963);65946;(5, 1, 19, 6, 65946);המדבר;4;6;ונסע מחרב ונלך את כל המדבר הגדול והנורא ההוא אשר ראיתם דרך הר האמרי כאשר צוה יהוה אלהינו אתנו ונבא עד קדש ברנע
(232813, 66, 4);200;ר;251029;(5, 1, 19, 86, 251029);65963;(5, 1, 19, 23, 65963);ברנע;2;23;ונסע מחרב ונלך את כל המדבר הגדול והנורא ההוא אשר ראיתם דרך הר האמרי כאשר צוה יהוה אלהינו אתנו ונבא עד קדש ברנע
(232813, 66, 4);1;א;251095;(5, 1, 21, 24, 251095);65981;(5, 1, 21, 7, 65981);הארץ;2;7;ראה נתן יהוה אלהיך לפניך את הארץ עלה רש כאשר דבר יהוה אלהי אבתיך לך אל תירא ואל תחת
(232813, 66, 4);5;ה;251161;(5, 1, 22, 25, 251161);65998;(5, 1, 22, 5, 65998);נשלחה;5;5;ותקרבון אלי כלכם ותאמרו נשלחה אנשים לפנינו ויחפרו לנו את הארץ וישבו אתנו דבר את הדרך אשר נעלה בה ואת הערים אשר נבא אליהן
(232813, 66, 4);2;ב;251227;(5, 1, 22, 91, 251227);66016;(5, 1, 22, 23, 66016);נבא;2;23;ותקרבון אלי כלכם ותאמרו נשלחה אנשים לפנינו ויחפרו לנו את הארץ וישבו אתנו דבר את הדרך אשר נעלה בה ואת הערים אשר נבא אליהן
(232813, 66, 4);2;ב;251293;(5, 1, 24, 17, 251293);66032;(5, 1, 24, 4, 66032);ויבאו;3;4;ויפנו ויעלו ההרה ויבאו עד נחל אשכל וירגלו אתה
(232813, 66, 4);6;ו;251359;(5, 1, 25, 46, 251359);66047;(5, 1, 25, 10, 66047);ויאמרו;6;10;ויקחו בידם מפרי הארץ ויורדו אלינו וישבו אתנו דבר ויאמרו טובה הארץ אשר יהוה אלהינו נתן לנו
(232813, 66, 4);1;א;251425;(5, 1, 27, 8, 251425);66064;(5, 1, 27, 2, 66064);באהליכם;2;2;ותרגנו באהליכם ותאמרו בשנאת יהוה אתנו הוציאנו מארץ מצרים לתת אתנו ביד האמרי להשמידנו
(232813, 66, 4);5;ה;251491;(5, 1, 28, 3, 251491);66077;(5, 1, 28, 1, 66077);אנה;3;1;אנה אנחנו עלים אחינו המסו את לבבנו לאמר עם גדול ורם ממנו ערים גדלת ובצורת בשמים וגם בני ענקים ראינו שם
(232813, 66, 4);50;נ;251557;(5, 1, 28, 69, 251557);66094;(5, 1, 28, 18, 66094);בני;2;18;אנה אנחנו עלים אחינו המסו את לבבנו לאמר עם גדול ורם ממנו ערים גדלת ובצורת בשמים וגם בני ענקים ראינו שם
(232813, 66, 4);30;ל;251623;(5, 1, 30, 25, 251623);66110;(5, 1, 30, 6, 66110);ילחם;2;6;יהוה אלהיכם ההלך לפניכם הוא ילחם לכם ככל אשר עשה אתכם במצרים לעיניכם
(232813, 66, 4);300;ש;251689;(5, 1, 31, 35, 251689);66126;(5, 1, 31, 9, 66126);ישא;2;9;ובמדבר אשר ראית אשר נשאך יהוה אלהיך כאשר ישא איש את בנו בכל הדרך אשר הלכתם עד באכם עד המקום הזה
(232813, 66, 4);30;ל;251755;(5, 1, 32, 26, 251755);66144;(5, 1, 32, 6, 66144);אלהיכם;2;6;ובדבר הזה אינכם מאמינם ביהוה אלהיכם
(232813, 66, 4);50;ן;251821;(5, 1, 33, 62, 251821);66159;(5, 1, 33, 15, 66159);ובענן;5;15;ההלך לפניכם בדרך לתור לכם מקום לחנתכם באש לילה לראתכם בדרך אשר תלכו בה ובענן יומם
(232813, 66, 4);7;ז;251887;(5, 1, 35, 28, 251887);66176;(5, 1, 35, 8, 66176);הזה;2;8;אם יראה איש באנשים האלה הדור הרע הזה את הארץ הטובה אשר נשבעתי לתת לאבתיכם
(232813, 66, 4);1;א;251953;(5, 1, 36, 35, 251953);66194;(5, 1, 36, 11, 66194);אשר;1;11;זולתי כלב בן יפנה הוא יראנה ולו אתן את הארץ אשר דרך בה ולבניו יען אשר מלא אחרי יהוה
(232813, 66, 4);10;י;252019;(5, 1, 38, 1, 252019);66214;(5, 1, 38, 1, 66214);יהושע;1;1;יהושע בן נון העמד לפניך הוא יבא שמה אתו חזק כי הוא ינחלנה את ישראל
(232813, 66, 4);2;ב;252085;(5, 1, 39, 15, 252085);66232;(5, 1, 39, 4, 66232);לבז;2;4;וטפכם אשר אמרתם לבז יהיה ובניכם אשר לא ידעו היום טוב ורע המה יבאו שמה ולהם אתננה והם יירשוה
(232813, 66, 4);30;ל;252151;(5, 1, 40, 8, 252151);66250;(5, 1, 40, 3, 66250);לכם;1;3;ואתם פנו לכם וסעו המדברה דרך ים סוף
(232813, 66, 4);200;ר;252217;(5, 1, 41, 46, 252217);66265;(5, 1, 41, 10, 66265);אשר;3;10;ותענו ותאמרו אלי חטאנו ליהוה אנחנו נעלה ונלחמנו ככל אשר צונו יהוה אלהינו ותחגרו איש את כלי מלחמתו ותהינו לעלת ההרה
(232813, 66, 4);40;ם;252283;(5, 1, 42, 18, 252283);66281;(5, 1, 42, 5, 66281);להם;3;5;ויאמר יהוה אלי אמר להם לא תעלו ולא תלחמו כי אינני בקרבכם ולא תנגפו לפני איביכם
(232813, 66, 4);40;מ;252349;(5, 1, 43, 21, 252349);66297;(5, 1, 43, 5, 66297);ותמרו;3;5;ואדבר אליכם ולא שמעתם ותמרו את פי יהוה ותזדו ותעלו ההרה
(232813, 66, 4);400;ת;252415;(5, 1, 44, 42, 252415);66313;(5, 1, 44, 10, 66313);תעשינה;1;10;ויצא האמרי הישב בהר ההוא לקראתכם וירדפו אתכם כאשר תעשינה הדברים ויכתו אתכם בשעיר עד חרמה
(232813, 66, 4);30;ל;252481;(5, 1, 45, 35, 252481);66328;(5, 1, 45, 9, 66328);ולא;2;9;ותשבו ותבכו לפני יהוה ולא שמע יהוה בקלכם ולא האזין אליכם
(232813, 66, 4);300;ש;252547;(5, 2, 1, 25, 252547);66344;(5, 2, 1, 7, 66344);כאשר;3;7;ונפן ונסע המדברה דרך ים סוף כאשר דבר יהוה אלי ונסב את הר שעיר ימים רבים
(232813, 66, 4);30;ל;252613;(5, 2, 3, 19, 252613);66365;(5, 2, 3, 8, 66365);לכם;1;8;רב לכם סב את ההר הזה פנו לכם צפנה
(232813, 66, 4);40;מ;252679;(5, 2, 4, 60, 252679);66381;(5, 2, 4, 15, 66381);ונשמרתם;4;15;ואת העם צו לאמר אתם עברים בגבול אחיכם בני עשו הישבים בשעיר וייראו מכם ונשמרתם מאד
(232813, 66, 4);30;ל;252745;(5, 2, 6, 3, 252745);66402;(5, 2, 6, 1, 66402);אכל;3;1;אכל תשברו מאתם בכסף ואכלתם וגם מים תכרו מאתם בכסף ושתיתם
(232813, 66, 4);10;י;252811;(5, 2, 7, 23, 252811);66419;(5, 2, 7, 7, 66419);ידך;1;7;כי יהוה אלהיך ברכך בכל מעשה ידך ידע לכתך את המדבר הגדל הזה זה ארבעים שנה יהוה אלהיך עמך לא חסרת דבר
(232813, 66, 4);10;י;252877;(5, 2, 8, 11, 252877);66437;(5, 2, 8, 3, 66437);אחינו;3;3;ונעבר מאת אחינו בני עשו הישבים בשעיר מדרך הערבה מאילת ומעצין גבר ונפן ונעבר דרך מדבר מואב
(232813, 66, 4);40;מ;252943;(5, 2, 9, 4, 252943);66452;(5, 2, 9, 1, 66452);ויאמר;4;1;ויאמר יהוה אלי אל תצר את מואב ואל תתגר בם מלחמה כי לא אתן לך מארצו ירשה כי לבני לוט נתתי את ער ירשה
(232813, 66, 4);400;ת;253009;(5, 2, 9, 70, 253009);66473;(5, 2, 9, 22, 66473);את;2;22;ויאמר יהוה אלי אל תצר את מואב ואל תתגר בם מלחמה כי לא אתן לך מארצו ירשה כי לבני לוט נתתי את ער ירשה
(232813, 66, 4);10;י;253075;(5, 2, 11, 26, 253075);66490;(5, 2, 11, 6, 66490);והמאבים;6;6;רפאים יחשבו אף הם כענקים והמאבים יקראו להם אמים
(232813, 66, 4);400;ת;253141;(5, 2, 12, 53, 253141);66504;(5, 2, 12, 11, 66504);תחתם;1;11;ובשעיר ישבו החרים לפנים ובני עשו יירשום וישמידום מפניהם וישבו תחתם כאשר עשה ישראל לארץ ירשתו אשר נתן יהוה להם
(232813, 66, 4);400;ת;253207;(5, 2, 13, 29, 253207);66522;(5, 2, 13, 9, 66522);את;2;9;עתה קמו ועברו לכם את נחל זרד ונעבר את נחל זרד
(232813, 66, 4);5;ה;253273;(5, 2, 14, 60, 253273);66542;(5, 2, 14, 18, 66542);הדור;1;18;והימים אשר הלכנו מקדש ברנע עד אשר עברנו את נחל זרד שלשים ושמנה שנה עד תם כל הדור אנשי המלחמה מקרב המחנה כאשר נשבע יהוה להם
(232813, 66, 4);70;ע;253339;(5, 2, 15, 29, 253339);66559;(5, 2, 15, 9, 66559);עד;1;9;וגם יד יהוה היתה בם להמם מקרב המחנה עד תמם
(232813, 66, 4);400;ת;253405;(5, 2, 18, 12, 253405);66577;(5, 2, 18, 4, 66577);את;2;4;אתה עבר היום את גבול מואב את ער
(232813, 66, 4);5;ה;253471;(5, 2, 19, 54, 253471);66598;(5, 2, 19, 17, 66598);ירשה;4;17;וקרבת מול בני עמון אל תצרם ואל תתגר בם כי לא אתן מארץ בני עמון לך ירשה כי לבני לוט נתתיה ירשה
(232813, 66, 4);40;ם;253537;(5, 2, 20, 48, 253537);66615;(5, 2, 20, 12, 66615);להם;3;12;ארץ רפאים תחשב אף הוא רפאים ישבו בה לפנים והעמנים יקראו להם זמזמים
(232813, 66, 4);50;נ;253603;(5, 2, 22, 10, 253603);66630;(5, 2, 22, 3, 66630);לבני;3;3;כאשר עשה לבני עשו הישבים בשעיר אשר השמיד את החרי מפניהם ויירשם וישבו תחתם עד היום הזה
(232813, 66, 4);5;ה;253669;(5, 2, 23, 7, 253669);66646;(5, 2, 23, 2, 66646);הישבים;1;2;והעוים הישבים בחצרים עד עזה כפתרים היצאים מכפתר השמידם וישבו תחתם
(232813, 66, 4);1;א;253735;(5, 2, 24, 18, 253735);66661;(5, 2, 24, 6, 66661);ארנן;1;6;קומו סעו ועברו את נחל ארנן ראה נתתי בידך את סיחן מלך חשבון האמרי ואת ארצו החל רש והתגר בו מלחמה
(232813, 66, 4);8;ח;253801;(5, 2, 25, 9, 253801);66679;(5, 2, 25, 3, 66679);אחל;2;3;היום הזה אחל תת פחדך ויראתך על פני העמים תחת כל השמים אשר ישמעון שמעך ורגזו וחלו מפניך
(232813, 66, 4);40;מ;253867;(5, 2, 26, 6, 253867);66696;(5, 2, 26, 2, 66696);מלאכים;1;2;ואשלח מלאכים ממדבר קדמות אל סיחון מלך חשבון דברי שלום לאמר
(232813, 66, 4);1;א;253933;(5, 2, 27, 24, 253933);66712;(5, 2, 27, 7, 66712);אסור;1;7;אעברה בארצך בדרך בדרך אלך לא אסור ימין ושמאול
(232813, 66, 4);300;ש;253999;(5, 2, 29, 3, 253999);66727;(5, 2, 29, 1, 66727);כאשר;3;1;כאשר עשו לי בני עשו הישבים בשעיר והמואבים הישבים בער עד אשר אעבר את הירדן אל הארץ אשר יהוה אלהינו נתן לנו
(232813, 66, 4);10;י;254065;(5, 2, 29, 69, 254065);66745;(5, 2, 29, 19, 66745);יהוה;1;19;כאשר עשו לי בני עשו הישבים בשעיר והמואבים הישבים בער עד אשר אעבר את הירדן אל הארץ אשר יהוה אלהינו נתן לנו
(232813, 66, 4);90;ץ;254131;(5, 2, 30, 51, 254131);66762;(5, 2, 30, 14, 66762);ואמץ;4;14;ולא אבה סיחן מלך חשבון העברנו בו כי הקשה יהוה אלהיך את רוחו ואמץ את לבבו למען תתו בידך כיום הזה
(232813, 66, 4);8;ח;254197;(5, 2, 31, 42, 254197);66781;(5, 2, 31, 12, 66781);החל;2;12;ויאמר יהוה אלי ראה החלתי תת לפניך את סיחן ואת ארצו החל רש לרשת את ארצו
(232813, 66, 4);50;נ;254263;(5, 2, 33, 19, 254263);66797;(5, 2, 33, 4, 66797);לפנינו;3;4;ויתנהו יהוה אלהינו לפנינו ונך אתו ואת בנו ואת כל עמו
(232813, 66, 4);5;ה;254329;(5, 2, 34, 43, 254329);66817;(5, 2, 34, 13, 66817);והטף;2;13;ונלכד את כל עריו בעת ההוא ונחרם את כל עיר מתם והנשים והטף לא השארנו שריד
(232813, 66, 4);50;ן;254395;(5, 2, 36, 20, 254395);66834;(5, 2, 36, 6, 66834);ארנן;4;6;מערער אשר על שפת נחל ארנן והעיר אשר בנחל ועד הגלעד לא היתה קריה אשר שגבה ממנו את הכל נתן יהוה אלהינו לפנינו
(232813, 66, 4);200;ר;254461;(5, 2, 37, 1, 254461);66852;(5, 2, 37, 1, 66852);רק;1;1;רק אל ארץ בני עמון לא קרבת כל יד נחל יבק וערי ההר וכל אשר צוה יהוה אלהינו
(232813, 66, 4);20;ך;254527;(5, 3, 1, 11, 254527);66872;(5, 3, 1, 3, 66872);דרך;3;3;ונפן ונעל דרך הבשן ויצא עוג מלך הבשן לקראתנו הוא וכל עמו למלחמה אדרעי
(232813, 66, 4);6;ו;254593;(5, 3, 2, 21, 254593);66889;(5, 3, 2, 6, 66889);אתו;3;6;ויאמר יהוה אלי אל תירא אתו כי בידך נתתי אתו ואת כל עמו ואת ארצו ועשית לו כאשר עשית לסיחן מלך האמרי אשר יושב בחשבון
(232813, 66, 4);300;ש;254659;(5, 3, 2, 87, 254659);66908;(5, 3, 2, 25, 66908);בחשבון;3;25;ויאמר יהוה אלי אל תירא אתו כי בידך נתתי אתו ואת כל עמו ואת ארצו ועשית לו כאשר עשית לסיחן מלך האמרי אשר יושב בחשבון
(232813, 66, 4);4;ד;254725;(5, 3, 3, 63, 254725);66926;(5, 3, 3, 18, 66926);שריד;4;18;ויתן יהוה אלהינו בידנו גם את עוג מלך הבשן ואת כל עמו ונכהו עד בלתי השאיר לו שריד
(232813, 66, 4);70;ע;254791;(5, 3, 4, 66, 254791);66946;(5, 3, 4, 20, 66946);עוג;1;20;ונלכד את כל עריו בעת ההוא לא היתה קריה אשר לא לקחנו מאתם ששים עיר כל חבל ארגב ממלכת עוג בבשן
(232813, 66, 4);20;כ;254857;(5, 3, 6, 10, 254857);66963;(5, 3, 6, 3, 66963);כאשר;1;3;ונחרם אותם כאשר עשינו לסיחן מלך חשבון החרם כל עיר מתם הנשים והטף
(232813, 66, 4);50;נ;254923;(5, 3, 7, 24, 254923);66979;(5, 3, 7, 6, 66979);לנו;2;6;וכל הבהמה ושלל הערים בזונו לנו
(232813, 66, 4);50;נ;254989;(5, 3, 9, 4, 254989);66997;(5, 3, 9, 1, 66997);צידנים;4;1;צידנים יקראו לחרמון שרין והאמרי יקראו לו שניר
(232813, 66, 4);6;ו;255055;(5, 3, 10, 32, 255055);67014;(5, 3, 10, 10, 67014);ואדרעי;1;10;כל ערי המישר וכל הגלעד וכל הבשן עד סלכה ואדרעי ערי ממלכת עוג בבשן
(232813, 66, 4);5;ה;255121;(5, 3, 11, 46, 255121);67032;(5, 3, 11, 14, 67032);הוא;1;14;כי רק עוג מלך הבשן נשאר מיתר הרפאים הנה ערשו ערש ברזל הלה הוא ברבת בני עמון תשע אמות ארכה וארבע אמות רחבה באמת איש
(232813, 66, 4);6;ו;255187;(5, 3, 12, 22, 255187);67049;(5, 3, 12, 6, 67049);ההוא;3;6;ואת הארץ הזאת ירשנו בעת ההוא מערער אשר על נחל ארנן וחצי הר הגלעד ועריו נתתי לראובני ולגדי
(232813, 66, 4);50;ן;255253;(5, 3, 13, 16, 255253);67065;(5, 3, 13, 4, 67065);הבשן;4;4;ויתר הגלעד וכל הבשן ממלכת עוג נתתי לחצי שבט המנשה כל חבל הארגב לכל הבשן ההוא יקרא ארץ רפאים
(232813, 66, 4);300;ש;255319;(5, 3, 14, 9, 255319);67083;(5, 3, 14, 3, 67083);מנשה;3;3;יאיר בן מנשה לקח את כל חבל ארגב עד גבול הגשורי והמעכתי ויקרא אתם על שמו את הבשן חות יאיר עד היום הזה
(232813, 66, 4);40;ם;255385;(5, 3, 14, 75, 255385);67102;(5, 3, 14, 22, 67102);היום;4;22;יאיר בן מנשה לקח את כל חבל ארגב עד גבול הגשורי והמעכתי ויקרא אתם על שמו את הבשן חות יאיר עד היום הזה
(232813, 66, 4);6;ו;255451;(5, 3, 16, 46, 255451);67119;(5, 3, 16, 12, 67119);ועד;1;12;ולראובני ולגדי נתתי מן הגלעד ועד נחל ארנן תוך הנחל וגבל ועד יבק הנחל גבול בני עמון
(232813, 66, 4);80;פ;255517;(5, 3, 17, 46, 255517);67136;(5, 3, 17, 12, 67136);הפסגה;2;12;והערבה והירדן וגבל מכנרת ועד ים הערבה ים המלח תחת אשדת הפסגה מזרחה
(232813, 66, 4);70;ע;255583;(5, 3, 18, 58, 255583);67152;(5, 3, 18, 15, 67152);תעברו;2;15;ואצו אתכם בעת ההוא לאמר יהוה אלהיכם נתן לכם את הארץ הזאת לרשתה חלוצים תעברו לפני אחיכם בני ישראל כל בני חיל
(232813, 66, 4);6;ו;255649;(5, 3, 19, 38, 255649);67169;(5, 3, 19, 10, 67169);ישבו;4;10;רק נשיכם וטפכם ומקנכם ידעתי כי מקנה רב לכם ישבו בעריכם אשר נתתי לכם
(232813, 66, 4);40;ם;255715;(5, 3, 20, 50, 255715);67187;(5, 3, 20, 14, 67187);אלהיכם;6;14;עד אשר יניח יהוה לאחיכם ככם וירשו גם הם את הארץ אשר יהוה אלהיכם נתן להם בעבר הירדן ושבתם איש לירשתו אשר נתתי לכם
(232813, 66, 4);10;י;255781;(5, 3, 21, 27, 255781);67204;(5, 3, 21, 7, 67204);עיניך;2;7;ואת יהושוע צויתי בעת ההוא לאמר עיניך הראת את כל אשר עשה יהוה אלהיכם לשני המלכים האלה כן יעשה יהוה לכל הממלכות אשר אתה עבר שמה
(232813, 66, 4);400;ת;255847;(5, 3, 21, 93, 255847);67221;(5, 3, 21, 24, 67221);אתה;2;24;ואת יהושוע צויתי בעת ההוא לאמר עיניך הראת את כל אשר עשה יהוה אלהיכם לשני המלכים האלה כן יעשה יהוה לכל הממלכות אשר אתה עבר שמה
(232813, 66, 4);10;י;255913;(5, 3, 24, 5, 255913);67239;(5, 3, 24, 2, 67239);יהוה;1;2;אדני יהוה אתה החלות להראות את עבדך את גדלך ואת ידך החזקה אשר מי אל בשמים ובארץ אשר יעשה כמעשיך וכגבורתך
(232813, 66, 4);40;מ;255979;(5, 3, 24, 71, 255979);67257;(5, 3, 24, 20, 67257);כמעשיך;2;20;אדני יהוה אתה החלות להראות את עבדך את גדלך ואת ידך החזקה אשר מי אל בשמים ובארץ אשר יעשה כמעשיך וכגבורתך
(232813, 66, 4);400;ת;256045;(5, 3, 26, 3, 256045);67272;(5, 3, 26, 1, 67272);ויתעבר;3;1;ויתעבר יהוה בי למענכם ולא שמע אלי ויאמר יהוה אלי רב לך אל תוסף דבר אלי עוד בדבר הזה
(232813, 66, 4);200;ר;256111;(5, 3, 27, 4, 256111);67292;(5, 3, 27, 2, 67292);ראש;1;2;עלה ראש הפסגה ושא עיניך ימה וצפנה ותימנה ומזרחה וראה בעיניך כי לא תעבר את הירדן הזה
(232813, 66, 4);6;ו;256177;(5, 3, 28, 3, 256177);67308;(5, 3, 28, 1, 67308);וצו;3;1;וצו את יהושע וחזקהו ואמצהו כי הוא יעבר לפני העם הזה והוא ינחיל אותם את הארץ אשר תראה
(232813, 66, 4);50;נ;256243;(5, 3, 29, 2, 256243);67326;(5, 3, 29, 1, 67326);ונשב;2;1;ונשב בגיא מול בית פעור
(232813, 66, 4);30;ל;256309;(5, 4, 1, 50, 256309);67343;(5, 4, 1, 13, 67343);למען;1;13;ועתה ישראל שמע אל החקים ואל המשפטים אשר אנכי מלמד אתכם לעשות למען תחיו ובאתם וירשתם את הארץ אשר יהוה אלהי אבתיכם נתן לכם
(232813, 66, 4);10;י;256375;(5, 4, 2, 19, 256375);67360;(5, 4, 2, 6, 67360);אנכי;4;6;לא תספו על הדבר אשר אנכי מצוה אתכם ולא תגרעו ממנו לשמר את מצות יהוה אלהיכם אשר אנכי מצוה אתכם
(232813, 66, 4);400;ת;256441;(5, 4, 3, 11, 256441);67376;(5, 4, 3, 2, 67376);הראות;5;2;עיניכם הראות את אשר עשה יהוה בבעל פעור כי כל האיש אשר הלך אחרי בעל פעור השמידו יהוה אלהיך מקרבך
(232813, 66, 4);6;ו;256507;(5, 4, 4, 1, 256507);67395;(5, 4, 4, 1, 67395);ואתם;1;1;ואתם הדבקים ביהוה אלהיכם חיים כלכם היום
(232813, 66, 4);6;ו;256573;(5, 4, 5, 34, 256573);67409;(5, 4, 5, 8, 67409);יהוה;3;8;ראה למדתי אתכם חקים ומשפטים כאשר צוני יהוה אלהי לעשות כן בקרב הארץ אשר אתם באים שמה לרשתה
(232813, 66, 4);400;ת;256639;(5, 4, 6, 28, 256639);67425;(5, 4, 6, 6, 67425);ובינתכם;5;6;ושמרתם ועשיתם כי הוא חכמתכם ובינתכם לעיני העמים אשר ישמעון את כל החקים האלה ואמרו רק עם חכם ונבון הגוי הגדול הזה
(232813, 66, 4);40;מ;256705;(5, 4, 7, 3, 256705);67443;(5, 4, 7, 2, 67443);מי;1;2;כי מי גוי גדול אשר לו אלהים קרבים אליו כיהוה אלהינו בכל קראנו אליו
(232813, 66, 4);8;ח;256771;(5, 4, 8, 16, 256771);67461;(5, 4, 8, 6, 67461);חקים;1;6;ומי גוי גדול אשר לו חקים ומשפטים צדיקם ככל התורה הזאת אשר אנכי נתן לפניכם היום
(232813, 66, 4);4;ד;256837;(5, 4, 9, 19, 256837);67477;(5, 4, 9, 6, 67477);מאד;3;6;רק השמר לך ושמר נפשך מאד פן תשכח את הדברים אשר ראו עיניך ופן יסורו מלבבך כל ימי חייך והודעתם לבניך ולבני בניך
(232813, 66, 4);50;נ;256903;(5, 4, 9, 85, 256903);67494;(5, 4, 9, 23, 67494);בניך;2;23;רק השמר לך ושמר נפשך מאד פן תשכח את הדברים אשר ראו עיניך ופן יסורו מלבבך כל ימי חייך והודעתם לבניך ולבני בניך
(232813, 66, 4);200;ר;256969;(5, 4, 10, 64, 256969);67512;(5, 4, 10, 18, 67512);אשר;3;18;יום אשר עמדת לפני יהוה אלהיך בחרב באמר יהוה אלי הקהל לי את העם ואשמעם את דברי אשר ילמדון ליראה אתי כל הימים אשר הם חיים על האדמה ואת בניהם ילמדון
(232813, 66, 4);400;ת;257035;(5, 4, 11, 15, 257035);67528;(5, 4, 11, 3, 67528);תחת;1;3;ותקרבון ותעמדון תחת ההר וההר בער באש עד לב השמים חשך ענן וערפל
(232813, 66, 4);400;ת;257101;(5, 4, 12, 31, 257101);67546;(5, 4, 12, 8, 67546);אתם;2;8;וידבר יהוה אליכם מתוך האש קול דברים אתם שמעים ותמונה אינכם ראים זולתי קול
(232813, 66, 4);200;ר;257167;(5, 4, 13, 37, 257167);67562;(5, 4, 13, 10, 67562);הדברים;4;10;ויגד לכם את בריתו אשר צוה אתכם לעשות עשרת הדברים ויכתבם על שני לחות אבנים
(232813, 66, 4);1;א;257233;(5, 4, 14, 44, 257233);67578;(5, 4, 14, 11, 67578);אתם;1;11;ואתי צוה יהוה בעת ההוא ללמד אתכם חקים ומשפטים לעשתכם אתם בארץ אשר אתם עברים שמה לרשתה
(232813, 66, 4);200;ר;257299;(5, 4, 15, 41, 257299);67594;(5, 4, 15, 10, 67594);דבר;3;10;ונשמרתם מאד לנפשתיכם כי לא ראיתם כל תמונה ביום דבר יהוה אליכם בחרב מתוך האש
(232813, 66, 4);2;ב;257365;(5, 4, 17, 2, 257365);67612;(5, 4, 17, 1, 67612);תבנית;2;1;תבנית כל בהמה אשר בארץ תבנית כל צפור כנף אשר תעוף בשמים
(232813, 66, 4);3;ג;257431;(5, 4, 18, 24, 257431);67630;(5, 4, 18, 7, 67630);דגה;2;7;תבנית כל רמש באדמה תבנית כל דגה אשר במים מתחת לארץ
(232813, 66, 4);1;א;257497;(5, 4, 19, 50, 257497);67647;(5, 4, 19, 13, 67647);צבא;3;13;ופן תשא עיניך השמימה וראית את השמש ואת הירח ואת הכוכבים כל צבא השמים ונדחת והשתחוית להם ועבדתם אשר חלק יהוה אלהיך אתם לכל העמים תחת כל השמים
(232813, 66, 4);400;ת;257563;(5, 4, 20, 3, 257563);67663;(5, 4, 20, 1, 67663);ואתכם;3;1;ואתכם לקח יהוה ויוצא אתכם מכור הברזל ממצרים להיות לו לעם נחלה כיום הזה
(232813, 66, 4);10;י;257629;(5, 4, 21, 12, 257629);67679;(5, 4, 21, 3, 67679);בי;2;3;ויהוה התאנף בי על דבריכם וישבע לבלתי עברי את הירדן ולבלתי בא אל הארץ הטובה אשר יהוה אלהיך נתן לך נחלה
(232813, 66, 4);50;נ;257695;(5, 4, 21, 78, 257695);67697;(5, 4, 21, 21, 67697);נחלה;1;21;ויהוה התאנף בי על דבריכם וישבע לבלתי עברי את הירדן ולבלתי בא אל הארץ הטובה אשר יהוה אלהיך נתן לך נחלה
(232813, 66, 4);300;ש;257761;(5, 4, 23, 2, 257761);67714;(5, 4, 23, 1, 67714);השמרו;2;1;השמרו לכם פן תשכחו את ברית יהוה אלהיכם אשר כרת עמכם ועשיתם לכם פסל תמונת כל אשר צוך יהוה אלהיך
(232813, 66, 4);5;ה;257827;(5, 4, 23, 68, 257827);67732;(5, 4, 23, 19, 67732);יהוה;2;19;השמרו לכם פן תשכחו את ברית יהוה אלהיכם אשר כרת עמכם ועשיתם לכם פסל תמונת כל אשר צוך יהוה אלהיך
(232813, 66, 4);8;ח;257893;(5, 4, 25, 34, 257893);67749;(5, 4, 25, 8, 67749);והשחתם;4;8;כי תוליד בנים ובני בנים ונושנתם בארץ והשחתם ועשיתם פסל תמונת כל ועשיתם הרע בעיני יהוה אלהיך להכעיסו
(232813, 66, 4);40;מ;257959;(5, 4, 26, 18, 257959);67764;(5, 4, 26, 5, 67764);השמים;3;5;העידתי בכם היום את השמים ואת הארץ כי אבד תאבדון מהר מעל הארץ אשר אתם עברים את הירדן שמה לרשתה לא תאריכן ימים עליה כי השמד תשמדון
(232813, 66, 4);40;מ;258025;(5, 4, 26, 84, 258025);67782;(5, 4, 26, 23, 67782);ימים;2;23;העידתי בכם היום את השמים ואת הארץ כי אבד תאבדון מהר מעל הארץ אשר אתם עברים את הירדן שמה לרשתה לא תאריכן ימים עליה כי השמד תשמדון
(232813, 66, 4);5;ה;258091;(5, 4, 27, 48, 258091);67797;(5, 4, 27, 11, 67797);יהוה;4;11;והפיץ יהוה אתכם בעמים ונשארתם מתי מספר בגוים אשר ינהג יהוה אתכם שמה
(232813, 66, 4);30;ל;258157;(5, 4, 28, 59, 258157);67815;(5, 4, 28, 16, 67815);ולא;2;16;ועבדתם שם אלהים מעשה ידי אדם עץ ואבן אשר לא יראון ולא ישמעון ולא יאכלון ולא יריחן
(232813, 66, 4);20;כ;258223;(5, 4, 30, 12, 258223);67832;(5, 4, 30, 4, 67832);כל;1;4;בצר לך ומצאוך כל הדברים האלה באחרית הימים ושבת עד יהוה אלהיך ושמעת בקלו
(232813, 66, 4);10;י;258289;(5, 4, 31, 20, 258289);67849;(5, 4, 31, 7, 67849);ירפך;1;7;כי אל רחום יהוה אלהיך לא ירפך ולא ישחיתך ולא ישכח את ברית אבתיך אשר נשבע להם
(232813, 66, 4);80;פ;258355;(5, 4, 32, 26, 258355);67867;(5, 4, 32, 8, 67867);לפניך;2;8;כי שאל נא לימים ראשנים אשר היו לפניך למן היום אשר ברא אלהים אדם על הארץ ולמקצה השמים ועד קצה השמים הנהיה כדבר הגדול הזה או הנשמע כמהו
(232813, 66, 4);30;ל;258421;(5, 4, 32, 92, 258421);67883;(5, 4, 32, 24, 67883);הגדול;5;24;כי שאל נא לימים ראשנים אשר היו לפניך למן היום אשר ברא אלהים אדם על הארץ ולמקצה השמים ועד קצה השמים הנהיה כדבר הגדול הזה או הנשמע כמהו
(232813, 66, 4);30;ל;258487;(5, 4, 34, 12, 258487);67902;(5, 4, 34, 4, 67902);לבוא;1;4;או הנסה אלהים לבוא לקחת לו גוי מקרב גוי במסת באתת ובמופתים ובמלחמה וביד חזקה ובזרוע נטויה ובמוראים גדלים ככל אשר עשה לכם יהוה אלהיכם במצרים לעיניך
(232813, 66, 4);200;ר;258553;(5, 4, 34, 78, 258553);67916;(5, 4, 34, 18, 67916);ובמוראים;5;18;או הנסה אלהים לבוא לקחת לו גוי מקרב גוי במסת באתת ובמופתים ובמלחמה וביד חזקה ובזרוע נטויה ובמוראים גדלים ככל אשר עשה לכם יהוה אלהיכם במצרים לעיניך
(232813, 66, 4);5;ה;258619;(5, 4, 35, 24, 258619);67932;(5, 4, 35, 7, 67932);האלהים;4;7;אתה הראת לדעת כי יהוה הוא האלהים אין עוד מלבדו
(232813, 66, 4);40;מ;258685;(5, 4, 36, 53, 258685);67949;(5, 4, 36, 14, 67949);שמעת;2;14;מן השמים השמיעך את קלו ליסרך ועל הארץ הראך את אשו הגדולה ודבריו שמעת מתוך האש
(232813, 66, 4);30;ל;258751;(5, 4, 38, 1, 258751);67965;(5, 4, 38, 1, 67965);להוריש;1;1;להוריש גוים גדלים ועצמים ממך מפניך להביאך לתת לך את ארצם נחלה כיום הזה
(232813, 66, 4);6;ו;258817;(5, 4, 39, 10, 258817);67981;(5, 4, 39, 3, 67981);והשבת;1;3;וידעת היום והשבת אל לבבך כי יהוה הוא האלהים בשמים ממעל ועל הארץ מתחת אין עוד
(232813, 66, 4);40;מ;258883;(5, 4, 40, 15, 258883);67999;(5, 4, 40, 5, 67999);מצותיו;1;5;ושמרת את חקיו ואת מצותיו אשר אנכי מצוך היום אשר ייטב לך ולבניך אחריך ולמען תאריך ימים על האדמה אשר יהוה אלהיך נתן לך כל הימים
(232813, 66, 4);5;ה;258949;(5, 4, 40, 81, 258949);68015;(5, 4, 40, 21, 68015);יהוה;2;21;ושמרת את חקיו ואת מצותיו אשר אנכי מצוך היום אשר ייטב לך ולבניך אחריך ולמען תאריך ימים על האדמה אשר יהוה אלהיך נתן לך כל הימים
(232813, 66, 4);200;ר;259015;(5, 4, 42, 13, 259015);68033;(5, 4, 42, 4, 68033);אשר;3;4;לנס שמה רוצח אשר ירצח את רעהו בבלי דעת והוא לא שנא לו מתמל שלשם ונס אל אחת מן הערים האל וחי
(232813, 66, 4);2;ב;259081;(5, 4, 43, 9, 259081);68054;(5, 4, 43, 3, 68054);במדבר;4;3;את בצר במדבר בארץ המישר לראובני ואת ראמת בגלעד לגדי ואת גולן בבשן למנשי
(232813, 66, 4);5;ה;259147;(5, 4, 44, 17, 259147);68070;(5, 4, 44, 5, 68070);משה;3;5;וזאת התורה אשר שם משה לפני בני ישראל
(232813, 66, 4);2;ב;259213;(5, 4, 46, 3, 259213);68086;(5, 4, 46, 1, 68086);בעבר;3;1;בעבר הירדן בגיא מול בית פעור בארץ סיחן מלך האמרי אשר יושב בחשבון אשר הכה משה ובני ישראל בצאתם ממצרים
(232813, 66, 4);1;א;259279;(5, 4, 46, 69, 259279);68103;(5, 4, 46, 18, 68103);ישראל;4;18;בעבר הירדן בגיא מול בית פעור בארץ סיחן מלך האמרי אשר יושב בחשבון אשר הכה משה ובני ישראל בצאתם ממצרים
(232813, 66, 4);7;ז;259345;(5, 4, 47, 54, 259345);68120;(5, 4, 47, 15, 68120);מזרח;2;15;ויירשו את ארצו ואת ארץ עוג מלך הבשן שני מלכי האמרי אשר בעבר הירדן מזרח שמש
(232813, 66, 4);4;ד;259411;(5, 4, 49, 24, 259411);68138;(5, 4, 49, 6, 68138);ועד;3;6;וכל הערבה עבר הירדן מזרחה ועד ים הערבה תחת אשדת הפסגה
(232813, 66, 4);300;ש;259477;(5, 5, 1, 47, 259477);68156;(5, 5, 1, 13, 68156);המשפטים;3;13;ויקרא משה אל כל ישראל ויאמר אלהם שמע ישראל את החקים ואת המשפטים אשר אנכי דבר באזניכם היום ולמדתם אתם ושמרתם לעשתם
(232813, 66, 4);400;ת;259543;(5, 5, 2, 21, 259543);68170;(5, 5, 2, 5, 68170);ברית;4;5;יהוה אלהינו כרת עמנו ברית בחרב
(232813, 66, 4);80;פ;259609;(5, 5, 4, 6, 259609);68189;(5, 5, 4, 2, 68189);בפנים;2;2;פנים בפנים דבר יהוה עמכם בהר מתוך האש
(232813, 66, 4);10;י;259675;(5, 5, 5, 42, 259675);68207;(5, 5, 5, 12, 68207);יהוה;1;12;אנכי עמד בין יהוה וביניכם בעת ההוא להגיד לכם את דבר יהוה כי יראתם מפני האש ולא עליתם בהר לאמר
(232813, 66, 4);2;ב;259741;(5, 5, 6, 34, 259741);68223;(5, 5, 6, 8, 68223);מבית;2;8;אנכי יהוה אלהיך אשר הוצאתיך מארץ מצרים מבית עבדים
(232813, 66, 4);1;א;259807;(5, 5, 8, 36, 259807);68242;(5, 5, 8, 11, 68242);בארץ;2;11;לא תעשה לך פסל כל תמונה אשר בשמים ממעל ואשר בארץ מתחת ואשר במים מתחת לארץ
(232813, 66, 4);6;ו;259873;(5, 5, 9, 44, 259873);68260;(5, 5, 9, 13, 68260);עון;2;13;לא תשתחוה להם ולא תעבדם כי אנכי יהוה אלהיך אל קנא פקד עון אבות על בנים ועל שלשים ועל רבעים לשנאי
(232813, 66, 4);1;א;259939;(5, 5, 11, 5, 259939);68276;(5, 5, 11, 2, 68276);תשא;3;2;לא תשא את שם יהוה אלהיך לשוא כי לא ינקה יהוה את אשר ישא את שמו לשוא
(232813, 66, 4);1;א;260005;(5, 5, 12, 20, 260005);68297;(5, 5, 12, 6, 68297);כאשר;2;6;שמור את יום השבת לקדשו כאשר צוך יהוה אלהיך
(232813, 66, 4);300;ש;260071;(5, 5, 14, 28, 260071);68313;(5, 5, 14, 7, 68313);תעשה;3;7;ויום השביעי שבת ליהוה אלהיך לא תעשה כל מלאכה אתה ובנך ובתך ועבדך ואמתך ושורך וחמרך וכל בהמתך וגרך אשר בשעריך למען ינוח עבדך ואמתך כמוך
(232813, 66, 4);50;נ;260137;(5, 5, 14, 94, 260137);68329;(5, 5, 14, 23, 68329);ינוח;2;23;ויום השביעי שבת ליהוה אלהיך לא תעשה כל מלאכה אתה ובנך ובתך ועבדך ואמתך ושורך וחמרך וכל בהמתך וגרך אשר בשעריך למען ינוח עבדך ואמתך כמוך
(232813, 66, 4);200;ר;260203;(5, 5, 15, 51, 260203);68345;(5, 5, 15, 13, 68345);ובזרע;4;13;וזכרת כי עבד היית בארץ מצרים ויצאך יהוה אלהיך משם ביד חזקה ובזרע נטויה על כן צוך יהוה אלהיך לעשות את יום השבת
(232813, 66, 4);10;י;260269;(5, 5, 16, 30, 260269);68364;(5, 5, 16, 9, 68364);אלהיך;4;9;כבד את אביך ואת אמך כאשר צוך יהוה אלהיך למען יאריכן ימיך ולמען ייטב לך על האדמה אשר יהוה אלהיך נתן לך
(232813, 66, 4);1;א;260335;(5, 5, 17, 16, 260335);68382;(5, 5, 17, 5, 68382);ולא;3;5;לא תרצח ולא תנאף ולא תגנב ולא תענה ברעך עד שוא
(232813, 66, 4);6;ו;260401;(5, 5, 18, 46, 260401);68401;(5, 5, 18, 13, 68401);וחמרו;1;13;ולא תחמד אשת רעך ולא תתאוה בית רעך שדהו ועבדו ואמתו שורו וחמרו וכל אשר לרעך
(232813, 66, 4);3;ג;260467;(5, 5, 19, 52, 260467);68419;(5, 5, 19, 15, 68419);גדול;1;15;את הדברים האלה דבר יהוה אל כל קהלכם בהר מתוך האש הענן והערפל קול גדול ולא יסף ויכתבם על שני לחת אבנים ויתנם אלי
(232813, 66, 4);70;ע;260533;(5, 5, 20, 30, 260533);68436;(5, 5, 20, 8, 68436);בער;2;8;ויהי כשמעכם את הקול מתוך החשך וההר בער באש ותקרבון אלי כל ראשי שבטיכם וזקניכם
(232813, 66, 4);3;ג;260599;(5, 5, 21, 33, 260599);68452;(5, 5, 21, 9, 68452);גדלו;1;9;ותאמרו הן הראנו יהוה אלהינו את כבדו ואת גדלו ואת קלו שמענו מתוך האש היום הזה ראינו כי ידבר אלהים את האדם וחי
(232813, 66, 4);10;י;260665;(5, 5, 22, 13, 260665);68470;(5, 5, 22, 4, 68470);כי;2;4;ועתה למה נמות כי תאכלנו האש הגדלה הזאת אם יספים אנחנו לשמע את קול יהוה אלהינו עוד ומתנו
(232813, 66, 4);200;ר;260731;(5, 5, 23, 9, 260731);68488;(5, 5, 23, 4, 68488);בשר;3;4;כי מי כל בשר אשר שמע קול אלהים חיים מדבר מתוך האש כמנו ויחי
(232813, 66, 4);10;י;260797;(5, 5, 24, 29, 260797);68507;(5, 5, 24, 9, 68507);אלהינו;4;9;קרב אתה ושמע את כל אשר יאמר יהוה אלהינו ואת תדבר אלינו את כל אשר ידבר יהוה אלהינו אליך ושמענו ועשינו
(232813, 66, 4);4;ד;260863;(5, 5, 25, 15, 260863);68524;(5, 5, 25, 5, 68524);דבריכם;1;5;וישמע יהוה את קול דבריכם בדברכם אלי ויאמר יהוה אלי שמעתי את קול דברי העם הזה אשר דברו אליך היטיבו כל אשר דברו
(232813, 66, 4);1;א;260929;(5, 5, 25, 81, 260929);68541;(5, 5, 25, 22, 68541);אשר;1;22;וישמע יהוה את קול דבריכם בדברכם אלי ויאמר יהוה אלי שמעתי את קול דברי העם הזה אשר דברו אליך היטיבו כל אשר דברו
(232813, 66, 4);30;ל;260995;(5, 5, 26, 60, 260995);68560;(5, 5, 26, 18, 68560);ולבניהם;2;18;מי יתן והיה לבבם זה להם ליראה אתי ולשמר את כל מצותי כל הימים למען ייטב להם ולבניהם לעלם
(232813, 66, 4);8;ח;261061;(5, 5, 28, 35, 261061);68577;(5, 5, 28, 10, 68577);והחקים;3;10;ואתה פה עמד עמדי ואדברה אליך את כל המצוה והחקים והמשפטים אשר תלמדם ועשו בארץ אשר אנכי נתן להם לרשתה
(232813, 66, 4);6;ו;261127;(5, 5, 29, 21, 261127);68592;(5, 5, 29, 5, 68592);יהוה;3;5;ושמרתם לעשות כאשר צוה יהוה אלהיכם אתכם לא תסרו ימין ושמאל
(232813, 66, 4);50;ן;261193;(5, 5, 30, 40, 261193);68608;(5, 5, 30, 10, 68608);תחיון;5;10;בכל הדרך אשר צוה יהוה אלהיכם אתכם תלכו למען תחיון וטוב לכם והארכתם ימים בארץ אשר תירשון
(232813, 66, 4);5;ה;261259;(5, 6, 1, 35, 261259);68623;(5, 6, 1, 8, 68623);אלהיכם;3;8;וזאת המצוה החקים והמשפטים אשר צוה יהוה אלהיכם ללמד אתכם לעשות בארץ אשר אתם עברים שמה לרשתה
(232813, 66, 4);30;ל;261325;(5, 6, 2, 27, 261325);68640;(5, 6, 2, 8, 68640);כל;2;8;למען תירא את יהוה אלהיך לשמר את כל חקתיו ומצותיו אשר אנכי מצוך אתה ובנך ובן בנך כל ימי חייך ולמען יארכן ימיך
(232813, 66, 4);300;ש;261391;(5, 6, 3, 7, 261391);68657;(5, 6, 3, 2, 68657);ישראל;2;2;ושמעת ישראל ושמרת לעשות אשר ייטב לך ואשר תרבון מאד כאשר דבר יהוה אלהי אבתיך לך ארץ זבת חלב ודבש
(232813, 66, 4);6;ו;261457;(5, 6, 3, 73, 261457);68675;(5, 6, 3, 20, 68675);ודבש;1;20;ושמעת ישראל ושמרת לעשות אשר ייטב לך ואשר תרבון מאד כאשר דבר יהוה אלהי אבתיך לך ארץ זבת חלב ודבש
(232813, 66, 4);4;ד;261523;(5, 6, 5, 38, 261523);68691;(5, 6, 5, 10, 68691);מאדך;3;10;ואהבת את יהוה אלהיך בכל לבבך ובכל נפשך ובכל מאדך
(232813, 66, 4);2;ב;261589;(5, 6, 7, 30, 261589);68707;(5, 6, 7, 7, 68707);ובלכתך;2;7;ושננתם לבניך ודברת בם בשבתך בביתך ובלכתך בדרך ובשכבך ובקומך
(232813, 66, 4);2;ב;261655;(5, 6, 9, 14, 261655);68722;(5, 6, 9, 4, 68722);ביתך;1;4;וכתבתם על מזזות ביתך ובשעריך
(232813, 66, 4);2;ב;261721;(5, 6, 10, 56, 261721);68736;(5, 6, 10, 13, 68736);וליעקב;6;13;והיה כי יביאך יהוה אלהיך אל הארץ אשר נשבע לאבתיך לאברהם ליצחק וליעקב לתת לך ערים גדלת וטבת אשר לא בנית
(232813, 66, 4);8;ח;261787;(5, 6, 11, 40, 261787);68756;(5, 6, 11, 12, 68756);חצבת;1;12;ובתים מלאים כל טוב אשר לא מלאת וברת חצובים אשר לא חצבת כרמים וזיתים אשר לא נטעת ואכלת ושבעת
(232813, 66, 4);90;צ;261853;(5, 6, 12, 33, 261853);68773;(5, 6, 12, 10, 68773);מצרים;2;10;השמר לך פן תשכח את יהוה אשר הוציאך מארץ מצרים מבית עבדים
(232813, 66, 4);40;מ;261919;(5, 6, 14, 22, 261919);68789;(5, 6, 14, 6, 68789);מאלהי;1;6;לא תלכון אחרי אלהים אחרים מאלהי העמים אשר סביבותיכם
(232813, 66, 4);10;י;261985;(5, 6, 15, 45, 261985);68805;(5, 6, 15, 13, 68805);והשמידך;5;13;כי אל קנא יהוה אלהיך בקרבך פן יחרה אף יהוה אלהיך בך והשמידך מעל פני האדמה
(232813, 66, 4);30;ל;262051;(5, 6, 17, 22, 262051);68822;(5, 6, 17, 6, 68822);אלהיכם;2;6;שמור תשמרון את מצות יהוה אלהיכם ועדתיו וחקיו אשר צוך
(232813, 66, 4);5;ה;262117;(5, 6, 18, 45, 262117);68838;(5, 6, 18, 12, 68838);הארץ;1;12;ועשית הישר והטוב בעיני יהוה למען ייטב לך ובאת וירשת את הארץ הטבה אשר נשבע יהוה לאבתיך
(232813, 66, 4);200;ר;262183;(5, 6, 20, 13, 262183);68855;(5, 6, 20, 4, 68855);מחר;3;4;כי ישאלך בנך מחר לאמר מה העדת והחקים והמשפטים אשר צוה יהוה אלהינו אתכם
(232813, 66, 4);200;ר;262249;(5, 6, 21, 22, 262249);68870;(5, 6, 21, 5, 68870);לפרעה;3;5;ואמרת לבנך עבדים היינו לפרעה במצרים ויציאנו יהוה ממצרים ביד חזקה
(232813, 66, 4);40;ם;262315;(5, 6, 22, 34, 262315);68883;(5, 6, 22, 7, 68883);במצרים;6;7;ויתן יהוה אותת ומפתים גדלים ורעים במצרים בפרעה ובכל ביתו לעינינו
(232813, 66, 4);30;ל;262381;(5, 6, 23, 46, 262381);68900;(5, 6, 23, 13, 68900);לאבתינו;1;13;ואותנו הוציא משם למען הביא אתנו לתת לנו את הארץ אשר נשבע לאבתינו
(232813, 66, 4);30;ל;262447;(5, 6, 24, 60, 262447);68916;(5, 6, 24, 16, 68916);לחיתנו;1;16;ויצונו יהוה לעשות את כל החקים האלה ליראה את יהוה אלהינו לטוב לנו כל הימים לחיתנו כהיום הזה
(232813, 66, 4);300;ש;262513;(5, 6, 25, 53, 262513);68932;(5, 6, 25, 14, 68932);כאשר;3;14;וצדקה תהיה לנו כי נשמר לעשות את כל המצוה הזאת לפני יהוה אלהינו כאשר צונו
(232813, 66, 4);5;ה;262579;(5, 7, 1, 61, 262579);68950;(5, 7, 1, 17, 68950);והגרגשי;2;17;כי יביאך יהוה אלהיך אל הארץ אשר אתה בא שמה לרשתה ונשל גוים רבים מפניך החתי והגרגשי והאמרי והכנעני והפרזי והחוי והיבוסי שבעה גוים רבים ועצומים ממך
(232813, 66, 4);6;ו;262645;(5, 7, 2, 8, 262645);68962;(5, 7, 2, 2, 68962);יהוה;3;2;ונתנם יהוה אלהיך לפניך והכיתם החרם תחרים אתם לא תכרת להם ברית ולא תחנם
(232813, 66, 4);400;ת;262711;(5, 7, 3, 17, 262711);68980;(5, 7, 3, 6, 68980);תתן;2;6;ולא תתחתן בם בתך לא תתן לבנו ובתו לא תקח לבנך
(232813, 66, 4);40;מ;262777;(5, 7, 4, 48, 262777);68998;(5, 7, 4, 13, 68998);והשמידך;4;13;כי יסיר את בנך מאחרי ועבדו אלהים אחרים וחרה אף יהוה בכם והשמידך מהר
(232813, 66, 4);200;ר;262843;(5, 7, 5, 60, 262843);69012;(5, 7, 5, 13, 69012);תשרפון;3;13;כי אם כה תעשו להם מזבחתיהם תתצו ומצבתם תשברו ואשירהם תגדעון ופסיליהם תשרפון באש
(232813, 66, 4);200;ר;262909;(5, 7, 6, 60, 262909);69030;(5, 7, 6, 17, 69030);אשר;3;17;כי עם קדוש אתה ליהוה אלהיך בך בחר יהוה אלהיך להיות לו לעם סגלה מכל העמים אשר על פני האדמה
(232813, 66, 4);2;ב;262975;(5, 7, 8, 6, 262975);69049;(5, 7, 8, 2, 69049);מאהבת;4;2;כי מאהבת יהוה אתכם ומשמרו את השבעה אשר נשבע לאבתיכם הוציא יהוה אתכם ביד חזקה ויפדך מבית עבדים מיד פרעה מלך מצרים
(232813, 66, 4);70;ע;263041;(5, 7, 8, 72, 263041);69065;(5, 7, 8, 18, 69065);עבדים;1;18;כי מאהבת יהוה אתכם ומשמרו את השבעה אשר נשבע לאבתיכם הוציא יהוה אתכם ביד חזקה ויפדך מבית עבדים מיד פרעה מלך מצרים
(232813, 66, 4);30;ל;263107;(5, 7, 9, 47, 263107);69081;(5, 7, 9, 12, 69081);לאהביו;1;12;וידעת כי יהוה אלהיך הוא האלהים האל הנאמן שמר הברית והחסד לאהביו ולשמרי מצותו לאלף דור
(232813, 66, 4);300;ש;263173;(5, 7, 10, 43, 263173);69096;(5, 7, 10, 11, 69096);ישלם;2;11;ומשלם לשנאיו אל פניו להאבידו לא יאחר לשנאו אל פניו ישלם לו
(232813, 66, 4);70;ע;263239;(5, 7, 12, 11, 263239);69112;(5, 7, 12, 3, 69112);תשמעון;4;3;והיה עקב תשמעון את המשפטים האלה ושמרתם ועשיתם אתם ושמר יהוה אלהיך לך את הברית ואת החסד אשר נשבע לאבתיך
(232813, 66, 4);70;ע;263305;(5, 7, 12, 77, 263305);69128;(5, 7, 12, 19, 69128);נשבע;4;19;והיה עקב תשמעון את המשפטים האלה ושמרתם ועשיתם אתם ושמר יהוה אלהיך לך את הברית ואת החסד אשר נשבע לאבתיך
(232813, 66, 4);6;ו;263371;(5, 7, 13, 60, 263371);69143;(5, 7, 13, 14, 69143);ועשתרת;1;14;ואהבך וברכך והרבך וברך פרי בטנך ופרי אדמתך דגנך ותירשך ויצהרך שגר אלפיך ועשתרת צאנך על האדמה אשר נשבע לאבתיך לתת לך
(232813, 66, 4);5;ה;263437;(5, 7, 14, 32, 263437);69160;(5, 7, 14, 9, 69160);ועקרה;5;9;ברוך תהיה מכל העמים לא יהיה בך עקר ועקרה ובבהמתך
(232813, 66, 4);300;ש;263503;(5, 7, 15, 59, 263503);69178;(5, 7, 15, 17, 69178);שנאיך;1;17;והסיר יהוה ממך כל חלי וכל מדוי מצרים הרעים אשר ידעת לא ישימם בך ונתנם בכל שנאיך
(232813, 66, 4);20;כ;263569;(5, 7, 16, 62, 263569);69196;(5, 7, 16, 18, 69196);כי;1;18;ואכלת את כל העמים אשר יהוה אלהיך נתן לך לא תחוס עינך עליהם ולא תעבד את אלהיהם כי מוקש הוא לך
(232813, 66, 4);400;ת;263635;(5, 7, 18, 13, 263635);69214;(5, 7, 18, 5, 69214);תזכר;1;5;לא תירא מהם זכר תזכר את אשר עשה יהוה אלהיך לפרעה ולכל מצרים
(232813, 66, 4);40;ם;263701;(5, 7, 19, 32, 263701);69229;(5, 7, 19, 7, 69229);והמפתים;7;7;המסת הגדלת אשר ראו עיניך והאתת והמפתים והיד החזקה והזרע הנטויה אשר הוצאך יהוה אלהיך כן יעשה יהוה אלהיך לכל העמים אשר אתה ירא מפניהם
(232813, 66, 4);5;ה;263767;(5, 7, 19, 98, 263767);69245;(5, 7, 19, 23, 69245);אתה;3;23;המסת הגדלת אשר ראו עיניך והאתת והמפתים והיד החזקה והזרע הנטויה אשר הוצאך יהוה אלהיך כן יעשה יהוה אלהיך לכל העמים אשר אתה ירא מפניהם
(232813, 66, 4);40;מ;263833;(5, 7, 21, 7, 263833);69262;(5, 7, 21, 3, 69262);מפניהם;1;3;לא תערץ מפניהם כי יהוה אלהיך בקרבך אל גדול ונורא
(232813, 66, 4);9;ט;263899;(5, 7, 22, 34, 263899);69278;(5, 7, 22, 9, 69278);מעט;3;9;ונשל יהוה אלהיך את הגוים האל מפניך מעט מעט לא תוכל כלתם מהר פן תרבה עליך חית השדה
(232813, 66, 4);300;ש;263965;(5, 7, 23, 36, 263965);69296;(5, 7, 23, 9, 69296);השמדם;2;9;ונתנם יהוה אלהיך לפניך והמם מהומה גדלה עד השמדם
(232813, 66, 4);30;ל;264031;(5, 7, 25, 4, 264031);69312;(5, 7, 25, 1, 69312);פסילי;4;1;פסילי אלהיהם תשרפון באש לא תחמד כסף וזהב עליהם ולקחת לך פן תוקש בו כי תועבת יהוה אלהיך הוא
(232813, 66, 4);5;ה;264097;(5, 7, 25, 70, 264097);69330;(5, 7, 25, 19, 69330);הוא;1;19;פסילי אלהיהם תשרפון באש לא תחמד כסף וזהב עליהם ולקחת לך פן תוקש בו כי תועבת יהוה אלהיך הוא
(232813, 66, 4);5;ה;264163;(5, 8, 1, 7, 264163);69347;(5, 8, 1, 2, 69347);המצוה;5;2;כל המצוה אשר אנכי מצוך היום תשמרון לעשות למען תחיון ורביתם ובאתם וירשתם את הארץ אשר נשבע יהוה לאבתיכם
(232813, 66, 4);10;י;264229;(5, 8, 1, 73, 264229);69363;(5, 8, 1, 18, 69363);יהוה;1;18;כל המצוה אשר אנכי מצוך היום תשמרון לעשות למען תחיון ורביתם ובאתם וירשתם את הארץ אשר נשבע יהוה לאבתיכם
(232813, 66, 4);30;ל;264295;(5, 8, 2, 56, 264295);69379;(5, 8, 2, 15, 69379);לנסתך;1;15;וזכרת את כל הדרך אשר הוליכך יהוה אלהיך זה ארבעים שנה במדבר למען ענתך לנסתך לדעת את אשר בלבבך התשמר מצותו אם לא
(232813, 66, 4);1;א;264361;(5, 8, 3, 34, 264361);69396;(5, 8, 3, 9, 69396);ולא;3;9;ויענך וירעבך ויאכלך את המן אשר לא ידעת ולא ידעון אבתיך למען הודיעך כי לא על הלחם לבדו יחיה האדם כי על כל מוצא פי יהוה יחיה האדם
(232813, 66, 4);40;ם;264427;(5, 8, 3, 100, 264427);69415;(5, 8, 3, 28, 69415);האדם;4;28;ויענך וירעבך ויאכלך את המן אשר לא ידעת ולא ידעון אבתיך למען הודיעך כי לא על הלחם לבדו יחיה האדם כי על כל מוצא פי יהוה יחיה האדם
(232813, 66, 4);50;נ;264493;(5, 8, 5, 28, 264493);69434;(5, 8, 5, 9, 69434);בנו;2;9;וידעת עם לבבך כי כאשר ייסר איש את בנו יהוה אלהיך מיסרך
(232813, 66, 4);40;מ;264559;(5, 8, 7, 12, 264559);69450;(5, 8, 7, 4, 69450);מביאך;1;4;כי יהוה אלהיך מביאך אל ארץ טובה ארץ נחלי מים עינת ותהמת יצאים בבקעה ובהר
(232813, 66, 4);5;ה;264625;(5, 8, 8, 20, 264625);69466;(5, 8, 8, 5, 69466);ותאנה;5;5;ארץ חטה ושערה וגפן ותאנה ורמון ארץ זית שמן ודבש
(232813, 66, 4);30;ל;264691;(5, 8, 9, 48, 264691);69486;(5, 8, 9, 15, 69486);ברזל;4;15;ארץ אשר לא במסכנת תאכל בה לחם לא תחסר כל בה ארץ אשר אבניה ברזל ומהרריה תחצב נחשת
(232813, 66, 4);80;פ;264757;(5, 8, 11, 7, 264757);69504;(5, 8, 11, 3, 69504);פן;1;3;השמר לך פן תשכח את יהוה אלהיך לבלתי שמר מצותיו ומשפטיו וחקתיו אשר אנכי מצוך היום
(232813, 66, 4);300;ש;264823;(5, 8, 12, 8, 264823);69520;(5, 8, 12, 3, 69520);ושבעת;2;3;פן תאכל ושבעת ובתים טבים תבנה וישבת
(232813, 66, 4);30;ל;264889;(5, 8, 14, 4, 264889);69537;(5, 8, 14, 2, 69537);לבבך;1;2;ורם לבבך ושכחת את יהוה אלהיך המוציאך מארץ מצרים מבית עבדים
(232813, 66, 4);1;א;264955;(5, 8, 15, 22, 264955);69550;(5, 8, 15, 4, 69550);והנורא;6;4;המוליכך במדבר הגדל והנורא נחש שרף ועקרב וצמאון אשר אין מים המוציא לך מים מצור החלמיש
(232813, 66, 4);10;י;265021;(5, 8, 16, 19, 265021);69568;(5, 8, 16, 6, 69568);ידעון;1;6;המאכלך מן במדבר אשר לא ידעון אבתיך למען ענתך ולמען נסתך להיטבך באחריתך
(232813, 66, 4);400;ת;265087;(5, 8, 17, 27, 265087);69583;(5, 8, 17, 8, 69583);את;2;8;ואמרת בלבבך כחי ועצם ידי עשה לי את החיל הזה
(232813, 66, 4);70;ע;265153;(5, 8, 18, 59, 265153);69602;(5, 8, 18, 17, 69602);נשבע;4;17;וזכרת את יהוה אלהיך כי הוא הנתן לך כח לעשות חיל למען הקים את בריתו אשר נשבע לאבתיך כיום הזה
(232813, 66, 4);400;ת;265219;(5, 8, 19, 53, 265219);69618;(5, 8, 19, 13, 69618);והשתחוית;4;13;והיה אם שכח תשכח את יהוה אלהיך והלכת אחרי אלהים אחרים ועבדתם והשתחוית להם העדתי בכם היום כי אבד תאבדון
(232813, 66, 4);1;א;265285;(5, 8, 20, 36, 265285);69634;(5, 8, 20, 9, 69634);לא;2;9;כגוים אשר יהוה מאביד מפניכם כן תאבדון עקב לא תשמעון בקול יהוה אלהיכם
(232813, 66, 4);10;י;265351;(5, 9, 1, 46, 265351);69650;(5, 9, 1, 12, 69650);ועצמים;5;12;שמע ישראל אתה עבר היום את הירדן לבא לרשת גוים גדלים ועצמים ממך ערים גדלת ובצרת בשמים
(232813, 66, 4);80;פ;265417;(5, 9, 2, 44, 265417);69668;(5, 9, 2, 13, 69668);לפני;2;13;עם גדול ורם בני ענקים אשר אתה ידעת ואתה שמעת מי יתיצב לפני בני ענק
(232813, 66, 4);30;ל;265483;(5, 9, 3, 58, 265483);69685;(5, 9, 3, 15, 69685);לפניך;1;15;וידעת היום כי יהוה אלהיך הוא העבר לפניך אש אכלה הוא ישמידם והוא יכניעם לפניך והורשתם והאבדתם מהר כאשר דבר יהוה לך
(232813, 66, 4);10;י;265549;(5, 9, 4, 32, 265549);69700;(5, 9, 4, 8, 69700);מלפניך;5;8;אל תאמר בלבבך בהדף יהוה אלהיך אתם מלפניך לאמר בצדקתי הביאני יהוה לרשת את הארץ הזאת וברשעת הגוים האלה יהוה מורישם מפניך
(232813, 66, 4);30;ל;265615;(5, 9, 5, 1, 265615);69715;(5, 9, 5, 1, 69715);לא;1;1;לא בצדקתך ובישר לבבך אתה בא לרשת את ארצם כי ברשעת הגוים האלה יהוה אלהיך מורישם מפניך ולמען הקים את הדבר אשר נשבע יהוה לאבתיך לאברהם ליצחק וליעקב
(232813, 66, 4);10;י;265681;(5, 9, 5, 67, 265681);69731;(5, 9, 5, 17, 69731);מפניך;4;17;לא בצדקתך ובישר לבבך אתה בא לרשת את ארצם כי ברשעת הגוים האלה יהוה אלהיך מורישם מפניך ולמען הקים את הדבר אשר נשבע יהוה לאבתיך לאברהם ליצחק וליעקב
(232813, 66, 4);10;י;265747;(5, 9, 6, 16, 265747);69747;(5, 9, 6, 5, 69747);יהוה;1;5;וידעת כי לא בצדקתך יהוה אלהיך נתן לך את הארץ הטובה הזאת לרשתה כי עם קשה ערף אתה
(232813, 66, 4);1;א;265813;(5, 9, 7, 20, 265813);69767;(5, 9, 7, 7, 69767);את;1;7;זכר אל תשכח את אשר הקצפת את יהוה אלהיך במדבר למן היום אשר יצאת מארץ מצרים עד באכם עד המקום הזה ממרים הייתם עם יהוה
(232813, 66, 4);40;ם;265879;(5, 9, 7, 86, 265879);69784;(5, 9, 7, 24, 69784);עם;2;24;זכר אל תשכח את אשר הקצפת את יהוה אלהיך במדבר למן היום אשר יצאת מארץ מצרים עד באכם עד המקום הזה ממרים הייתם עם יהוה
(232813, 66, 4);10;י;265945;(5, 9, 9, 22, 265945);69799;(5, 9, 9, 5, 69799);האבנים;5;5;בעלתי ההרה לקחת לוחת האבנים לוחת הברית אשר כרת יהוה עמכם ואשב בהר ארבעים יום וארבעים לילה לחם לא אכלתי ומים לא שתיתי
(232813, 66, 4);30;ל;266011;(5, 9, 9, 88, 266011);69816;(5, 9, 9, 22, 69816);לא;1;22;בעלתי ההרה לקחת לוחת האבנים לוחת הברית אשר כרת יהוה עמכם ואשב בהר ארבעים יום וארבעים לילה לחם לא אכלתי ומים לא שתיתי
(232813, 66, 4);4;ד;266077;(5, 9, 10, 60, 266077);69832;(5, 9, 10, 15, 69832);דבר;1;15;ויתן יהוה אלי את שני לוחת האבנים כתבים באצבע אלהים ועליהם ככל הדברים אשר דבר יהוה עמכם בהר מתוך האש ביום הקהל
(232813, 66, 4);1;א;266143;(5, 9, 11, 38, 266143);69849;(5, 9, 11, 10, 69849);את;1;10;ויהי מקץ ארבעים יום וארבעים לילה נתן יהוה אלי את שני לחת האבנים לחות הברית
(232813, 66, 4);10;י;266209;(5, 9, 12, 44, 266209);69867;(5, 9, 12, 13, 69867);ממצרים;5;13;ויאמר יהוה אלי קום רד מהר מזה כי שחת עמך אשר הוצאת ממצרים סרו מהר מן הדרך אשר צויתם עשו להם מסכה
(232813, 66, 4);40;ם;266275;(5, 9, 13, 35, 266275);69886;(5, 9, 13, 10, 69886);עם;2;10;ויאמר יהוה אלי לאמר ראיתי את העם הזה והנה עם קשה ערף הוא
(232813, 66, 4);6;ו;266341;(5, 9, 14, 57, 266341);69903;(5, 9, 14, 14, 69903);ממנו;4;14;הרף ממני ואשמידם ואמחה את שמם מתחת השמים ואעשה אותך לגוי עצום ורב ממנו
(232813, 66, 4);10;י;266407;(5, 9, 16, 22, 266407);69921;(5, 9, 16, 5, 69921);אלהיכם;4;5;וארא והנה חטאתם ליהוה אלהיכם עשיתם לכם עגל מסכה סרתם מהר מן הדרך אשר צוה יהוה אתכם
(232813, 66, 4);30;ל;266473;(5, 9, 17, 22, 266473);69938;(5, 9, 17, 5, 69938);מעל;3;5;ואתפש בשני הלחת ואשלכם מעל שתי ידי ואשברם לעיניכם
(232813, 66, 4);20;כ;266539;(5, 9, 18, 47, 266539);69953;(5, 9, 18, 11, 69953);אכלתי;2;11;ואתנפל לפני יהוה כראשנה ארבעים יום וארבעים לילה לחם לא אכלתי ומים לא שתיתי על כל חטאתכם אשר חטאתם לעשות הרע בעיני יהוה להכעיסו
(232813, 66, 4);50;נ;266605;(5, 9, 19, 10, 266605);69969;(5, 9, 19, 3, 69969);מפני;3;3;כי יגרתי מפני האף והחמה אשר קצף יהוה עליכם להשמיד אתכם וישמע יהוה אלי גם בפעם ההוא
(232813, 66, 4);50;נ;266671;(5, 9, 20, 10, 266671);69985;(5, 9, 20, 2, 69985);התאנף;4;2;ובאהרן התאנף יהוה מאד להשמידו ואתפלל גם בעד אהרן בעת ההוא
(232813, 66, 4);6;ו;266737;(5, 9, 21, 29, 266737);70002;(5, 9, 21, 8, 70002);ואשרף;1;8;ואת חטאתכם אשר עשיתם את העגל לקחתי ואשרף אתו באש ואכת אתו טחון היטב עד אשר דק לעפר ואשלך את עפרו אל הנחל הירד מן ההר
(232813, 66, 4);2;ב;266803;(5, 9, 22, 4, 266803);70021;(5, 9, 22, 1, 70021);ובתבערה;4;1;ובתבערה ובמסה ובקברת התאוה מקצפים הייתם את יהוה
(232813, 66, 4);200;ר;266869;(5, 9, 23, 30, 266869);70036;(5, 9, 23, 8, 70036);ורשו;2;8;ובשלח יהוה אתכם מקדש ברנע לאמר עלו ורשו את הארץ אשר נתתי לכם ותמרו את פי יהוה אלהיכם ולא האמנתם לו ולא שמעתם בקלו
(232813, 66, 4);5;ה;266935;(5, 9, 24, 6, 266935);70054;(5, 9, 24, 2, 70054);הייתם;1;2;ממרים הייתם עם יהוה מיום דעתי אתכם
(232813, 66, 4);5;ה;267001;(5, 9, 25, 44, 267001);70070;(5, 9, 25, 11, 70070);התנפלתי;1;11;ואתנפל לפני יהוה את ארבעים היום ואת ארבעים הלילה אשר התנפלתי כי אמר יהוה להשמיד אתכם
(232813, 66, 4);300;ש;267067;(5, 9, 26, 41, 267067);70086;(5, 9, 26, 11, 70086);אשר;2;11;ואתפלל אל יהוה ואמר אדני יהוה אל תשחת עמך ונחלתך אשר פדית בגדלך אשר הוצאת ממצרים ביד חזקה
(232813, 66, 4);300;ש;267133;(5, 9, 27, 35, 267133);70102;(5, 9, 27, 9, 70102);קשי;2;9;זכר לעבדיך לאברהם ליצחק וליעקב אל תפן אל קשי העם הזה ואל רשעו ואל חטאתו
(232813, 66, 4);30;ל;267199;(5, 9, 28, 44, 267199);70119;(5, 9, 28, 11, 70119);אל;2;11;פן יאמרו הארץ אשר הוצאתנו משם מבלי יכלת יהוה להביאם אל הארץ אשר דבר להם ומשנאתו אותם הוציאם להמתם במדבר
(232813, 66, 4);3;ג;267265;(5, 9, 29, 26, 267265);70135;(5, 9, 29, 7, 70135);הגדל;2;7;והם עמך ונחלתך אשר הוצאת בכחך הגדל ובזרעך הנטויה
(232813, 66, 4);5;ה;267331;(5, 10, 1, 52, 267331);70151;(5, 10, 1, 14, 70151);ההרה;4;14;בעת ההוא אמר יהוה אלי פסל לך שני לוחת אבנים כראשנים ועלה אלי ההרה ועשית לך ארון עץ
(232813, 66, 4);200;ר;267397;(5, 10, 2, 53, 267397);70169;(5, 10, 2, 14, 70169);בארון;3;14;ואכתב על הלחת את הדברים אשר היו על הלחת הראשנים אשר שברת ושמתם בארון
(232813, 66, 4);70;ע;267463;(5, 10, 4, 6, 267463);70185;(5, 10, 4, 2, 70185);על;1;2;ויכתב על הלחת כמכתב הראשון את עשרת הדברים אשר דבר יהוה אליכם בהר מתוך האש ביום הקהל ויתנם יהוה אלי
(232813, 66, 4);40;ם;267529;(5, 10, 4, 72, 267529);70201;(5, 10, 4, 18, 70201);ויתנם;5;18;ויכתב על הלחת כמכתב הראשון את עשרת הדברים אשר דבר יהוה אליכם בהר מתוך האש ביום הקהל ויתנם יהוה אלי
(232813, 66, 4);10;י;267595;(5, 10, 6, 4, 267595);70219;(5, 10, 6, 1, 70219);ובני;4;1;ובני ישראל נסעו מבארת בני יעקן מוסרה שם מת אהרן ויקבר שם ויכהן אלעזר בנו תחתיו
(232813, 66, 4);6;ו;267661;(5, 10, 7, 7, 267661);70236;(5, 10, 7, 2, 70236);נסעו;4;2;משם נסעו הגדגדה ומן הגדגדה יטבתה ארץ נחלי מים
(232813, 66, 4);2;ב;267727;(5, 10, 8, 36, 267727);70254;(5, 10, 8, 11, 70254);ברית;1;11;בעת ההוא הבדיל יהוה את שבט הלוי לשאת את ארון ברית יהוה לעמד לפני יהוה לשרתו ולברך בשמו עד היום הזה
(232813, 66, 4);1;א;267793;(5, 10, 9, 24, 267793);70273;(5, 10, 9, 9, 70273);אחיו;1;9;על כן לא היה ללוי חלק ונחלה עם אחיו יהוה הוא נחלתו כאשר דבר יהוה אלהיך לו
(232813, 66, 4);6;ו;267859;(5, 10, 10, 33, 267859);70288;(5, 10, 10, 7, 70288);יום;2;7;ואנכי עמדתי בהר כימים הראשנים ארבעים יום וארבעים לילה וישמע יהוה אלי גם בפעם ההוא לא אבה יהוה השחיתך
(232813, 66, 4);20;ך;267925;(5, 10, 11, 17, 267925);70305;(5, 10, 11, 5, 70305);לך;2;5;ויאמר יהוה אלי קום לך למסע לפני העם ויבאו ויירשו את הארץ אשר נשבעתי לאבתם לתת להם
(232813, 66, 4);5;ה;267991;(5, 10, 12, 18, 267991);70322;(5, 10, 12, 5, 70322);אלהיך;3;5;ועתה ישראל מה יהוה אלהיך שאל מעמך כי אם ליראה את יהוה אלהיך ללכת בכל דרכיו ולאהבה אתו ולעבד את יהוה אלהיך בכל לבבך ובכל נפשך
(232813, 66, 4);20;ך;268057;(5, 10, 12, 84, 268057);70339;(5, 10, 12, 22, 70339);אלהיך;5;22;ועתה ישראל מה יהוה אלהיך שאל מעמך כי אם ליראה את יהוה אלהיך ללכת בכל דרכיו ולאהבה אתו ולעבד את יהוה אלהיך בכל לבבך ובכל נפשך
(232813, 66, 4);1;א;268123;(5, 10, 14, 8, 268123);70358;(5, 10, 14, 3, 70358);אלהיך;1;3;הן ליהוה אלהיך השמים ושמי השמים הארץ וכל אשר בה
(232813, 66, 4);8;ח;268189;(5, 10, 15, 36, 268189);70374;(5, 10, 15, 9, 70374);אחריהם;2;9;רק באבתיך חשק יהוה לאהבה אותם ויבחר בזרעם אחריהם בכם מכל העמים כיום הזה
(232813, 66, 4);5;ה;268255;(5, 10, 17, 13, 268255);70391;(5, 10, 17, 4, 70391);הוא;1;4;כי יהוה אלהיכם הוא אלהי האלהים ואדני האדנים האל הגדל הגבר והנורא אשר לא ישא פנים ולא יקח שחד
(232813, 66, 4);300;ש;268321;(5, 10, 18, 5, 268321);70408;(5, 10, 18, 2, 70408);משפט;2;2;עשה משפט יתום ואלמנה ואהב גר לתת לו לחם ושמלה
(232813, 66, 4);5;ה;268387;(5, 10, 20, 4, 268387);70426;(5, 10, 20, 2, 70426);יהוה;2;2;את יהוה אלהיך תירא אתו תעבד ובו תדבק ובשמו תשבע
(232813, 66, 4);30;ל;268453;(5, 10, 21, 32, 268453);70443;(5, 10, 21, 9, 70443);הגדלת;4;9;הוא תהלתך והוא אלהיך אשר עשה אתך את הגדלת ואת הנוראת האלה אשר ראו עיניך
(232813, 66, 4);20;כ;268519;(5, 10, 22, 41, 268519);70459;(5, 10, 22, 10, 70459);ככוכבי;1;10;בשבעים נפש ירדו אבתיך מצרימה ועתה שמך יהוה אלהיך ככוכבי השמים לרב
(232813, 66, 4);10;י;268585;(5, 11, 1, 53, 268585);70472;(5, 11, 1, 11, 70472);הימים;4;11;ואהבת את יהוה אלהיך ושמרת משמרתו וחקתיו ומשפטיו ומצותיו כל הימים
(232813, 66, 4);4;ד;268651;(5, 11, 2, 65, 268651);70492;(5, 11, 2, 20, 70492);ידו;2;20;וידעתם היום כי לא את בניכם אשר לא ידעו ואשר לא ראו את מוסר יהוה אלהיכם את גדלו את ידו החזקה וזרעו הנטויה
(232813, 66, 4);1;א;268717;(5, 11, 3, 49, 268717);70508;(5, 11, 3, 13, 70508);ארצו;1;13;ואת אתתיו ואת מעשיו אשר עשה בתוך מצרים לפרעה מלך מצרים ולכל ארצו
(232813, 66, 4);6;ו;268783;(5, 11, 4, 63, 268783);70525;(5, 11, 4, 17, 70525);ויאבדם;1;17;ואשר עשה לחיל מצרים לסוסיו ולרכבו אשר הציף את מי ים סוף על פניהם ברדפם אחריכם ויאבדם יהוה עד היום הזה
(232813, 66, 4);200;ר;268849;(5, 11, 6, 17, 268849);70542;(5, 11, 6, 4, 70542);ולאבירם;6;4;ואשר עשה לדתן ולאבירם בני אליאב בן ראובן אשר פצתה הארץ את פיה ותבלעם ואת בתיהם ואת אהליהם ואת כל היקום אשר ברגליהם בקרב כל ישראל
(232813, 66, 4);1;א;268915;(5, 11, 6, 83, 268915);70560;(5, 11, 6, 22, 70560);אשר;1;22;ואשר עשה לדתן ולאבירם בני אליאב בן ראובן אשר פצתה הארץ את פיה ותבלעם ואת בתיהם ואת אהליהם ואת כל היקום אשר ברגליהם בקרב כל ישראל
(232813, 66, 4);40;מ;268981;(5, 11, 8, 12, 268981);70578;(5, 11, 8, 4, 70578);המצוה;2;4;ושמרתם את כל המצוה אשר אנכי מצוך היום למען תחזקו ובאתם וירשתם את הארץ אשר אתם עברים שמה לרשתה
(232813, 66, 4);40;מ;269047;(5, 11, 9, 3, 269047);70594;(5, 11, 9, 1, 70594);ולמען;3;1;ולמען תאריכו ימים על האדמה אשר נשבע יהוה לאבתיכם לתת להם ולזרעם ארץ זבת חלב ודבש
(232813, 66, 4);1;א;269113;(5, 11, 10, 4, 269113);70611;(5, 11, 10, 2, 70611);הארץ;2;2;כי הארץ אשר אתה בא שמה לרשתה לא כארץ מצרים הוא אשר יצאתם משם אשר תזרע את זרעך והשקית ברגלך כגן הירק
(232813, 66, 4);30;ל;269179;(5, 11, 10, 70, 269179);70629;(5, 11, 10, 20, 70629);ברגלך;4;20;כי הארץ אשר אתה בא שמה לרשתה לא כארץ מצרים הוא אשר יצאתם משם אשר תזרע את זרעך והשקית ברגלך כגן הירק
(232813, 66, 4);200;ר;269245;(5, 11, 12, 6, 269245);70646;(5, 11, 12, 2, 70646);אשר;3;2;ארץ אשר יהוה אלהיך דרש אתה תמיד עיני יהוה אלהיך בה מרשית השנה ועד אחרית שנה
(232813, 66, 4);40;מ;269311;(5, 11, 13, 12, 269311);70664;(5, 11, 13, 4, 70664);תשמעו;3;4;והיה אם שמע תשמעו אל מצותי אשר אנכי מצוה אתכם היום לאהבה את יהוה אלהיכם ולעבדו בכל לבבכם ובכל נפשכם
(232813, 66, 4);300;ש;269377;(5, 11, 13, 78, 269377);70680;(5, 11, 13, 20, 70680);נפשכם;3;20;והיה אם שמע תשמעו אל מצותי אשר אנכי מצוה אתכם היום לאהבה את יהוה אלהיכם ולעבדו בכל לבבכם ובכל נפשכם
(232813, 66, 4);40;מ;269443;(5, 11, 15, 16, 269443);70694;(5, 11, 15, 4, 70694);לבהמתך;4;4;ונתתי עשב בשדך לבהמתך ואכלת ושבעת
(232813, 66, 4);8;ח;269509;(5, 11, 17, 2, 269509);70708;(5, 11, 17, 1, 70708);וחרה;2;1;וחרה אף יהוה בכם ועצר את השמים ולא יהיה מטר והאדמה לא תתן את יבולה ואבדתם מהרה מעל הארץ הטבה אשר יהוה נתן לכם
(232813, 66, 4);200;ר;269575;(5, 11, 17, 68, 269575);70726;(5, 11, 17, 19, 70726);הארץ;3;19;וחרה אף יהוה בכם ועצר את השמים ולא יהיה מטר והאדמה לא תתן את יבולה ואבדתם מהרה מעל הארץ הטבה אשר יהוה נתן לכם
(232813, 66, 4);40;ם;269641;(5, 11, 18, 48, 269641);70744;(5, 11, 18, 13, 70744);ידכם;4;13;ושמתם את דברי אלה על לבבכם ועל נפשכם וקשרתם אתם לאות על ידכם והיו לטוטפת בין עיניכם
(232813, 66, 4);2;ב;269707;(5, 11, 19, 47, 269707);70759;(5, 11, 19, 11, 70759);ובשכבך;5;11;ולמדתם אתם את בניכם לדבר בם בשבתך בביתך ובלכתך בדרך ובשכבך ובקומך
(232813, 66, 4);300;ש;269773;(5, 11, 21, 34, 269773);70774;(5, 11, 21, 9, 70774);נשבע;2;9;למען ירבו ימיכם וימי בניכם על האדמה אשר נשבע יהוה לאבתיכם לתת להם כימי השמים על הארץ
(232813, 66, 4);20;כ;269839;(5, 11, 22, 32, 269839);70792;(5, 11, 22, 10, 70792);אנכי;3;10;כי אם שמר תשמרון את כל המצוה הזאת אשר אנכי מצוה אתכם לעשתה לאהבה את יהוה אלהיכם ללכת בכל דרכיו ולדבקה בו
(232813, 66, 4);5;ה;269905;(5, 11, 23, 15, 269905);70809;(5, 11, 23, 5, 70809);הגוים;1;5;והוריש יהוה את כל הגוים האלה מלפניכם וירשתם גוים גדלים ועצמים מכם
(232813, 66, 4);10;י;269971;(5, 11, 24, 27, 269971);70825;(5, 11, 24, 9, 70825);יהיה;1;9;כל המקום אשר תדרך כף רגלכם בו לכם יהיה מן המדבר והלבנון מן הנהר נהר פרת ועד הים האחרון יהיה גבלכם
(232813, 66, 4);40;ם;270037;(5, 11, 25, 16, 270037);70841;(5, 11, 25, 4, 70841);בפניכם;6;4;לא יתיצב איש בפניכם פחדכם ומוראכם יתן יהוה אלהיכם על פני כל הארץ אשר תדרכו בה כאשר דבר לכם
(232813, 66, 4);50;ן;270103;(5, 11, 26, 10, 270103);70859;(5, 11, 26, 3, 70859);נתן;3;3;ראה אנכי נתן לפניכם היום ברכה וקללה
(232813, 66, 4);5;ה;270169;(5, 11, 27, 47, 270169);70876;(5, 11, 27, 13, 70876);היום;1;13;את הברכה אשר תשמעו אל מצות יהוה אלהיכם אשר אנכי מצוה אתכם היום
(232813, 66, 4);30;ל;270235;(5, 11, 28, 63, 270235);70893;(5, 11, 28, 17, 70893);ללכת;2;17;והקללה אם לא תשמעו אל מצות יהוה אלהיכם וסרתם מן הדרך אשר אנכי מצוה אתכם היום ללכת אחרי אלהים אחרים אשר לא ידעתם
(232813, 66, 4);300;ש;270301;(5, 11, 29, 40, 270301);70911;(5, 11, 29, 12, 70911);לרשתה;3;12;והיה כי יביאך יהוה אלהיך אל הארץ אשר אתה בא שמה לרשתה ונתתה את הברכה על הר גרזים ואת הקללה על הר עיבל
(232813, 66, 4);5;ה;270367;(5, 11, 30, 27, 270367);70930;(5, 11, 30, 8, 70930);השמש;1;8;הלא המה בעבר הירדן אחרי דרך מבוא השמש בארץ הכנעני הישב בערבה מול הגלגל אצל אלוני מרה
(232813, 66, 4);1;א;270433;(5, 11, 31, 25, 270433);70947;(5, 11, 31, 8, 70947);את;1;8;כי אתם עברים את הירדן לבא לרשת את הארץ אשר יהוה אלהיכם נתן לכם וירשתם אתה וישבתם בה
(232813, 66, 4);40;מ;270499;(5, 11, 32, 25, 270499);70964;(5, 11, 32, 7, 70964);המשפטים;2;7;ושמרתם לעשות את כל החקים ואת המשפטים אשר אנכי נתן לפניכם היום
(232813, 66, 4);10;י;270565;(5, 12, 1, 41, 270565);70979;(5, 12, 1, 10, 70979);יהוה;1;10;אלה החקים והמשפטים אשר תשמרון לעשות בארץ אשר נתן יהוה אלהי אבתיך לך לרשתה כל הימים אשר אתם חיים על האדמה
(232813, 66, 4);70;ע;270631;(5, 12, 2, 23, 270631);70997;(5, 12, 2, 7, 70997);עבדו;1;7;אבד תאבדון את כל המקמות אשר עבדו שם הגוים אשר אתם ירשים אתם את אלהיהם על ההרים הרמים ועל הגבעות ותחת כל עץ רענן
(232813, 66, 4);6;ו;270697;(5, 12, 3, 1, 270697);71015;(5, 12, 3, 1, 71015);ונתצתם;1;1;ונתצתם את מזבחתם ושברתם את מצבתם ואשריהם תשרפון באש ופסילי אלהיהם תגדעון ואבדתם את שמם מן המקום ההוא
(232813, 66, 4);40;ם;270763;(5, 12, 3, 67, 270763);71027;(5, 12, 3, 13, 71027);ואבדתם;6;13;ונתצתם את מזבחתם ושברתם את מצבתם ואשריהם תשרפון באש ופסילי אלהיהם תגדעון ואבדתם את שמם מן המקום ההוא
(232813, 66, 4);20;כ;270829;(5, 12, 5, 30, 270829);71046;(5, 12, 5, 9, 71046);מכל;2;9;כי אם אל המקום אשר יבחר יהוה אלהיכם מכל שבטיכם לשום את שמו שם לשכנו תדרשו ובאת שמה
(232813, 66, 4);10;י;270895;(5, 12, 6, 31, 270895);71061;(5, 12, 6, 6, 71061);מעשרתיכם;6;6;והבאתם שמה עלתיכם וזבחיכם ואת מעשרתיכם ואת תרומת ידכם ונדריכם ונדבתיכם ובכרת בקרכם וצאנכם
(232813, 66, 4);20;כ;270961;(5, 12, 7, 21, 270961);71074;(5, 12, 7, 5, 71074);אלהיכם;5;5;ואכלתם שם לפני יהוה אלהיכם ושמחתם בכל משלח ידכם אתם ובתיכם אשר ברכך יהוה אלהיך
(232813, 66, 4);80;פ;271027;(5, 12, 8, 23, 271027);71091;(5, 12, 8, 7, 71091);פה;1;7;לא תעשון ככל אשר אנחנו עשים פה היום איש כל הישר בעיניו
(232813, 66, 4);20;ך;271093;(5, 12, 9, 46, 271093);71110;(5, 12, 9, 14, 71110);לך;2;14;כי לא באתם עד עתה אל המנוחה ואל הנחלה אשר יהוה אלהיך נתן לך
(232813, 66, 4);10;י;271159;(5, 12, 10, 66, 271159);71125;(5, 12, 10, 15, 71125);מסביב;4;15;ועברתם את הירדן וישבתם בארץ אשר יהוה אלהיכם מנחיל אתכם והניח לכם מכל איביכם מסביב וישבתם בטח
(232813, 66, 4);10;י;271225;(5, 12, 11, 56, 271225);71143;(5, 12, 11, 16, 71143);אנכי;4;16;והיה המקום אשר יבחר יהוה אלהיכם בו לשכן שמו שם שמה תביאו את כל אשר אנכי מצוה אתכם עולתיכם וזבחיכם מעשרתיכם ותרמת ידכם וכל מבחר נדריכם אשר תדרו ליהוה
(232813, 66, 4);300;ש;271291;(5, 12, 12, 2, 271291);71157;(5, 12, 12, 1, 71157);ושמחתם;2;1;ושמחתם לפני יהוה אלהיכם אתם ובניכם ובנתיכם ועבדיכם ואמהתיכם והלוי אשר בשעריכם כי אין לו חלק ונחלה אתכם
(232813, 66, 4);10;י;271357;(5, 12, 12, 68, 271357);71169;(5, 12, 12, 13, 71169);כי;2;13;ושמחתם לפני יהוה אלהיכם אתם ובניכם ובנתיכם ועבדיכם ואמהתיכם והלוי אשר בשעריכם כי אין לו חלק ונחלה אתכם
(232813, 66, 4);5;ה;271423;(5, 12, 14, 18, 271423);71189;(5, 12, 14, 6, 71189);יהוה;2;6;כי אם במקום אשר יבחר יהוה באחד שבטיך שם תעלה עלתיך ושם תעשה כל אשר אנכי מצוך
(232813, 66, 4);200;ר;271489;(5, 12, 15, 24, 271489);71207;(5, 12, 15, 7, 71207);בשר;3;7;רק בכל אות נפשך תזבח ואכלת בשר כברכת יהוה אלהיך אשר נתן לך בכל שעריך הטמא והטהור יאכלנו כצבי וכאיל
(232813, 66, 4);30;ל;271555;(5, 12, 16, 11, 271555);71224;(5, 12, 16, 4, 71224);תאכלו;4;4;רק הדם לא תאכלו על הארץ תשפכנו כמים
(232813, 66, 4);50;נ;271621;(5, 12, 17, 49, 271621);71239;(5, 12, 17, 11, 71239);וצאנך;4;11;לא תוכל לאכל בשעריך מעשר דגנך ותירשך ויצהרך ובכרת בקרך וצאנך וכל נדריך אשר תדר ונדבתיך ותרומת ידך
(232813, 66, 4);200;ר;271687;(5, 12, 18, 35, 271687);71255;(5, 12, 18, 9, 71255);יבחר;4;9;כי אם לפני יהוה אלהיך תאכלנו במקום אשר יבחר יהוה אלהיך בו אתה ובנך ובתך ועבדך ואמתך והלוי אשר בשעריך ושמחת לפני יהוה אלהיך בכל משלח ידך
(232813, 66, 4);20;כ;271753;(5, 12, 18, 101, 271753);71271;(5, 12, 18, 25, 71271);בכל;2;25;כי אם לפני יהוה אלהיך תאכלנו במקום אשר יבחר יהוה אלהיך בו אתה ובנך ובתך ועבדך ואמתך והלוי אשר בשעריך ושמחת לפני יהוה אלהיך בכל משלח ידך
(232813, 66, 4);4;ד;271819;(5, 12, 20, 27, 271819);71291;(5, 12, 20, 8, 71291);דבר;1;8;כי ירחיב יהוה אלהיך את גבלך כאשר דבר לך ואמרת אכלה בשר כי תאוה נפשך לאכל בשר בכל אות נפשך תאכל בשר
(232813, 66, 4);300;ש;271885;(5, 12, 21, 16, 271885);71310;(5, 12, 21, 5, 71310);אשר;2;5;כי ירחק ממך המקום אשר יבחר יהוה אלהיך לשום שמו שם וזבחת מבקרך ומצאנך אשר נתן יהוה לך כאשר צויתך ואכלת בשעריך בכל אות נפשך
(232813, 66, 4);2;ב;271951;(5, 12, 21, 82, 271951);71327;(5, 12, 21, 22, 71327);בשעריך;1;22;כי ירחק ממך המקום אשר יבחר יהוה אלהיך לשום שמו שם וזבחת מבקרך ומצאנך אשר נתן יהוה לך כאשר צויתך ואכלת בשעריך בכל אות נפשך
(232813, 66, 4);6;ו;272017;(5, 12, 22, 51, 272017);71343;(5, 12, 22, 13, 71343);יאכלנו;6;13;אך כאשר יאכל את הצבי ואת האיל כן תאכלנו הטמא והטהור יחדו יאכלנו
(232813, 66, 4);20;כ;272083;(5, 12, 24, 21, 272083);71363;(5, 12, 24, 6, 71363);כמים;1;6;לא תאכלנו על הארץ תשפכנו כמים
(232813, 66, 4);30;ל;272149;(5, 12, 26, 15, 272149);71380;(5, 12, 26, 5, 71380);לך;1;5;רק קדשיך אשר יהיו לך ונדריך תשא ובאת אל המקום אשר יבחר יהוה
(232813, 66, 4);6;ו;272215;(5, 12, 27, 34, 272215);71397;(5, 12, 27, 9, 71397);ודם;1;9;ועשית עלתיך הבשר והדם על מזבח יהוה אלהיך ודם זבחיך ישפך על מזבח יהוה אלהיך והבשר תאכל
(232813, 66, 4);90;צ;272281;(5, 12, 28, 31, 272281);71414;(5, 12, 28, 9, 71414);מצוך;2;9;שמר ושמעת את כל הדברים האלה אשר אנכי מצוך למען ייטב לך ולבניך אחריך עד עולם כי תעשה הטוב והישר בעיני יהוה אלהיך
(232813, 66, 4);10;י;272347;(5, 12, 29, 8, 272347);71431;(5, 12, 29, 3, 71431);יהוה;1;3;כי יכרית יהוה אלהיך את הגוים אשר אתה בא שמה לרשת אותם מפניך וירשת אתם וישבת בארצם
(232813, 66, 4);400;ת;272413;(5, 12, 30, 9, 272413);71449;(5, 12, 30, 4, 71449);תנקש;1;4;השמר לך פן תנקש אחריהם אחרי השמדם מפניך ופן תדרש לאלהיהם לאמר איכה יעבדו הגוים האלה את אלהיהם ואעשה כן גם אני
(232813, 66, 4);5;ה;272479;(5, 12, 30, 75, 272479);71463;(5, 12, 30, 18, 71463);אלהיהם;5;18;השמר לך פן תנקש אחריהם אחרי השמדם מפניך ופן תדרש לאלהיהם לאמר איכה יעבדו הגוים האלה את אלהיהם ואעשה כן גם אני
(232813, 66, 4);400;ת;272545;(5, 12, 31, 53, 272545);71483;(5, 12, 31, 16, 71483);את;2;16;לא תעשה כן ליהוה אלהיך כי כל תועבת יהוה אשר שנא עשו לאלהיהם כי גם את בניהם ואת בנתיהם ישרפו באש לאלהיהם
(232813, 66, 4);30;ל;272611;(5, 13, 1, 37, 272611);71500;(5, 13, 1, 11, 71500);לא;1;11;את כל הדבר אשר אנכי מצוה אתכם אתו תשמרו לעשות לא תסף עליו ולא תגרע ממנו
(232813, 66, 4);6;ו;272677;(5, 13, 3, 6, 272677);71519;(5, 13, 3, 2, 71519);האות;3;2;ובא האות והמופת אשר דבר אליך לאמר נלכה אחרי אלהים אחרים אשר לא ידעתם ונעבדם
(232813, 66, 4);200;ר;272743;(5, 13, 4, 11, 272743);71536;(5, 13, 4, 4, 71536);דברי;3;4;לא תשמע אל דברי הנביא ההוא או אל חולם החלום ההוא כי מנסה יהוה אלהיכם אתכם לדעת הישכם אהבים את יהוה אלהיכם בכל לבבכם ובכל נפשכם
(232813, 66, 4);6;ו;272809;(5, 13, 4, 77, 272809);71553;(5, 13, 4, 21, 71553);יהוה;3;21;לא תשמע אל דברי הנביא ההוא או אל חולם החלום ההוא כי מנסה יהוה אלהיכם אתכם לדעת הישכם אהבים את יהוה אלהיכם בכל לבבכם ובכל נפשכם
(232813, 66, 4);6;ו;272875;(5, 13, 5, 42, 272875);71568;(5, 13, 5, 10, 71568);ובקלו;1;10;אחרי יהוה אלהיכם תלכו ואתו תיראו ואת מצותיו תשמרו ובקלו תשמעו ואתו תעבדו ובו תדבקון
(232813, 66, 4);10;י;272941;(5, 13, 6, 39, 272941);71585;(5, 13, 6, 12, 71585);יהוה;1;12;והנביא ההוא או חלם החלום ההוא יומת כי דבר סרה על יהוה אלהיכם המוציא אתכם מארץ מצרים והפדך מבית עבדים להדיחך מן הדרך אשר צוך יהוה אלהיך ללכת בה ובערת הרע מקרבך
(232813, 66, 4);30;ל;273007;(5, 13, 6, 105, 273007);71600;(5, 13, 6, 27, 71600);אלהיך;2;27;והנביא ההוא או חלם החלום ההוא יומת כי דבר סרה על יהוה אלהיכם המוציא אתכם מארץ מצרים והפדך מבית עבדים להדיחך מן הדרך אשר צוך יהוה אלהיך ללכת בה ובערת הרע מקרבך
(232813, 66, 4);20;כ;273073;(5, 13, 7, 44, 273073);71621;(5, 13, 7, 16, 71621);כנפשך;1;16;כי יסיתך אחיך בן אמך או בנך או בתך או אשת חיקך או רעך אשר כנפשך בסתר לאמר נלכה ונעבדה אלהים אחרים אשר לא ידעת אתה ואבתיך
(232813, 66, 4);10;י;273139;(5, 13, 8, 16, 273139);71636;(5, 13, 8, 4, 71636);סביבתיכם;3;4;מאלהי העמים אשר סביבתיכם הקרבים אליך או הרחקים ממך מקצה הארץ ועד קצה הארץ
(232813, 66, 4);1;א;273205;(5, 13, 9, 22, 273205);71653;(5, 13, 9, 7, 71653);ולא;3;7;לא תאבה לו ולא תשמע אליו ולא תחוס עינך עליו ולא תחמל ולא תכסה עליו
(232813, 66, 4);4;ד;273271;(5, 13, 10, 36, 273271);71670;(5, 13, 10, 9, 71670);ויד;3;9;כי הרג תהרגנו ידך תהיה בו בראשונה להמיתו ויד כל העם באחרנה
(232813, 66, 4);40;מ;273337;(5, 13, 11, 55, 273337);71686;(5, 13, 11, 13, 71686);מבית;1;13;וסקלתו באבנים ומת כי בקש להדיחך מעל יהוה אלהיך המוציאך מארץ מצרים מבית עבדים
(232813, 66, 4);70;ע;273403;(5, 13, 13, 11, 273403);71702;(5, 13, 13, 4, 71702);עריך;1;4;כי תשמע באחת עריך אשר יהוה אלהיך נתן לך לשבת שם לאמר
(232813, 66, 4);10;י;273469;(5, 13, 14, 36, 273469);71719;(5, 13, 14, 9, 71719);עירם;2;9;יצאו אנשים בני בליעל מקרבך וידיחו את ישבי עירם לאמר נלכה ונעבדה אלהים אחרים אשר לא ידעתם
(232813, 66, 4);50;ן;273535;(5, 13, 15, 30, 273535);71734;(5, 13, 15, 7, 71734);נכון;4;7;ודרשת וחקרת ושאלת היטב והנה אמת נכון הדבר נעשתה התועבה הזאת בקרבך
(232813, 66, 4);2;ב;273601;(5, 13, 16, 42, 273601);71753;(5, 13, 16, 14, 71753);בה;1;14;הכה תכה את ישבי העיר ההוא לפי חרב החרם אתה ואת כל אשר בה ואת בהמתה לפי חרב
(232813, 66, 4);10;י;273667;(5, 13, 17, 51, 273667);71773;(5, 13, 17, 16, 71773);ליהוה;2;16;ואת כל שללה תקבץ אל תוך רחבה ושרפת באש את העיר ואת כל שללה כליל ליהוה אלהיך והיתה תל עולם לא תבנה עוד
(232813, 66, 4);6;ו;273733;(5, 13, 18, 38, 273733);71790;(5, 13, 18, 10, 71790);מחרון;4;10;ולא ידבק בידך מאומה מן החרם למען ישוב יהוה מחרון אפו ונתן לך רחמים ורחמך והרבך כאשר נשבע לאבתיך
(232813, 66, 4);30;ל;273799;(5, 13, 19, 27, 273799);71807;(5, 13, 19, 8, 71807);כל;2;8;כי תשמע בקול יהוה אלהיך לשמר את כל מצותיו אשר אנכי מצוך היום לעשות הישר בעיני יהוה אלהיך
(232813, 66, 4);400;ת;273865;(5, 14, 1, 22, 273865);71823;(5, 14, 1, 6, 71823);תתגדדו;2;6;בנים אתם ליהוה אלהיכם לא תתגדדו ולא תשימו קרחה בין עיניכם למת
(232813, 66, 4);6;ו;273931;(5, 14, 2, 38, 273931);71840;(5, 14, 2, 11, 71840);לו;2;11;כי עם קדוש אתה ליהוה אלהיך ובך בחר יהוה להיות לו לעם סגלה מכל העמים אשר על פני האדמה
(232813, 66, 4);10;י;273997;(5, 14, 4, 25, 273997);71859;(5, 14, 4, 7, 71859);כשבים;4;7;זאת הבהמה אשר תאכלו שור שה כשבים ושה עזים
(232813, 66, 4);80;פ;274063;(5, 14, 6, 28, 274063);71876;(5, 14, 6, 8, 71876);פרסות;1;8;וכל בהמה מפרסת פרסה ושסעת שסע שתי פרסות מעלת גרה בבהמה אתה תאכלו
(232813, 66, 4);1;א;274129;(5, 14, 7, 42, 274129);71892;(5, 14, 7, 11, 71892);את;1;11;אך את זה לא תאכלו ממעלי הגרה וממפריסי הפרסה השסועה את הגמל ואת הארנבת ואת השפן כי מעלה גרה המה ופרסה לא הפריסו טמאים הם לכם
(232813, 66, 4);10;י;274195;(5, 14, 8, 10, 274195);71910;(5, 14, 8, 3, 71910);כי;2;3;ואת החזיר כי מפריס פרסה הוא ולא גרה טמא הוא לכם מבשרם לא תאכלו ובנבלתם לא תגעו
(232813, 66, 4);300;ש;274261;(5, 14, 9, 14, 274261);71929;(5, 14, 9, 5, 71929);אשר;2;5;את זה תאכלו מכל אשר במים כל אשר לו סנפיר וקשקשת תאכלו
(232813, 66, 4);40;ם;274327;(5, 14, 10, 38, 274327);71947;(5, 14, 10, 11, 71947);לכם;3;11;וכל אשר אין לו סנפיר וקשקשת לא תאכלו טמא הוא לכם
(232813, 66, 4);40;מ;274393;(5, 14, 13, 19, 274393);71964;(5, 14, 13, 5, 71964);למינה;2;5;והראה ואת האיה והדיה למינה
(232813, 66, 4);300;ש;274459;(5, 14, 16, 13, 274459);71982;(5, 14, 16, 4, 71982);הינשוף;4;4;את הכוס ואת הינשוף והתנשמת
(232813, 66, 4);200;ר;274525;(5, 14, 19, 5, 274525);71995;(5, 14, 19, 2, 71995);שרץ;2;2;וכל שרץ העוף טמא הוא לכם לא יאכלו
(232813, 66, 4);6;ו;274591;(5, 14, 21, 31, 274591);72014;(5, 14, 21, 9, 72014);ואכלה;1;9;לא תאכלו כל נבלה לגר אשר בשעריך תתננה ואכלה או מכר לנכרי כי עם קדוש אתה ליהוה אלהיך לא תבשל גדי בחלב אמו
(232813, 66, 4);1;א;274657;(5, 14, 22, 15, 274657);72033;(5, 14, 22, 5, 72033);תבואת;4;5;עשר תעשר את כל תבואת זרעך היצא השדה שנה שנה
(232813, 66, 4);20;ך;274723;(5, 14, 23, 47, 274723);72050;(5, 14, 23, 12, 72050);דגנך;4;12;ואכלת לפני יהוה אלהיך במקום אשר יבחר לשכן שמו שם מעשר דגנך תירשך ויצהרך ובכרת בקרך וצאנך למען תלמד ליראה את יהוה אלהיך כל הימים
(232813, 66, 4);20;ך;274789;(5, 14, 24, 10, 274789);72066;(5, 14, 24, 3, 72066);ממך;3;3;וכי ירבה ממך הדרך כי לא תוכל שאתו כי ירחק ממך המקום אשר יבחר יהוה אלהיך לשום שמו שם כי יברכך יהוה אלהיך
(232813, 66, 4);5;ה;274855;(5, 14, 24, 76, 274855);72085;(5, 14, 24, 22, 72085);יהוה;4;22;וכי ירבה ממך הדרך כי לא תוכל שאתו כי ירחק ממך המקום אשר יבחר יהוה אלהיך לשום שמו שם כי יברכך יהוה אלהיך
(232813, 66, 4);2;ב;274921;(5, 14, 26, 10, 274921);72102;(5, 14, 26, 3, 72102);בכל;1;3;ונתתה הכסף בכל אשר תאוה נפשך בבקר ובצאן וביין ובשכר ובכל אשר תשאלך נפשך ואכלת שם לפני יהוה אלהיך ושמחת אתה וביתך
(232813, 66, 4);5;ה;274987;(5, 14, 26, 76, 274987);72118;(5, 14, 26, 19, 72118);אלהיך;3;19;ונתתה הכסף בכל אשר תאוה נפשך בבקר ובצאן וביין ובשכר ובכל אשר תשאלך נפשך ואכלת שם לפני יהוה אלהיך ושמחת אתה וביתך
(232813, 66, 4);40;ם;275053;(5, 14, 28, 11, 275053);72135;(5, 14, 28, 3, 72135);שנים;4;3;מקצה שלש שנים תוציא את כל מעשר תבואתך בשנה ההוא והנחת בשעריך
(232813, 66, 4);3;ג;275119;(5, 14, 29, 28, 275119);72153;(5, 14, 29, 9, 72153);והגר;3;9;ובא הלוי כי אין לו חלק ונחלה עמך והגר והיתום והאלמנה אשר בשעריך ואכלו ושבעו למען יברכך יהוה אלהיך בכל מעשה ידך אשר תעשה
(232813, 66, 4);70;ע;275185;(5, 14, 29, 94, 275185);72168;(5, 14, 29, 24, 72168);תעשה;2;24;ובא הלוי כי אין לו חלק ונחלה עמך והגר והיתום והאלמנה אשר בשעריך ואכלו ושבעו למען יברכך יהוה אלהיך בכל מעשה ידך אשר תעשה
(232813, 66, 4);70;ע;275251;(5, 15, 2, 46, 275251);72188;(5, 15, 2, 15, 72188);רעהו;2;15;וזה דבר השמטה שמוט כל בעל משה ידו אשר ישה ברעהו לא יגש את רעהו ואת אחיו כי קרא שמטה ליהוה
(232813, 66, 4);10;י;275317;(5, 15, 4, 10, 275317);72208;(5, 15, 4, 4, 72208);יהיה;3;4;אפס כי לא יהיה בך אביון כי ברך יברכך יהוה בארץ אשר יהוה אלהיך נתן לך נחלה לרשתה
(232813, 66, 4);100;ק;275383;(5, 15, 5, 14, 275383);72227;(5, 15, 5, 5, 72227);בקול;2;5;רק אם שמוע תשמע בקול יהוה אלהיך לשמר לעשות את כל המצוה הזאת אשר אנכי מצוך היום
(232813, 66, 4);300;ש;275449;(5, 15, 6, 18, 275449);72244;(5, 15, 6, 5, 72244);כאשר;3;5;כי יהוה אלהיך ברכך כאשר דבר לך והעבטת גוים רבים ואתה לא תעבט ומשלת בגוים רבים ובך לא ימשלו
(232813, 66, 4);6;ו;275515;(5, 15, 7, 12, 275515);72262;(5, 15, 7, 4, 72262);אביון;4;4;כי יהיה בך אביון מאחד אחיך באחד שעריך בארצך אשר יהוה אלהיך נתן לך לא תאמץ את לבבך ולא תקפץ את ידך מאחיך האביון
(232813, 66, 4);1;א;275581;(5, 15, 7, 78, 275581);72281;(5, 15, 7, 23, 72281);מאחיך;2;23;כי יהיה בך אביון מאחד אחיך באחד שעריך בארצך אשר יהוה אלהיך נתן לך לא תאמץ את לבבך ולא תקפץ את ידך מאחיך האביון
(232813, 66, 4);4;ד;275647;(5, 15, 9, 13, 275647);72300;(5, 15, 9, 5, 72300);דבר;1;5;השמר לך פן יהיה דבר עם לבבך בליעל לאמר קרבה שנת השבע שנת השמטה ורעה עינך באחיך האביון ולא תתן לו וקרא עליך אל יהוה והיה בך חטא
(232813, 66, 4);200;ר;275713;(5, 15, 9, 79, 275713);72317;(5, 15, 9, 22, 72317);וקרא;3;22;השמר לך פן יהיה דבר עם לבבך בליעל לאמר קרבה שנת השבע שנת השמטה ורעה עינך באחיך האביון ולא תתן לו וקרא עליך אל יהוה והיה בך חטא
(232813, 66, 4);6;ו;275779;(5, 15, 10, 46, 275779);72337;(5, 15, 10, 14, 72337);יהוה;3;14;נתון תתן לו ולא ירע לבבך בתתך לו כי בגלל הדבר הזה יברכך יהוה אלהיך בכל מעשך ובכל משלח ידך
(232813, 66, 4);80;פ;275845;(5, 15, 11, 42, 275845);72356;(5, 15, 11, 13, 72356);תפתח;2;13;כי לא יחדל אביון מקרב הארץ על כן אנכי מצוך לאמר פתח תפתח את ידך לאחיך לעניך ולאבינך בארצך
(232813, 66, 4);6;ו;275911;(5, 15, 12, 37, 275911);72373;(5, 15, 12, 11, 72373);ובשנה;1;11;כי ימכר לך אחיך העברי או העבריה ועבדך שש שנים ובשנה השביעת תשלחנו חפשי מעמך
(232813, 66, 4);40;מ;275977;(5, 15, 14, 13, 275977);72388;(5, 15, 14, 4, 72388);מצאנך;1;4;העניק תעניק לו מצאנך ומגרנך ומיקבך אשר ברכך יהוה אלהיך תתן לו
(232813, 66, 4);10;י;276043;(5, 15, 15, 29, 276043);72404;(5, 15, 15, 8, 72404);יהוה;1;8;וזכרת כי עבד היית בארץ מצרים ויפדך יהוה אלהיך על כן אנכי מצוך את הדבר הזה היום
(232813, 66, 4);2;ב;276109;(5, 15, 16, 33, 276109);72424;(5, 15, 16, 11, 72424);ביתך;1;11;והיה כי יאמר אליך לא אצא מעמך כי אהבך ואת ביתך כי טוב לו עמך
(232813, 66, 4);20;כ;276175;(5, 15, 17, 53, 276175);72442;(5, 15, 17, 14, 72442);כן;1;14;ולקחת את המרצע ונתתה באזנו ובדלת והיה לך עבד עולם ואף לאמתך תעשה כן
(232813, 66, 4);2;ב;276241;(5, 15, 18, 65, 276241);72460;(5, 15, 18, 18, 72460);בכל;1;18;לא יקשה בעינך בשלחך אתו חפשי מעמך כי משנה שכר שכיר עבדך שש שנים וברכך יהוה אלהיך בכל אשר תעשה
(232813, 66, 4);200;ר;276307;(5, 15, 19, 57, 276307);72476;(5, 15, 19, 14, 72476);שורך;3;14;כל הבכור אשר יולד בבקרך ובצאנך הזכר תקדיש ליהוה אלהיך לא תעבד בבכר שורך ולא תגז בכור צאנך
(232813, 66, 4);6;ו;276373;(5, 15, 21, 1, 276373);72493;(5, 15, 21, 1, 72493);וכי;1;1;וכי יהיה בו מום פסח או עור כל מום רע לא תזבחנו ליהוה אלהיך
(232813, 66, 4);200;ר;276439;(5, 15, 22, 22, 276439);72510;(5, 15, 22, 4, 72510);והטהור;6;4;בשעריך תאכלנו הטמא והטהור יחדו כצבי וכאיל
(232813, 66, 4);10;י;276505;(5, 16, 1, 24, 276505);72529;(5, 16, 1, 7, 72529);ליהוה;2;7;שמור את חדש האביב ועשית פסח ליהוה אלהיך כי בחדש האביב הוציאך יהוה אלהיך ממצרים לילה
(232813, 66, 4);6;ו;276571;(5, 16, 2, 22, 276571);72544;(5, 16, 2, 6, 72544);ובקר;1;6;וזבחת פסח ליהוה אלהיך צאן ובקר במקום אשר יבחר יהוה לשכן שמו שם
(232813, 66, 4);50;נ;276637;(5, 16, 3, 38, 276637);72562;(5, 16, 3, 11, 72562);עני;2;11;לא תאכל עליו חמץ שבעת ימים תאכל עליו מצות לחם עני כי בחפזון יצאת מארץ מצרים למען תזכר את יום צאתך מארץ מצרים כל ימי חייך
(232813, 66, 4);20;ך;276703;(5, 16, 4, 9, 276703);72580;(5, 16, 4, 3, 72580);לך;2;3;ולא יראה לך שאר בכל גבלך שבעת ימים ולא ילין מן הבשר אשר תזבח בערב ביום הראשון לבקר
(232813, 66, 4);8;ח;276769;(5, 16, 5, 10, 276769);72598;(5, 16, 5, 3, 72598);לזבח;4;3;לא תוכל לזבח את הפסח באחד שעריך אשר יהוה אלהיך נתן לך
(232813, 66, 4);6;ו;276835;(5, 16, 6, 34, 276835);72617;(5, 16, 6, 10, 72617);שמו;3;10;כי אם אל המקום אשר יבחר יהוה אלהיך לשכן שמו שם תזבח את הפסח בערב כבוא השמש מועד צאתך ממצרים
(232813, 66, 4);30;ל;276901;(5, 16, 7, 28, 276901);72634;(5, 16, 7, 7, 72634);אלהיך;2;7;ובשלת ואכלת במקום אשר יבחר יהוה אלהיך בו ופנית בבקר והלכת לאהליך
(232813, 66, 4);30;ל;276967;(5, 16, 8, 41, 276967);72649;(5, 16, 8, 10, 72649);לא;1;10;ששת ימים תאכל מצות וביום השביעי עצרת ליהוה אלהיך לא תעשה מלאכה
(232813, 66, 4);10;י;277033;(5, 16, 10, 14, 277033);72666;(5, 16, 10, 4, 72666);ליהוה;2;4;ועשית חג שבעות ליהוה אלהיך מסת נדבת ידך אשר תתן כאשר יברכך יהוה אלהיך
(232813, 66, 4);50;נ;277099;(5, 16, 11, 24, 277099);72682;(5, 16, 11, 6, 72682);ובנך;3;6;ושמחת לפני יהוה אלהיך אתה ובנך ובתך ועבדך ואמתך והלוי אשר בשעריך והגר והיתום והאלמנה אשר בקרבך במקום אשר יבחר יהוה אלהיך לשכן שמו שם
(232813, 66, 4);200;ר;277165;(5, 16, 11, 90, 277165);72696;(5, 16, 11, 20, 72696);יבחר;4;20;ושמחת לפני יהוה אלהיך אתה ובנך ובתך ועבדך ואמתך והלוי אשר בשעריך והגר והיתום והאלמנה אשר בקרבך במקום אשר יבחר יהוה אלהיך לשכן שמו שם
(232813, 66, 4);400;ת;277231;(5, 16, 13, 7, 277231);72714;(5, 16, 13, 3, 72714);תעשה;1;3;חג הסכת תעשה לך שבעת ימים באספך מגרנך ומיקבך
(232813, 66, 4);5;ה;277297;(5, 16, 14, 37, 277297);72729;(5, 16, 14, 9, 72729);והגר;2;9;ושמחת בחגך אתה ובנך ובתך ועבדך ואמתך והלוי והגר והיתום והאלמנה אשר בשעריך
(232813, 66, 4);200;ר;277363;(5, 16, 15, 42, 277363);72744;(5, 16, 15, 11, 72744);יברכך;3;11;שבעת ימים תחג ליהוה אלהיך במקום אשר יבחר יהוה כי יברכך יהוה אלהיך בכל תבואתך ובכל מעשה ידיך והיית אך שמח
(232813, 66, 4);20;ך;277429;(5, 16, 16, 24, 277429);72760;(5, 16, 16, 6, 72760);זכורך;5;6;שלוש פעמים בשנה יראה כל זכורך את פני יהוה אלהיך במקום אשר יבחר בחג המצות ובחג השבעות ובחג הסכות ולא יראה את פני יהוה ריקם
(232813, 66, 4);10;י;277495;(5, 16, 16, 90, 277495);72778;(5, 16, 16, 24, 72778);יהוה;1;24;שלוש פעמים בשנה יראה כל זכורך את פני יהוה אלהיך במקום אשר יבחר בחג המצות ובחג השבעות ובחג הסכות ולא יראה את פני יהוה ריקם
(232813, 66, 4);300;ש;277561;(5, 16, 18, 26, 277561);72795;(5, 16, 18, 7, 72795);אשר;2;7;שפטים ושטרים תתן לך בכל שעריך אשר יהוה אלהיך נתן לך לשבטיך ושפטו את העם משפט צדק
(232813, 66, 4);4;ד;277627;(5, 16, 19, 28, 277627);72814;(5, 16, 19, 9, 72814);שחד;3;9;לא תטה משפט לא תכיר פנים ולא תקח שחד כי השחד יעור עיני חכמים ויסלף דברי צדיקם
(232813, 66, 4);10;י;277693;(5, 16, 20, 33, 277693);72832;(5, 16, 20, 10, 72832);יהוה;1;10;צדק צדק תרדף למען תחיה וירשת את הארץ אשר יהוה אלהיך נתן לך
(232813, 66, 4);5;ה;277759;(5, 16, 22, 13, 277759);72852;(5, 16, 22, 4, 72852);מצבה;4;4;ולא תקים לך מצבה אשר שנא יהוה אלהיך
(232813, 66, 4);6;ו;277825;(5, 17, 1, 51, 277825);72872;(5, 17, 1, 16, 72872);יהוה;3;16;לא תזבח ליהוה אלהיך שור ושה אשר יהיה בו מום כל דבר רע כי תועבת יהוה אלהיך הוא
(232813, 66, 4);70;ע;277891;(5, 17, 2, 57, 277891);72891;(5, 17, 2, 17, 72891);הרע;3;17;כי ימצא בקרבך באחד שעריך אשר יהוה אלהיך נתן לך איש או אשה אשר יעשה את הרע בעיני יהוה אלהיך לעבר בריתו
(232813, 66, 4);20;כ;277957;(5, 17, 3, 43, 277957);72907;(5, 17, 3, 11, 72907);לכל;2;11;וילך ויעבד אלהים אחרים וישתחו להם ולשמש או לירח או לכל צבא השמים אשר לא צויתי
(232813, 66, 4);5;ה;278023;(5, 17, 4, 47, 278023);72924;(5, 17, 4, 12, 72924);הזאת;1;12;והגד לך ושמעת ודרשת היטב והנה אמת נכון הדבר נעשתה התועבה הזאת בישראל
(232813, 66, 4);1;א;278089;(5, 17, 5, 57, 278089);72943;(5, 17, 5, 18, 72943);האיש;2;18;והוצאת את האיש ההוא או את האשה ההוא אשר עשו את הדבר הרע הזה אל שעריך את האיש או את האשה וסקלתם באבנים ומתו
(232813, 66, 4);70;ע;278155;(5, 17, 6, 40, 278155);72963;(5, 17, 6, 14, 72963);עד;1;14;על פי שנים עדים או שלשה עדים יומת המת לא יומת על פי עד אחד
(232813, 66, 4);4;ד;278221;(5, 17, 8, 10, 278221);72981;(5, 17, 8, 4, 72981);דבר;1;4;כי יפלא ממך דבר למשפט בין דם לדם בין דין לדין ובין נגע לנגע דברי ריבת בשעריך וקמת ועלית אל המקום אשר יבחר יהוה אלהיך בו
(232813, 66, 4);40;ם;278287;(5, 17, 8, 76, 278287);72998;(5, 17, 8, 21, 72998);המקום;5;21;כי יפלא ממך דבר למשפט בין דם לדם בין דין לדין ובין נגע לנגע דברי ריבת בשעריך וקמת ועלית אל המקום אשר יבחר יהוה אלהיך בו
(232813, 66, 4);10;י;278353;(5, 17, 9, 48, 278353);73015;(5, 17, 9, 12, 73015);והגידו;4;12;ובאת אל הכהנים הלוים ואל השפט אשר יהיה בימים ההם ודרשת והגידו לך את דבר המשפט
(232813, 66, 4);70;ע;278419;(5, 17, 10, 52, 278419);73034;(5, 17, 10, 15, 73034);לעשות;2;15;ועשית על פי הדבר אשר יגידו לך מן המקום ההוא אשר יבחר יהוה ושמרת לעשות ככל אשר יורוך
(232813, 66, 4);1;א;278485;(5, 17, 11, 52, 278485);73053;(5, 17, 11, 16, 73053);אשר;1;16;על פי התורה אשר יורוך ועל המשפט אשר יאמרו לך תעשה לא תסור מן הדבר אשר יגידו לך ימין ושמאל
(232813, 66, 4);1;א;278551;(5, 17, 12, 48, 278551);73071;(5, 17, 12, 14, 73071);אלהיך;1;14;והאיש אשר יעשה בזדון לבלתי שמע אל הכהן העמד לשרת שם את יהוה אלהיך או אל השפט ומת האיש ההוא ובערת הרע מישראל
(232813, 66, 4);20;כ;278617;(5, 17, 14, 1, 278617);73088;(5, 17, 14, 1, 73088);כי;1;1;כי תבא אל הארץ אשר יהוה אלהיך נתן לך וירשתה וישבתה בה ואמרת אשימה עלי מלך ככל הגוים אשר סביבתי
(232813, 66, 4);1;א;278683;(5, 17, 14, 67, 278683);73106;(5, 17, 14, 19, 73106);אשר;1;19;כי תבא אל הארץ אשר יהוה אלהיך נתן לך וירשתה וישבתה בה ואמרת אשימה עלי מלך ככל הגוים אשר סביבתי
(232813, 66, 4);30;ל;278749;(5, 17, 15, 58, 278749);73124;(5, 17, 15, 17, 73124);לתת;1;17;שום תשים עליך מלך אשר יבחר יהוה אלהיך בו מקרב אחיך תשים עליך מלך לא תוכל לתת עליך איש נכרי אשר לא אחיך הוא
(232813, 66, 4);6;ו;278815;(5, 17, 16, 41, 278815);73143;(5, 17, 16, 12, 73143);הרבות;4;12;רק לא ירבה לו סוסים ולא ישיב את העם מצרימה למען הרבות סוס ויהוה אמר לכם לא תספון לשוב בדרך הזה עוד
(232813, 66, 4);7;ז;278881;(5, 17, 17, 30, 278881);73162;(5, 17, 17, 9, 73162);וזהב;2;9;ולא ירבה לו נשים ולא יסור לבבו וכסף וזהב לא ירבה לו מאד
(232813, 66, 4);20;כ;278947;(5, 17, 18, 53, 278947);73181;(5, 17, 18, 15, 73181);הכהנים;2;15;והיה כשבתו על כסא ממלכתו וכתב לו את משנה התורה הזאת על ספר מלפני הכהנים הלוים
(232813, 66, 4);2;ב;279013;(5, 17, 19, 57, 279013);73199;(5, 17, 19, 17, 73199);דברי;2;17;והיתה עמו וקרא בו כל ימי חייו למען ילמד ליראה את יהוה אלהיו לשמר את כל דברי התורה הזאת ואת החקים האלה לעשתם
(232813, 66, 4);6;ו;279079;(5, 17, 20, 38, 279079);73215;(5, 17, 20, 10, 73215);ושמאול;1;10;לבלתי רום לבבו מאחיו ולבלתי סור מן המצוה ימין ושמאול למען יאריך ימים על ממלכתו הוא ובניו בקרב ישראל
(232813, 66, 4);30;ל;279145;(5, 18, 1, 23, 279145);73231;(5, 18, 1, 7, 73231);לוי;1;7;לא יהיה לכהנים הלוים כל שבט לוי חלק ונחלה עם ישראל אשי יהוה ונחלתו יאכלון
(232813, 66, 4);8;ח;279211;(5, 18, 2, 30, 279211);73248;(5, 18, 2, 9, 73248);נחלתו;2;9;ונחלה לא יהיה לו בקרב אחיו יהוה הוא נחלתו כאשר דבר לו
(232813, 66, 4);200;ר;279277;(5, 18, 3, 54, 279277);73267;(5, 18, 3, 16, 73267);הזרע;3;16;וזה יהיה משפט הכהנים מאת העם מאת זבחי הזבח אם שור אם שה ונתן לכהן הזרע והלחיים והקבה
(232813, 66, 4);20;ך;279343;(5, 18, 5, 16, 279343);73283;(5, 18, 5, 5, 73283);אלהיך;5;5;כי בו בחר יהוה אלהיך מכל שבטיך לעמד לשרת בשם יהוה הוא ובניו כל הימים
(232813, 66, 4);1;א;279409;(5, 18, 6, 28, 279409);73301;(5, 18, 6, 8, 73301);אשר;1;8;וכי יבא הלוי מאחד שעריך מכל ישראל אשר הוא גר שם ובא בכל אות נפשו אל המקום אשר יבחר יהוה
(232813, 66, 4);6;ו;279475;(5, 18, 7, 26, 279475);73320;(5, 18, 7, 7, 73320);הלוים;3;7;ושרת בשם יהוה אלהיו ככל אחיו הלוים העמדים שם לפני יהוה
(232813, 66, 4);5;ה;279541;(5, 18, 9, 20, 279541);73338;(5, 18, 9, 7, 73338);יהוה;4;7;כי אתה בא אל הארץ אשר יהוה אלהיך נתן לך לא תלמד לעשות כתועבת הגוים ההם
(232813, 66, 4);40;ם;279607;(5, 18, 10, 31, 279607);73356;(5, 18, 10, 9, 73356);קסמים;5;9;לא ימצא בך מעביר בנו ובתו באש קסם קסמים מעונן ומנחש ומכשף
(232813, 66, 4);6;ו;279673;(5, 18, 12, 20, 279673);73374;(5, 18, 12, 7, 73374);ובגלל;1;7;כי תועבת יהוה כל עשה אלה ובגלל התועבת האלה יהוה אלהיך מוריש אותם מפניך
(232813, 66, 4);30;ל;279739;(5, 18, 14, 10, 279739);73389;(5, 18, 14, 3, 73389);האלה;3;3;כי הגוים האלה אשר אתה יורש אותם אל מעננים ואל קסמים ישמעו ואתה לא כן נתן לך יהוה אלהיך
(232813, 66, 4);2;ב;279805;(5, 18, 15, 8, 279805);73407;(5, 18, 15, 2, 73407);מקרבך;4;2;נביא מקרבך מאחיך כמני יקים לך יהוה אלהיך אליו תשמעון
(232813, 66, 4);5;ה;279871;(5, 18, 16, 31, 279871);73424;(5, 18, 16, 9, 73424);הקהל;1;9;ככל אשר שאלת מעם יהוה אלהיך בחרב ביום הקהל לאמר לא אסף לשמע את קול יהוה אלהי ואת האש הגדלה הזאת לא אראה עוד ולא אמות
(232813, 66, 4);10;י;279937;(5, 18, 17, 6, 279937);73443;(5, 18, 17, 2, 73443);יהוה;1;2;ויאמר יהוה אלי היטיבו אשר דברו
(232813, 66, 4);1;א;280003;(5, 18, 18, 47, 280003);73459;(5, 18, 18, 12, 73459);את;1;12;נביא אקים להם מקרב אחיהם כמוך ונתתי דברי בפיו ודבר אליהם את כל אשר אצונו
(232813, 66, 4);300;ש;280069;(5, 18, 20, 9, 280069);73478;(5, 18, 20, 3, 73478);אשר;2;3;אך הנביא אשר יזיד לדבר דבר בשמי את אשר לא צויתיו לדבר ואשר ידבר בשם אלהים אחרים ומת הנביא ההוא
(232813, 66, 4);1;א;280135;(5, 18, 20, 75, 280135);73495;(5, 18, 20, 20, 73495);ההוא;4;20;אך הנביא אשר יזיד לדבר דבר בשמי את אשר לא צויתיו לדבר ואשר ידבר בשם אלהים אחרים ומת הנביא ההוא
(232813, 66, 4);4;ד;280201;(5, 18, 22, 28, 280201);73514;(5, 18, 22, 8, 73514);הדבר;2;8;אשר ידבר הנביא בשם יהוה ולא יהיה הדבר ולא יבא הוא הדבר אשר לא דברו יהוה בזדון דברו הנביא לא תגור ממנו
(232813, 66, 4);5;ה;280267;(5, 19, 1, 14, 280267);73532;(5, 19, 1, 4, 73532);אלהיך;3;4;כי יכרית יהוה אלהיך את הגוים אשר יהוה אלהיך נתן לך את ארצם וירשתם וישבת בעריהם ובבתיהם
(232813, 66, 4);2;ב;280333;(5, 19, 2, 10, 280333);73548;(5, 19, 2, 3, 73548);תבדיל;2;3;שלוש ערים תבדיל לך בתוך ארצך אשר יהוה אלהיך נתן לך לרשתה
(232813, 66, 4);8;ח;280399;(5, 19, 3, 31, 280399);73566;(5, 19, 3, 9, 73566);ינחילך;3;9;תכין לך הדרך ושלשת את גבול ארצך אשר ינחילך יהוה אלהיך והיה לנוס שמה כל רצח
(232813, 66, 4);30;ל;280465;(5, 19, 4, 38, 280465);73585;(5, 19, 4, 12, 73585);בבלי;3;12;וזה דבר הרצח אשר ינוס שמה וחי אשר יכה את רעהו בבלי דעת והוא לא שנא לו מתמל שלשם
(232813, 66, 4);5;ה;280531;(5, 19, 5, 43, 280531);73604;(5, 19, 5, 12, 73604);העץ;1;12;ואשר יבא את רעהו ביער לחטב עצים ונדחה ידו בגרזן לכרת העץ ונשל הברזל מן העץ ומצא את רעהו ומת הוא ינוס אל אחת הערים האלה וחי
(232813, 66, 4);1;א;280597;(5, 19, 6, 13, 280597);73624;(5, 19, 6, 5, 73624);אחרי;1;5;פן ירדף גאל הדם אחרי הרצח כי יחם לבבו והשיגו כי ירבה הדרך והכהו נפש ולו אין משפט מות כי לא שנא הוא לו מתמול שלשום
(232813, 66, 4);40;מ;280663;(5, 19, 6, 79, 280663);73644;(5, 19, 6, 25, 73644);מתמול;1;25;פן ירדף גאל הדם אחרי הרצח כי יחם לבבו והשיגו כי ירבה הדרך והכהו נפש ולו אין משפט מות כי לא שנא הוא לו מתמול שלשום
(232813, 66, 4);200;ר;280729;(5, 19, 8, 27, 280729);73661;(5, 19, 8, 7, 73661);כאשר;4;7;ואם ירחיב יהוה אלהיך את גבלך כאשר נשבע לאבתיך ונתן לך את כל הארץ אשר דבר לתת לאבתיך
(232813, 66, 4);200;ר;280795;(5, 19, 9, 27, 280795);73680;(5, 19, 9, 8, 73680);אשר;3;8;כי תשמר את כל המצוה הזאת לעשתה אשר אנכי מצוך היום לאהבה את יהוה אלהיך וללכת בדרכיו כל הימים ויספת לך עוד שלש ערים על השלש האלה
(232813, 66, 4);5;ה;280861;(5, 19, 9, 93, 280861);73698;(5, 19, 9, 26, 73698);השלש;1;26;כי תשמר את כל המצוה הזאת לעשתה אשר אנכי מצוך היום לאהבה את יהוה אלהיך וללכת בדרכיו כל הימים ויספת לך עוד שלש ערים על השלש האלה
(232813, 66, 4);10;י;280927;(5, 19, 11, 6, 280927);73716;(5, 19, 11, 2, 73716);יהיה;3;2;וכי יהיה איש שנא לרעהו וארב לו וקם עליו והכהו נפש ומת ונס אל אחת הערים האל
(232813, 66, 4);6;ו;280993;(5, 19, 12, 14, 280993);73735;(5, 19, 12, 4, 73735);ולקחו;1;4;ושלחו זקני עירו ולקחו אתו משם ונתנו אתו ביד גאל הדם ומת
(232813, 66, 4);30;ל;281059;(5, 19, 13, 36, 281059);73753;(5, 19, 13, 10, 73753);לך;1;10;לא תחוס עינך עליו ובערת דם הנקי מישראל וטוב לך
(232813, 66, 4);5;ה;281125;(5, 19, 14, 65, 281125);73770;(5, 19, 14, 17, 73770);לרשתה;5;17;לא תסיג גבול רעך אשר גבלו ראשנים בנחלתך אשר תנחל בארץ אשר יהוה אלהיך נתן לך לרשתה
(232813, 66, 4);10;י;281191;(5, 19, 15, 66, 281191);73792;(5, 19, 15, 22, 73792);עדים;3;22;לא יקום עד אחד באיש לכל עון ולכל חטאת בכל חטא אשר יחטא על פי שני עדים או על פי שלשה עדים יקום דבר
(232813, 66, 4);30;ל;281257;(5, 19, 17, 33, 281257);73811;(5, 19, 17, 9, 73811);לפני;1;9;ועמדו שני האנשים אשר להם הריב לפני יהוה לפני הכהנים והשפטים אשר יהיו בימים ההם
(232813, 66, 4);1;א;281323;(5, 19, 18, 35, 281323);73827;(5, 19, 18, 10, 73827);באחיו;2;10;ודרשו השפטים היטב והנה עד שקר העד שקר ענה באחיו
(232813, 66, 4);6;ו;281389;(5, 19, 20, 25, 281389);73841;(5, 19, 20, 5, 73841);יספו;4;5;והנשארים ישמעו ויראו ולא יספו לעשות עוד כדבר הרע הזה בקרבך
(232813, 66, 4);20;כ;281455;(5, 20, 1, 1, 281455);73861;(5, 20, 1, 1, 73861);כי;1;1;כי תצא למלחמה על איבך וראית סוס ורכב עם רב ממך לא תירא מהם כי יהוה אלהיך עמך המעלך מארץ מצרים
(232813, 66, 4);200;ר;281521;(5, 20, 1, 67, 281521);73880;(5, 20, 1, 20, 73880);מארץ;3;20;כי תצא למלחמה על איבך וראית סוס ורכב עם רב ממך לא תירא מהם כי יהוה אלהיך עמך המעלך מארץ מצרים
(232813, 66, 4);5;ה;281587;(5, 20, 3, 25, 281587);73897;(5, 20, 3, 7, 73897);היום;1;7;ואמר אלהם שמע ישראל אתם קרבים היום למלחמה על איביכם אל ירך לבבכם אל תיראו ואל תחפזו ואל תערצו מפניהם
(232813, 66, 4);10;י;281653;(5, 20, 4, 10, 281653);73913;(5, 20, 4, 3, 73913);אלהיכם;4;3;כי יהוה אלהיכם ההלך עמכם להלחם לכם עם איביכם להושיע אתכם
(232813, 66, 4);2;ב;281719;(5, 20, 5, 30, 281719);73930;(5, 20, 5, 9, 73930);בנה;1;9;ודברו השטרים אל העם לאמר מי האיש אשר בנה בית חדש ולא חנכו ילך וישב לביתו פן ימות במלחמה ואיש אחר יחנכנו
(232813, 66, 4);20;כ;281785;(5, 20, 6, 14, 281785);73948;(5, 20, 6, 5, 73948);כרם;1;5;ומי האיש אשר נטע כרם ולא חללו ילך וישב לביתו פן ימות במלחמה ואיש אחר יחללנו
(232813, 66, 4);30;ל;281851;(5, 20, 7, 20, 281851);73966;(5, 20, 7, 7, 73966);לקחה;1;7;ומי האיש אשר ארש אשה ולא לקחה ילך וישב לביתו פן ימות במלחמה ואיש אחר יקחנה
(232813, 66, 4);10;י;281917;(5, 20, 8, 27, 281917);73982;(5, 20, 8, 7, 73982);מי;2;7;ויספו השטרים לדבר אל העם ואמרו מי האיש הירא ורך הלבב ילך וישב לביתו ולא ימס את לבב אחיו כלבבו
(232813, 66, 4);1;א;281983;(5, 20, 9, 19, 281983);74000;(5, 20, 9, 5, 74000);אל;1;5;והיה ככלת השטרים לדבר אל העם ופקדו שרי צבאות בראש העם
(232813, 66, 4);30;ל;282049;(5, 20, 11, 8, 282049);74018;(5, 20, 11, 3, 74018);שלום;2;3;והיה אם שלום תענך ופתחה לך והיה כל העם הנמצא בה יהיו לך למס ועבדוך
(232813, 66, 4);40;מ;282115;(5, 20, 12, 22, 282115);74037;(5, 20, 12, 7, 74037);מלחמה;1;7;ואם לא תשלים עמך ועשתה עמך מלחמה וצרת עליה
(232813, 66, 4);40;מ;282181;(5, 20, 14, 16, 282181);74053;(5, 20, 14, 4, 74053);והבהמה;5;4;רק הנשים והטף והבהמה וכל אשר יהיה בעיר כל שללה תבז לך ואכלת את שלל איביך אשר נתן יהוה אלהיך לך
(232813, 66, 4);20;כ;282247;(5, 20, 15, 8, 282247);74073;(5, 20, 15, 3, 74073);לכל;2;3;כן תעשה לכל הערים הרחקת ממך מאד אשר לא מערי הגוים האלה הנה
(232813, 66, 4);50;נ;282313;(5, 20, 16, 28, 282313);74091;(5, 20, 16, 8, 74091);נתן;1;8;רק מערי העמים האלה אשר יהוה אלהיך נתן לך נחלה לא תחיה כל נשמה
(232813, 66, 4);20;כ;282379;(5, 20, 17, 46, 282379);74107;(5, 20, 17, 10, 74107);כאשר;1;10;כי החרם תחרימם החתי והאמרי הכנעני והפרזי החוי והיבוסי כאשר צוך יהוה אלהיך
(232813, 66, 4);40;ם;282445;(5, 20, 18, 51, 282445);74122;(5, 20, 18, 12, 74122);וחטאתם;6;12;למען אשר לא ילמדו אתכם לעשות ככל תועבתם אשר עשו לאלהיהם וחטאתם ליהוה אלהיכם
(232813, 66, 4);200;ר;282511;(5, 20, 19, 55, 282511);74140;(5, 20, 19, 16, 74140);גרזן;2;16;כי תצור אל עיר ימים רבים להלחם עליה לתפשה לא תשחית את עצה לנדח עליו גרזן כי ממנו תאכל ואתו לא תכרת כי האדם עץ השדה לבא מפניך במצור
(232813, 66, 4);20;כ;282577;(5, 20, 20, 19, 282577);74161;(5, 20, 20, 8, 74161);מאכל;3;8;רק עץ אשר תדע כי לא עץ מאכל הוא אתו תשחית וכרת ובנית מצור על העיר אשר הוא עשה עמך מלחמה עד רדתה
(232813, 66, 4);4;ד;282643;(5, 21, 1, 12, 282643);74180;(5, 21, 1, 4, 74180);באדמה;3;4;כי ימצא חלל באדמה אשר יהוה אלהיך נתן לך לרשתה נפל בשדה לא נודע מי הכהו
(232813, 66, 4);30;ל;282709;(5, 21, 2, 23, 282709);74197;(5, 21, 2, 5, 74197);אל;2;5;ויצאו זקניך ושפטיך ומדדו אל הערים אשר סביבת החלל
(232813, 66, 4);70;ע;282775;(5, 21, 3, 49, 282775);74215;(5, 21, 3, 14, 74215);עבד;1;14;והיה העיר הקרבה אל החלל ולקחו זקני העיר ההוא עגלת בקר אשר לא עבד בה אשר לא משכה בעל
(232813, 66, 4);7;ז;282841;(5, 21, 4, 50, 282841);74235;(5, 21, 4, 15, 74235);יזרע;2;15;והורדו זקני העיר ההוא את העגלה אל נחל איתן אשר לא יעבד בו ולא יזרע וערפו שם את העגלה בנחל
(232813, 66, 4);40;ם;282907;(5, 21, 5, 46, 282907);74252;(5, 21, 5, 12, 74252);בשם;3;12;ונגשו הכהנים בני לוי כי בם בחר יהוה אלהיך לשרתו ולברך בשם יהוה ועל פיהם יהיה כל ריב וכל נגע
(232813, 66, 4);70;ע;282973;(5, 21, 6, 40, 282973);74271;(5, 21, 6, 11, 74271);על;1;11;וכל זקני העיר ההוא הקרבים אל החלל ירחצו את ידיהם על העגלה הערופה בנחל
(232813, 66, 4);200;ר;283039;(5, 21, 8, 10, 283039);74288;(5, 21, 8, 3, 74288);ישראל;3;3;כפר לעמך ישראל אשר פדית יהוה ואל תתן דם נקי בקרב עמך ישראל ונכפר להם הדם
(232813, 66, 4);2;ב;283105;(5, 21, 9, 19, 283105);74306;(5, 21, 9, 5, 74306);מקרבך;4;5;ואתה תבער הדם הנקי מקרבך כי תעשה הישר בעיני יהוה
(232813, 66, 4);6;ו;283171;(5, 21, 11, 1, 283171);74323;(5, 21, 11, 1, 74323);וראית;1;1;וראית בשביה אשת יפת תאר וחשקת בה ולקחת לך לאשה
(232813, 66, 4);400;ת;283237;(5, 21, 12, 30, 283237);74340;(5, 21, 12, 8, 74340);ועשתה;4;8;והבאתה אל תוך ביתך וגלחה את ראשה ועשתה את צפרניה
(232813, 66, 4);1;א;283303;(5, 21, 13, 57, 283303);74357;(5, 21, 13, 15, 74357);ואחר;2;15;והסירה את שמלת שביה מעליה וישבה בביתך ובכתה את אביה ואת אמה ירח ימים ואחר כן תבוא אליה ובעלתה והיתה לך לאשה
(232813, 66, 4);5;ה;283369;(5, 21, 14, 37, 283369);74374;(5, 21, 14, 10, 74374);תמכרנה;6;10;והיה אם לא חפצת בה ושלחתה לנפשה ומכר לא תמכרנה בכסף לא תתעמר בה תחת אשר עניתה
(232813, 66, 4);6;ו;283435;(5, 21, 15, 42, 283435);74391;(5, 21, 15, 10, 74391);וילדו;5;10;כי תהיין לאיש שתי נשים האחת אהובה והאחת שנואה וילדו לו בנים האהובה והשנואה והיה הבן הבכר לשניאה
(232813, 66, 4);30;ל;283501;(5, 21, 16, 30, 283501);74408;(5, 21, 16, 9, 74408);לו;1;9;והיה ביום הנחילו את בניו את אשר יהיה לו לא יוכל לבכר את בן האהובה על פני בן השנואה הבכר
(232813, 66, 4);300;ש;283567;(5, 21, 17, 28, 283567);74429;(5, 21, 17, 10, 74429);שנים;1;10;כי את הבכר בן השנואה יכיר לתת לו פי שנים בכל אשר ימצא לו כי הוא ראשית אנו לו משפט הבכרה
(232813, 66, 4);300;ש;283633;(5, 21, 18, 27, 283633);74448;(5, 21, 18, 8, 74448);שמע;1;8;כי יהיה לאיש בן סורר ומורה איננו שמע בקול אביו ובקול אמו ויסרו אתו ולא ישמע אליהם
(232813, 66, 4);7;ז;283699;(5, 21, 19, 28, 283699);74465;(5, 21, 19, 8, 74465);זקני;1;8;ותפשו בו אביו ואמו והוציאו אתו אל זקני עירו ואל שער מקמו
(232813, 66, 4);2;ב;283765;(5, 21, 20, 49, 283765);74482;(5, 21, 20, 13, 74482);וסבא;3;13;ואמרו אל זקני עירו בננו זה סורר ומרה איננו שמע בקלנו זולל וסבא
(232813, 66, 4);1;א;283831;(5, 21, 22, 9, 283831);74498;(5, 21, 22, 3, 74498);באיש;2;3;וכי יהיה באיש חטא משפט מות והומת ותלית אתו על עץ
(232813, 66, 4);20;כ;283897;(5, 21, 23, 37, 283897);74517;(5, 21, 23, 11, 74517);כי;1;11;לא תלין נבלתו על העץ כי קבור תקברנו ביום ההוא כי קללת אלהים תלוי ולא תטמא את אדמתך אשר יהוה אלהיך נתן לך נחלה
(232813, 66, 4);6;ו;283963;(5, 22, 1, 17, 283963);74536;(5, 22, 1, 6, 74536);או;2;6;לא תראה את שור אחיך או את שיו נדחים והתעלמת מהם השב תשיבם לאחיך
(232813, 66, 4);30;ל;284029;(5, 22, 2, 33, 284029);74553;(5, 22, 2, 9, 74553);אל;2;9;ואם לא קרוב אחיך אליך ולא ידעתו ואספתו אל תוך ביתך והיה עמך עד דרש אחיך אתו והשבתו לו
(232813, 66, 4);5;ה;284095;(5, 22, 3, 32, 284095);74571;(5, 22, 3, 8, 74571);תעשה;4;8;וכן תעשה לחמרו וכן תעשה לשמלתו וכן תעשה לכל אבדת אחיך אשר תאבד ממנו ומצאתה לא תוכל להתעלם
(232813, 66, 4);10;י;284161;(5, 22, 4, 26, 284161);74589;(5, 22, 4, 8, 74589);נפלים;4;8;לא תראה את חמור אחיך או שורו נפלים בדרך והתעלמת מהם הקם תקים עמו
(232813, 66, 4);400;ת;284227;(5, 22, 5, 41, 284227);74608;(5, 22, 5, 13, 74608);תועבת;5;13;לא יהיה כלי גבר על אשה ולא ילבש גבר שמלת אשה כי תועבת יהוה אלהיך כל עשה אלה
(232813, 66, 4);5;ה;284293;(5, 22, 6, 49, 284293);74628;(5, 22, 6, 15, 74628);והאם;2;15;כי יקרא קן צפור לפניך בדרך בכל עץ או על הארץ אפרחים או ביצים והאם רבצת על האפרחים או על הביצים לא תקח האם על הבנים
(232813, 66, 4);30;ל;284359;(5, 22, 7, 26, 284359);74648;(5, 22, 7, 9, 74648);למען;1;9;שלח תשלח את האם ואת הבנים תקח לך למען ייטב לך והארכת ימים
(232813, 66, 4);5;ה;284425;(5, 22, 8, 47, 284425);74666;(5, 22, 8, 14, 74666);הנפל;1;14;כי תבנה בית חדש ועשית מעקה לגגך ולא תשים דמים בביתך כי יפל הנפל ממנו
(232813, 66, 4);2;ב;284491;(5, 22, 10, 12, 284491);74683;(5, 22, 10, 4, 74683);ובחמר;2;4;לא תחרש בשור ובחמר יחדו
(232813, 66, 4);2;ב;284557;(5, 22, 12, 35, 284557);74700;(5, 22, 12, 10, 74700);בה;1;10;גדלים תעשה לך על ארבע כנפות כסותך אשר תכסה בה
(232813, 66, 4);400;ת;284623;(5, 22, 14, 42, 284623);74719;(5, 22, 14, 12, 74719);הזאת;4;12;ושם לה עלילת דברים והוצא עליה שם רע ואמר את האשה הזאת לקחתי ואקרב אליה ולא מצאתי לה בתולים
(232813, 66, 4);7;ז;284689;(5, 22, 15, 36, 284689);74736;(5, 22, 15, 10, 74736);זקני;1;10;ולקח אבי הנער ואמה והוציאו את בתולי הנער אל זקני העיר השערה
(232813, 66, 4);40;ם;284755;(5, 22, 17, 9, 284755);74753;(5, 22, 17, 3, 74753);שם;2;3;והנה הוא שם עלילת דברים לאמר לא מצאתי לבתך בתולים ואלה בתולי בתי ופרשו השמלה לפני זקני העיר
(232813, 66, 4);6;ו;284821;(5, 22, 18, 1, 284821);74769;(5, 22, 18, 1, 74769);ולקחו;1;1;ולקחו זקני העיר ההוא את האיש ויסרו אתו
(232813, 66, 4);300;ש;284887;(5, 22, 19, 36, 284887);74786;(5, 22, 19, 10, 74786);שם;1;10;וענשו אתו מאה כסף ונתנו לאבי הנערה כי הוציא שם רע על בתולת ישראל ולו תהיה לאשה לא יוכל לשלחה כל ימיו
(232813, 66, 4);6;ו;284953;(5, 22, 20, 23, 284953);74805;(5, 22, 20, 7, 74805);נמצאו;5;7;ואם אמת היה הדבר הזה לא נמצאו בתולים לנער
(232813, 66, 4);50;נ;285019;(5, 22, 21, 56, 285019);74822;(5, 22, 21, 15, 74822);נבלה;1;15;והוציאו את הנער אל פתח בית אביה וסקלוה אנשי עירה באבנים ומתה כי עשתה נבלה בישראל לזנות בית אביה ובערת הרע מקרבך
(232813, 66, 4);50;נ;285085;(5, 22, 22, 32, 285085);74840;(5, 22, 22, 11, 74840);שניהם;2;11;כי ימצא איש שכב עם אשה בעלת בעל ומתו גם שניהם האיש השכב עם האשה והאשה ובערת הרע מישראל
(232813, 66, 4);10;י;285151;(5, 22, 23, 30, 285151);74856;(5, 22, 23, 8, 74856);איש;2;8;כי יהיה נער בתולה מארשה לאיש ומצאה איש בעיר ושכב עמה
(232813, 66, 4);30;ל;285217;(5, 22, 24, 54, 285217);74873;(5, 22, 24, 14, 74873);על;2;14;והוצאתם את שניהם אל שער העיר ההוא וסקלתם אתם באבנים ומתו את הנער על דבר אשר לא צעקה בעיר ואת האיש על דבר אשר ענה את אשת רעהו ובערת הרע מקרבך
(232813, 66, 4);90;צ;285283;(5, 22, 25, 10, 285283);74893;(5, 22, 25, 3, 74893);ימצא;3;3;ואם בשדה ימצא האיש את הנער המארשה והחזיק בה האיש ושכב עמה ומת האיש אשר שכב עמה לבדו
(232813, 66, 4);300;ש;285349;(5, 22, 26, 10, 285349);74911;(5, 22, 26, 3, 74911);תעשה;3;3;ולנער לא תעשה דבר אין לנער חטא מות כי כאשר יקום איש על רעהו ורצחו נפש כן הדבר הזה
(232813, 66, 4);100;ק;285415;(5, 22, 27, 13, 285415);74931;(5, 22, 27, 4, 74931);צעקה;3;4;כי בשדה מצאה צעקה הנער המארשה ואין מושיע לה
(232813, 66, 4);6;ו;285481;(5, 22, 28, 44, 285481);74948;(5, 22, 28, 12, 74948);ונמצאו;6;12;כי ימצא איש נער בתולה אשר לא ארשה ותפשה ושכב עמה ונמצאו
(232813, 66, 4);10;י;285547;(5, 22, 29, 66, 285547);74967;(5, 22, 29, 19, 74967);ימיו;3;19;ונתן האיש השכב עמה לאבי הנער חמשים כסף ולו תהיה לאשה תחת אשר ענה לא יוכל שלחה כל ימיו
(232813, 66, 4);1;א;285613;(5, 23, 3, 5, 285613);74987;(5, 23, 3, 2, 74987);יבא;3;2;לא יבא ממזר בקהל יהוה גם דור עשירי לא יבא לו בקהל יהוה
(232813, 66, 4);200;ר;285679;(5, 23, 4, 29, 285679);75006;(5, 23, 4, 8, 75006);דור;3;8;לא יבא עמוני ומואבי בקהל יהוה גם דור עשירי לא יבא להם בקהל יהוה עד עולם
(232813, 66, 4);40;מ;285745;(5, 23, 5, 39, 285745);75025;(5, 23, 5, 11, 75025);ממצרים;2;11;על דבר אשר לא קדמו אתכם בלחם ובמים בדרך בצאתכם ממצרים ואשר שכר עליך את בלעם בן בעור מפתור ארם נהרים לקללך
(232813, 66, 4);30;ל;285811;(5, 23, 6, 21, 285811);75042;(5, 23, 6, 6, 75042);אל;2;6;ולא אבה יהוה אלהיך לשמע אל בלעם ויהפך יהוה אלהיך לך את הקללה לברכה כי אהבך יהוה אלהיך
(232813, 66, 4);40;מ;285877;(5, 23, 7, 19, 285877);75060;(5, 23, 7, 6, 75060);ימיך;2;6;לא תדרש שלמם וטבתם כל ימיך לעולם
(232813, 66, 4);6;ו;285943;(5, 23, 9, 17, 285943);75079;(5, 23, 9, 5, 75079);דור;2;5;בנים אשר יולדו להם דור שלישי יבא להם בקהל יהוה
(232813, 66, 4);1;א;286009;(5, 23, 11, 16, 286009);75099;(5, 23, 11, 6, 75099);לא;2;6;כי יהיה בך איש אשר לא יהיה טהור מקרה לילה ויצא אל מחוץ למחנה לא יבא אל תוך המחנה
(232813, 66, 4);40;ם;286075;(5, 23, 12, 20, 286075);75117;(5, 23, 12, 5, 75117);במים;4;5;והיה לפנות ערב ירחץ במים וכבא השמש יבא אל תוך המחנה
(232813, 66, 4);20;ך;286141;(5, 23, 14, 16, 286141);75136;(5, 23, 14, 5, 75136);אזנך;4;5;ויתד תהיה לך על אזנך והיה בשבתך חוץ וחפרתה בה ושבת וכסית את צאתך
(232813, 66, 4);6;ו;286207;(5, 23, 15, 31, 286207);75153;(5, 23, 15, 8, 75153);ולתת;1;8;כי יהוה אלהיך מתהלך בקרב מחנך להצילך ולתת איביך לפניך והיה מחניך קדוש ולא יראה בך ערות דבר ושב מאחריך
(232813, 66, 4);50;נ;286273;(5, 23, 16, 15, 286273);75170;(5, 23, 16, 5, 75170);אדניו;3;5;לא תסגיר עבד אל אדניו אשר ינצל אליך מעם אדניו
(232813, 66, 4);6;ו;286339;(5, 23, 17, 45, 286339);75187;(5, 23, 17, 12, 75187);תוננו;5;12;עמך ישב בקרבך במקום אשר יבחר באחד שעריך בטוב לו לא תוננו
(232813, 66, 4);5;ה;286405;(5, 23, 19, 27, 286405);75205;(5, 23, 19, 8, 75205);יהוה;2;8;לא תביא אתנן זונה ומחיר כלב בית יהוה אלהיך לכל נדר כי תועבת יהוה אלהיך גם שניהם
(232813, 66, 4);2;ב;286471;(5, 23, 20, 30, 286471);75224;(5, 23, 20, 10, 75224);דבר;2;10;לא תשיך לאחיך נשך כסף נשך אכל נשך כל דבר אשר ישך
(232813, 66, 4);1;א;286537;(5, 23, 21, 59, 286537);75242;(5, 23, 21, 16, 75242);אתה;1;16;לנכרי תשיך ולאחיך לא תשיך למען יברכך יהוה אלהיך בכל משלח ידך על הארץ אשר אתה בא שמה לרשתה
(232813, 66, 4);6;ו;286603;(5, 23, 22, 54, 286603);75260;(5, 23, 22, 15, 75260);והיה;1;15;כי תדר נדר ליהוה אלהיך לא תאחר לשלמו כי דרש ידרשנו יהוה אלהיך מעמך והיה בך חטא
(232813, 66, 4);20;ך;286669;(5, 23, 24, 36, 286669);75277;(5, 23, 24, 8, 75277);אלהיך;5;8;מוצא שפתיך תשמר ועשית כאשר נדרת ליהוה אלהיך נדבה אשר דברת בפיך
(232813, 66, 4);40;מ;286735;(5, 23, 26, 8, 286735);75296;(5, 23, 26, 3, 75296);בקמת;3;3;כי תבא בקמת רעך וקטפת מלילת בידך וחרמש לא תניף על קמת רעך
(232813, 66, 4);8;ח;286801;(5, 24, 1, 29, 286801);75316;(5, 24, 1, 10, 75316);חן;1;10;כי יקח איש אשה ובעלה והיה אם לא תמצא חן בעיניו כי מצא בה ערות דבר וכתב לה ספר כריתת ונתן בידה ושלחה מביתו
(232813, 66, 4);30;ל;286867;(5, 24, 2, 13, 286867);75333;(5, 24, 2, 3, 75333);והלכה;3;3;ויצאה מביתו והלכה והיתה לאיש אחר
(232813, 66, 4);10;י;286933;(5, 24, 3, 52, 286933);75350;(5, 24, 3, 14, 75350);ימות;1;14;ושנאה האיש האחרון וכתב לה ספר כריתת ונתן בידה ושלחה מביתו או כי ימות האיש האחרון אשר לקחה לו לאשה
(232813, 66, 4);30;ל;286999;(5, 24, 4, 40, 286999);75367;(5, 24, 4, 11, 75367);לאשה;1;11;לא יוכל בעלה הראשון אשר שלחה לשוב לקחתה להיות לו לאשה אחרי אשר הטמאה כי תועבה הוא לפני יהוה ולא תחטיא את הארץ אשר יהוה אלהיך נתן לך נחלה
(232813, 66, 4);8;ח;287065;(5, 24, 4, 106, 287065);75385;(5, 24, 4, 29, 75385);נחלה;2;29;לא יוכל בעלה הראשון אשר שלחה לשוב לקחתה להיות לו לאשה אחרי אשר הטמאה כי תועבה הוא לפני יהוה ולא תחטיא את הארץ אשר יהוה אלהיך נתן לך נחלה
(232813, 66, 4);1;א;287131;(5, 24, 5, 64, 287131);75405;(5, 24, 5, 20, 75405);את;1;20;כי יקח איש אשה חדשה לא יצא בצבא ולא יעבר עליו לכל דבר נקי יהיה לביתו שנה אחת ושמח את אשתו אשר לקח
(232813, 66, 4);6;ו;287197;(5, 24, 7, 30, 287197);75425;(5, 24, 7, 9, 75425);והתעמר;1;9;כי ימצא איש גנב נפש מאחיו מבני ישראל והתעמר בו ומכרו ומת הגנב ההוא ובערת הרע מקרבך
(232813, 66, 4);1;א;287263;(5, 24, 8, 30, 287263);75441;(5, 24, 8, 8, 75441);אשר;1;8;השמר בנגע הצרעת לשמר מאד ולעשות ככל אשר יורו אתכם הכהנים הלוים כאשר צויתם תשמרו לעשות
(232813, 66, 4);40;ם;287329;(5, 24, 9, 26, 287329);75456;(5, 24, 9, 7, 75456);למרים;5;7;זכור את אשר עשה יהוה אלהיך למרים בדרך בצאתכם ממצרים
(232813, 66, 4);300;ש;287395;(5, 24, 11, 13, 287395);75473;(5, 24, 11, 3, 75473);והאיש;5;3;בחוץ תעמד והאיש אשר אתה נשה בו יוציא אליך את העבוט החוצה
(232813, 66, 4);400;ת;287461;(5, 24, 13, 11, 287461);75493;(5, 24, 13, 4, 75493);את;2;4;השב תשיב לו את העבוט כבוא השמש ושכב בשלמתו וברכך ולך תהיה צדקה לפני יהוה אלהיך
(232813, 66, 4);6;ו;287527;(5, 24, 14, 14, 287527);75510;(5, 24, 14, 5, 75510);ואביון;1;5;לא תעשק שכיר עני ואביון מאחיך או מגרך אשר בארצך בשעריך
(232813, 66, 4);6;ו;287593;(5, 24, 15, 36, 287593);75527;(5, 24, 15, 11, 75527);ואליו;1;11;ביומו תתן שכרו ולא תבוא עליו השמש כי עני הוא ואליו הוא נשא את נפשו ולא יקרא עליך אל יהוה והיה בך חטא
(232813, 66, 4);1;א;287659;(5, 24, 16, 24, 287659);75546;(5, 24, 16, 7, 75546);לא;2;7;לא יומתו אבות על בנים ובנים לא יומתו על אבות איש בחטאו יומתו
(232813, 66, 4);10;י;287725;(5, 24, 18, 12, 287725);75565;(5, 24, 18, 4, 75565);היית;2;4;וזכרת כי עבד היית במצרים ויפדך יהוה אלהיך משם על כן אנכי מצוך לעשות את הדבר הזה
(232813, 66, 4);20;ך;287791;(5, 24, 19, 15, 287791);75582;(5, 24, 19, 4, 75582);בשדך;4;4;כי תקצר קצירך בשדך ושכחת עמר בשדה לא תשוב לקחתו לגר ליתום ולאלמנה יהיה למען יברכך יהוה אלהיך בכל מעשה ידיך
(232813, 66, 4);300;ש;287857;(5, 24, 19, 81, 287857);75598;(5, 24, 19, 20, 75598);מעשה;3;20;כי תקצר קצירך בשדך ושכחת עמר בשדה לא תשוב לקחתו לגר ליתום ולאלמנה יהיה למען יברכך יהוה אלהיך בכל מעשה ידיך
(232813, 66, 4);10;י;287923;(5, 24, 21, 21, 287923);75615;(5, 24, 21, 6, 75615);אחריך;4;6;כי תבצר כרמך לא תעולל אחריך לגר ליתום ולאלמנה יהיה
(232813, 66, 4);200;ר;287989;(5, 24, 22, 46, 287989);75632;(5, 24, 22, 13, 75632);הדבר;4;13;וזכרת כי עבד היית בארץ מצרים על כן אנכי מצוך לעשות את הדבר הזה
(232813, 66, 4);6;ו;288055;(5, 25, 2, 1, 288055);75649;(5, 25, 2, 1, 75649);והיה;1;1;והיה אם בן הכות הרשע והפילו השפט והכהו לפניו כדי רשעתו במספר
(232813, 66, 4);50;ן;288121;(5, 25, 3, 18, 288121);75665;(5, 25, 3, 5, 75665);פן;2;5;ארבעים יכנו לא יסיף פן יסיף להכתו על אלה מכה רבה ונקלה אחיך לעיניך
(232813, 66, 4);400;ת;288187;(5, 25, 5, 17, 288187);75683;(5, 25, 5, 5, 75683);ומת;3;5;כי ישבו אחים יחדו ומת אחד מהם ובן אין לו לא תהיה אשת המת החוצה לאיש זר יבמה יבא עליה ולקחה לו לאשה ויבמה
(232813, 66, 4);5;ה;288253;(5, 25, 6, 2, 288253);75703;(5, 25, 6, 1, 75703);והיה;2;1;והיה הבכור אשר תלד יקום על שם אחיו המת ולא ימחה שמו מישראל
(232813, 66, 4);40;מ;288319;(5, 25, 7, 22, 288319);75722;(5, 25, 7, 7, 75722);יבמתו;3;7;ואם לא יחפץ האיש לקחת את יבמתו ועלתה יבמתו השערה אל הזקנים ואמרה מאן יבמי להקים לאחיו שם בישראל לא אבה יבמי
(232813, 66, 4);100;ק;288385;(5, 25, 8, 2, 288385);75738;(5, 25, 8, 1, 75738);וקראו;2;1;וקראו לו זקני עירו ודברו אליו ועמד ואמר לא חפצתי לקחתה
(232813, 66, 4);10;י;288451;(5, 25, 9, 24, 288451);75753;(5, 25, 9, 5, 75753);הזקנים;5;5;ונגשה יבמתו אליו לעיני הזקנים וחלצה נעלו מעל רגלו וירקה בפניו וענתה ואמרה ככה יעשה לאיש אשר לא יבנה את בית אחיו
(232813, 66, 4);6;ו;288517;(5, 25, 9, 90, 288517);75770;(5, 25, 9, 22, 75770);אחיו;4;22;ונגשה יבמתו אליו לעיני הזקנים וחלצה נעלו מעל רגלו וירקה בפניו וענתה ואמרה ככה יעשה לאיש אשר לא יבנה את בית אחיו
(232813, 66, 4);1;א;288583;(5, 25, 11, 41, 288583);75787;(5, 25, 11, 11, 75787);את;1;11;כי ינצו אנשים יחדו איש ואחיו וקרבה אשת האחד להציל את אישה מיד מכהו ושלחה ידה והחזיקה במבשיו
(232813, 66, 4);20;ך;288649;(5, 25, 13, 13, 288649);75804;(5, 25, 13, 4, 75804);בכיסך;5;4;לא יהיה לך בכיסך אבן ואבן גדולה וקטנה
(232813, 66, 4);20;ך;288715;(5, 25, 15, 17, 288715);75821;(5, 25, 15, 5, 75821);לך;2;5;אבן שלמה וצדק יהיה לך איפה שלמה וצדק יהיה לך למען יאריכו ימיך על האדמה אשר יהוה אלהיך נתן לך
(232813, 66, 4);6;ו;288781;(5, 25, 16, 10, 288781);75839;(5, 25, 16, 3, 75839);יהוה;3;3;כי תועבת יהוה אלהיך כל עשה אלה כל עשה עול
(232813, 66, 4);20;ך;288847;(5, 25, 18, 10, 288847);75858;(5, 25, 18, 3, 75858);בדרך;4;3;אשר קרך בדרך ויזנב בך כל הנחשלים אחריך ואתה עיף ויגע ולא ירא אלהים
(232813, 66, 4);30;ל;288913;(5, 25, 19, 23, 288913);75875;(5, 25, 19, 6, 75875);מכל;3;6;והיה בהניח יהוה אלהיך לך מכל איביך מסביב בארץ אשר יהוה אלהיך נתן לך נחלה לרשתה תמחה את זכר עמלק מתחת השמים לא תשכח
(232813, 66, 4);300;ש;288979;(5, 25, 19, 89, 288979);75893;(5, 25, 19, 24, 75893);תשכח;2;24;והיה בהניח יהוה אלהיך לך מכל איביך מסביב בארץ אשר יהוה אלהיך נתן לך נחלה לרשתה תמחה את זכר עמלק מתחת השמים לא תשכח
(232813, 66, 4);80;פ;289045;(5, 26, 2, 14, 289045);75911;(5, 26, 2, 4, 75911);פרי;1;4;ולקחת מראשית כל פרי האדמה אשר תביא מארצך אשר יהוה אלהיך נתן לך ושמת בטנא והלכת אל המקום אשר יבחר יהוה אלהיך לשכן שמו שם
(232813, 66, 4);6;ו;289111;(5, 26, 2, 80, 289111);75928;(5, 26, 2, 21, 75928);יהוה;3;21;ולקחת מראשית כל פרי האדמה אשר תביא מארצך אשר יהוה אלהיך נתן לך ושמת בטנא והלכת אל המקום אשר יבחר יהוה אלהיך לשכן שמו שם
(232813, 66, 4);5;ה;289177;(5, 26, 3, 51, 289177);75945;(5, 26, 3, 13, 75945);אלהיך;3;13;ובאת אל הכהן אשר יהיה בימים ההם ואמרת אליו הגדתי היום ליהוה אלהיך כי באתי אל הארץ אשר נשבע יהוה לאבתינו לתת לנו
(232813, 66, 4);7;ז;289243;(5, 26, 4, 28, 289243);75962;(5, 26, 4, 7, 75962);מזבח;2;7;ולקח הכהן הטנא מידך והניחו לפני מזבח יהוה אלהיך
(232813, 66, 4);70;ע;289309;(5, 26, 5, 55, 289309);75978;(5, 26, 5, 14, 75978);מעט;2;14;וענית ואמרת לפני יהוה אלהיך ארמי אבד אבי וירד מצרימה ויגר שם במתי מעט ויהי שם לגוי גדול עצום ורב
(232813, 66, 4);100;ק;289375;(5, 26, 7, 5, 289375);75993;(5, 26, 7, 1, 75993);ונצעק;5;1;ונצעק אל יהוה אלהי אבתינו וישמע יהוה את קלנו וירא את ענינו ואת עמלנו ואת לחצנו
(232813, 66, 4);10;י;289441;(5, 26, 8, 8, 289441);76010;(5, 26, 8, 2, 76010);יהוה;1;2;ויוצאנו יהוה ממצרים ביד חזקה ובזרע נטויה ובמרא גדל ובאתות ובמפתים
(232813, 66, 4);400;ת;289507;(5, 26, 9, 19, 289507);76024;(5, 26, 9, 5, 76024);ויתן;3;5;ויבאנו אל המקום הזה ויתן לנו את הארץ הזאת ארץ זבת חלב ודבש
(232813, 66, 4);6;ו;289573;(5, 26, 10, 39, 289573);76043;(5, 26, 10, 11, 76043);יהוה;3;11;ועתה הנה הבאתי את ראשית פרי האדמה אשר נתתה לי יהוה והנחתו לפני יהוה אלהיך והשתחוית לפני יהוה אלהיך
(232813, 66, 4);1;א;289639;(5, 26, 11, 25, 289639);76059;(5, 26, 11, 8, 76059);אלהיך;1;8;ושמחת בכל הטוב אשר נתן לך יהוה אלהיך ולביתך אתה והלוי והגר אשר בקרבך
(232813, 66, 4);50;נ;289705;(5, 26, 12, 36, 289705);76075;(5, 26, 12, 10, 76075);שנת;2;10;כי תכלה לעשר את כל מעשר תבואתך בשנה השלישת שנת המעשר ונתתה ללוי לגר ליתום ולאלמנה ואכלו בשעריך ושבעו
(232813, 66, 4);70;ע;289771;(5, 26, 13, 20, 289771);76089;(5, 26, 13, 5, 76089);בערתי;2;5;ואמרת לפני יהוה אלהיך בערתי הקדש מן הבית וגם נתתיו ללוי ולגר ליתום ולאלמנה ככל מצותך אשר צויתני לא עברתי ממצותיך ולא שכחתי
(232813, 66, 4);40;מ;289837;(5, 26, 13, 86, 289837);76105;(5, 26, 13, 21, 76105);ממצותיך;1;21;ואמרת לפני יהוה אלהיך בערתי הקדש מן הבית וגם נתתיו ללוי ולגר ליתום ולאלמנה ככל מצותך אשר צויתני לא עברתי ממצותיך ולא שכחתי
(232813, 66, 4);100;ק;289903;(5, 26, 14, 52, 289903);76121;(5, 26, 14, 14, 76121);בקול;2;14;לא אכלתי באני ממנו ולא בערתי ממנו בטמא ולא נתתי ממנו למת שמעתי בקול יהוה אלהי עשיתי ככל אשר צויתני
(232813, 66, 4);6;ו;289969;(5, 26, 15, 39, 289969);76138;(5, 26, 15, 11, 76138);ואת;1;11;השקיפה ממעון קדשך מן השמים וברך את עמך את ישראל ואת האדמה אשר נתתה לנו כאשר נשבעת לאבתינו ארץ זבת חלב ודבש
(232813, 66, 4);20;ך;290035;(5, 26, 16, 20, 290035);76154;(5, 26, 16, 5, 76154);מצוך;4;5;היום הזה יהוה אלהיך מצוך לעשות את החקים האלה ואת המשפטים ושמרת ועשית אותם בכל לבבך ובכל נפשך
(232813, 66, 4);400;ת;290101;(5, 26, 17, 11, 290101);76170;(5, 26, 17, 3, 76170);האמרת;5;3;את יהוה האמרת היום להיות לך לאלהים וללכת בדרכיו ולשמר חקיו ומצותיו ומשפטיו ולשמע בקלו
(232813, 66, 4);5;ה;290167;(5, 26, 18, 6, 290167);76184;(5, 26, 18, 2, 76184);האמירך;1;2;ויהוה האמירך היום להיות לו לעם סגלה כאשר דבר לך ולשמר כל מצותיו
(232813, 66, 4);300;ש;290233;(5, 26, 19, 21, 290233);76201;(5, 26, 19, 6, 76201);אשר;2;6;ולתתך עליון על כל הגוים אשר עשה לתהלה ולשם ולתפארת ולהיתך עם קדש ליהוה אלהיך כאשר דבר
(232813, 66, 4);1;א;290299;(5, 27, 1, 18, 290299);76217;(5, 27, 1, 5, 76217);את;1;5;ויצו משה וזקני ישראל את העם לאמר שמר את כל המצוה אשר אנכי מצוה אתכם היום
(232813, 66, 4);1;א;290365;(5, 27, 2, 27, 290365);76236;(5, 27, 2, 8, 76236);הארץ;2;8;והיה ביום אשר תעברו את הירדן אל הארץ אשר יהוה אלהיך נתן לך והקמת לך אבנים גדלות ושדת אתם בשיד
(232813, 66, 4);5;ה;290431;(5, 27, 3, 19, 290431);76254;(5, 27, 3, 6, 76254);התורה;1;6;וכתבת עליהן את כל דברי התורה הזאת בעברך למען אשר תבא אל הארץ אשר יהוה אלהיך נתן לך ארץ זבת חלב ודבש כאשר דבר יהוה אלהי אבתיך לך
(232813, 66, 4);200;ר;290497;(5, 27, 3, 85, 290497);76272;(5, 27, 3, 24, 76272);דבר;3;24;וכתבת עליהן את כל דברי התורה הזאת בעברך למען אשר תבא אל הארץ אשר יהוה אלהיך נתן לך ארץ זבת חלב ודבש כאשר דבר יהוה אלהי אבתיך לך
(232813, 66, 4);10;י;290563;(5, 27, 4, 51, 290563);76289;(5, 27, 4, 13, 76289);היום;2;13;והיה בעברכם את הירדן תקימו את האבנים האלה אשר אנכי מצוה אתכם היום בהר עיבל ושדת אותם בשיד
(232813, 66, 4);30;ל;290629;(5, 27, 5, 45, 290629);76305;(5, 27, 5, 11, 76305);ברזל;4;11;ובנית שם מזבח ליהוה אלהיך מזבח אבנים לא תניף עליהם ברזל
(232813, 66, 4);20;כ;290695;(5, 27, 7, 13, 290695);76320;(5, 27, 7, 3, 76320);ואכלת;3;3;וזבחת שלמים ואכלת שם ושמחת לפני יהוה אלהיך
(232813, 66, 4);300;ש;290761;(5, 27, 9, 7, 290761);76337;(5, 27, 9, 2, 76337);משה;2;2;וידבר משה והכהנים הלוים אל כל ישראל לאמר הסכת ושמע ישראל היום הזה נהיית לעם ליהוה אלהיך
(232813, 66, 4);300;ש;290827;(5, 27, 10, 2, 290827);76353;(5, 27, 10, 1, 76353);ושמעת;2;1;ושמעת בקול יהוה אלהיך ועשית את מצותו ואת חקיו אשר אנכי מצוך היום
(232813, 66, 4);40;ם;290893;(5, 27, 11, 16, 290893);76370;(5, 27, 11, 5, 76370);ביום;4;5;ויצו משה את העם ביום ההוא לאמר
(232813, 66, 4);300;ש;290959;(5, 27, 12, 58, 290959);76387;(5, 27, 12, 15, 76387);ויששכר;4;15;אלה יעמדו לברך את העם על הר גרזים בעברכם את הירדן שמעון ולוי ויהודה ויששכר ויוסף ובנימן
(232813, 66, 4);5;ה;291025;(5, 27, 14, 5, 291025);76403;(5, 27, 14, 2, 76403);הלוים;1;2;וענו הלוים ואמרו אל כל איש ישראל קול רם
(232813, 66, 4);8;ח;291091;(5, 27, 15, 40, 291091);76421;(5, 27, 15, 11, 76421);חרש;1;11;ארור האיש אשר יעשה פסל ומסכה תועבת יהוה מעשה ידי חרש ושם בסתר וענו כל העם ואמרו אמן
(232813, 66, 4);30;ל;291157;(5, 27, 17, 12, 291157);76439;(5, 27, 17, 3, 76439);גבול;4;3;ארור מסיג גבול רעהו ואמר כל העם אמן
(232813, 66, 4);5;ה;291223;(5, 27, 19, 23, 291223);76458;(5, 27, 19, 6, 76458);ואלמנה;6;6;ארור מטה משפט גר יתום ואלמנה ואמר כל העם אמן
(232813, 66, 4);40;מ;291289;(5, 27, 21, 14, 291289);76480;(5, 27, 21, 5, 76480);בהמה;3;5;ארור שכב עם כל בהמה ואמר כל העם אמן
(232813, 66, 4);6;ו;291355;(5, 27, 23, 15, 291355);76502;(5, 27, 23, 5, 76502);ואמר;1;5;ארור שכב עם חתנתו ואמר כל העם אמן
(232813, 66, 4);20;כ;291421;(5, 27, 25, 28, 291421);76522;(5, 27, 25, 9, 76522);כל;1;9;ארור לקח שחד להכות נפש דם נקי ואמר כל העם אמן
(232813, 66, 4);70;ע;291487;(5, 28, 1, 10, 291487);76541;(5, 28, 1, 3, 76541);שמוע;4;3;והיה אם שמוע תשמע בקול יהוה אלהיך לשמר לעשות את כל מצותיו אשר אנכי מצוך היום ונתנך יהוה אלהיך עליון על כל גויי הארץ
(232813, 66, 4);70;ע;291553;(5, 28, 1, 76, 291553);76558;(5, 28, 1, 20, 76558);עליון;1;20;והיה אם שמוע תשמע בקול יהוה אלהיך לשמר לעשות את כל מצותיו אשר אנכי מצוך היום ונתנך יהוה אלהיך עליון על כל גויי הארץ
(232813, 66, 4);1;א;291619;(5, 28, 3, 5, 291619);76575;(5, 28, 3, 2, 76575);אתה;1;2;ברוך אתה בעיר וברוך אתה בשדה
(232813, 66, 4);20;ך;291685;(5, 28, 4, 48, 291685);76590;(5, 28, 4, 11, 76590);צאנך;4;11;ברוך פרי בטנך ופרי אדמתך ופרי בהמתך שגר אלפיך ועשתרות צאנך
(232813, 66, 4);10;י;291751;(5, 28, 7, 27, 291751);76606;(5, 28, 7, 7, 76606);נגפים;4;7;יתן יהוה את איביך הקמים עליך נגפים לפניך בדרך אחד יצאו אליך ובשבעה דרכים ינוסו לפניך
(232813, 66, 4);6;ו;291817;(5, 28, 8, 24, 291817);76622;(5, 28, 8, 7, 76622);ובכל;1;7;יצו יהוה אתך את הברכה באסמיך ובכל משלח ידך וברכך בארץ אשר יהוה אלהיך נתן לך
(232813, 66, 4);10;י;291883;(5, 28, 9, 30, 291883);76640;(5, 28, 9, 9, 76640);כי;2;9;יקימך יהוה לו לעם קדוש כאשר נשבע לך כי תשמר את מצות יהוה אלהיך והלכת בדרכיו
(232813, 66, 4);40;מ;291949;(5, 28, 10, 36, 291949);76658;(5, 28, 10, 11, 76658);ממך;2;11;וראו כל עמי הארץ כי שם יהוה נקרא עליך ויראו ממך
(232813, 66, 4);400;ת;292015;(5, 28, 11, 65, 292015);76673;(5, 28, 11, 15, 76673);לאבתיך;4;15;והותרך יהוה לטובה בפרי בטנך ובפרי בהמתך ובפרי אדמתך על האדמה אשר נשבע יהוה לאבתיך לתת לך
(232813, 66, 4);6;ו;292081;(5, 28, 12, 59, 292081);76693;(5, 28, 12, 18, 76693);והלוית;1;18;יפתח יהוה לך את אוצרו הטוב את השמים לתת מטר ארצך בעתו ולברך את כל מעשה ידך והלוית גוים רבים ואתה לא תלוה
(232813, 66, 4);5;ה;292147;(5, 28, 13, 43, 292147);76709;(5, 28, 13, 11, 76709);למטה;4;11;ונתנך יהוה לראש ולא לזנב והיית רק למעלה ולא תהיה למטה כי תשמע אל מצות יהוה אלהיך אשר אנכי מצוך היום לשמר ולעשות
(232813, 66, 4);1;א;292213;(5, 28, 14, 20, 292213);76727;(5, 28, 14, 6, 76727);אנכי;1;6;ולא תסור מכל הדברים אשר אנכי מצוה אתכם היום ימין ושמאול ללכת אחרי אלהים אחרים לעבדם
(232813, 66, 4);5;ה;292279;(5, 28, 15, 18, 292279);76743;(5, 28, 15, 6, 76743);יהוה;2;6;והיה אם לא תשמע בקול יהוה אלהיך לשמר לעשות את כל מצותיו וחקתיו אשר אנכי מצוך היום ובאו עליך כל הקללות האלה והשיגוך
(232813, 66, 4);30;ל;292345;(5, 28, 15, 84, 292345);76759;(5, 28, 15, 22, 76759);האלה;3;22;והיה אם לא תשמע בקול יהוה אלהיך לשמר לעשות את כל מצותיו וחקתיו אשר אנכי מצוך היום ובאו עליך כל הקללות האלה והשיגוך
(232813, 66, 4);20;ך;292411;(5, 28, 18, 20, 292411);76774;(5, 28, 18, 5, 76774);אדמתך;5;5;ארור פרי בטנך ופרי אדמתך שגר אלפיך ועשתרת צאנך
(232813, 66, 4);40;מ;292477;(5, 28, 20, 24, 292477);76791;(5, 28, 20, 7, 76791);המהומה;5;7;ישלח יהוה בך את המארה את המהומה ואת המגערת בכל משלח ידך אשר תעשה עד השמדך ועד אבדך מהר מפני רע מעלליך אשר עזבתני
(232813, 66, 4);10;י;292543;(5, 28, 21, 1, 292543);76809;(5, 28, 21, 1, 76809);ידבק;1;1;ידבק יהוה בך את הדבר עד כלתו אתך מעל האדמה אשר אתה בא שמה לרשתה
(232813, 66, 4);8;ח;292609;(5, 28, 22, 18, 292609);76827;(5, 28, 22, 4, 76827);ובקדחת;5;4;יככה יהוה בשחפת ובקדחת ובדלקת ובחרחר ובחרב ובשדפון ובירקון ורדפוך עד אבדך
(232813, 66, 4);6;ו;292675;(5, 28, 23, 22, 292675);76842;(5, 28, 23, 7, 76842);והארץ;1;7;והיו שמיך אשר על ראשך נחשת והארץ אשר תחתיך ברזל
(232813, 66, 4);5;ה;292741;(5, 28, 25, 6, 292741);76860;(5, 28, 25, 2, 76860);יהוה;2;2;יתנך יהוה נגף לפני איביך בדרך אחד תצא אליו ובשבעה דרכים תנוס לפניו והיית לזעוה לכל ממלכות הארץ
(232813, 66, 4);6;ו;292807;(5, 28, 25, 72, 292807);76875;(5, 28, 25, 17, 76875);ממלכות;5;17;יתנך יהוה נגף לפני איביך בדרך אחד תצא אליו ובשבעה דרכים תנוס לפניו והיית לזעוה לכל ממלכות הארץ
(232813, 66, 4);200;ר;292873;(5, 28, 27, 16, 292873);76890;(5, 28, 27, 4, 76890);מצרים;3;4;יככה יהוה בשחין מצרים ובעפלים ובגרב ובחרס אשר לא תוכל להרפא
(232813, 66, 4);5;ה;292939;(5, 28, 29, 2, 292939);76904;(5, 28, 29, 1, 76904);והיית;2;1;והיית ממשש בצהרים כאשר ימשש העור באפלה ולא תצליח את דרכיך והיית אך עשוק וגזול כל הימים ואין מושיע
(232813, 66, 4);40;מ;293005;(5, 28, 29, 68, 293005);76920;(5, 28, 29, 17, 76920);הימים;3;17;והיית ממשש בצהרים כאשר ימשש העור באפלה ולא תצליח את דרכיך והיית אך עשוק וגזול כל הימים ואין מושיע
(232813, 66, 4);9;ט;293071;(5, 28, 31, 5, 293071);76938;(5, 28, 31, 2, 76938);טבוח;1;2;שורך טבוח לעיניך ולא תאכל ממנו חמרך גזול מלפניך ולא ישוב לך צאנך נתנות לאיביך ואין לך מושיע
(232813, 66, 4);6;ו;293137;(5, 28, 31, 71, 293137);76954;(5, 28, 31, 18, 76954);מושיע;2;18;שורך טבוח לעיניך ולא תאכל ממנו חמרך גזול מלפניך ולא ישוב לך צאנך נתנות לאיביך ואין לך מושיע
(232813, 66, 4);40;מ;293203;(5, 28, 33, 6, 293203);76970;(5, 28, 33, 2, 76970);אדמתך;3;2;פרי אדמתך וכל יגיעך יאכל עם אשר לא ידעת והיית רק עשוק ורצוץ כל הימים
(232813, 66, 4);10;י;293269;(5, 28, 34, 18, 293269);76987;(5, 28, 34, 4, 76987);עיניך;4;4;והיית משגע ממראה עיניך אשר תראה
(232813, 66, 4);100;ק;293335;(5, 28, 35, 58, 293335);77005;(5, 28, 35, 16, 77005);קדקדך;3;16;יככה יהוה בשחין רע על הברכים ועל השקים אשר לא תוכל להרפא מכף רגלך ועד קדקדך
(232813, 66, 4);40;ם;293401;(5, 28, 36, 64, 293401);77023;(5, 28, 36, 18, 77023);אלהים;5;18;יולך יהוה אתך ואת מלכך אשר תקים עליך אל גוי אשר לא ידעת אתה ואבתיך ועבדת שם אלהים אחרים עץ ואבן
(232813, 66, 4);300;ש;293467;(5, 28, 38, 12, 293467);77040;(5, 28, 38, 4, 77040);השדה;2;4;זרע רב תוציא השדה ומעט תאסף כי יחסלנו הארבה
(232813, 66, 4);400;ת;293533;(5, 28, 39, 43, 293533);77056;(5, 28, 39, 11, 77056);התלעת;5;11;כרמים תטע ועבדת ויין לא תשתה ולא תאגר כי תאכלנו התלעת
(232813, 66, 4);20;כ;293599;(5, 28, 41, 28, 293599);77075;(5, 28, 41, 8, 77075);ילכו;3;8;בנים ובנות תוליד ולא יהיו לך כי ילכו בשבי
(232813, 66, 4);40;מ;293665;(5, 28, 43, 38, 293665);77093;(5, 28, 43, 11, 77093);מטה;1;11;הגר אשר בקרבך יעלה עליך מעלה מעלה ואתה תרד מטה מטה
(232813, 66, 4);4;ד;293731;(5, 28, 45, 23, 293731);77110;(5, 28, 45, 6, 77110);ורדפוך;3;6;ובאו עליך כל הקללות האלה ורדפוך והשיגוך עד השמדך כי לא שמעת בקול יהוה אלהיך לשמר מצותיו וחקתיו אשר צוך
(232813, 66, 4);20;ך;293797;(5, 28, 46, 6, 293797);77126;(5, 28, 46, 2, 77126);בך;2;2;והיו בך לאות ולמופת ובזרעך עד עולם
(232813, 66, 4);2;ב;293863;(5, 28, 48, 3, 293863);77144;(5, 28, 48, 1, 77144);ועבדת;3;1;ועבדת את איביך אשר ישלחנו יהוה בך ברעב ובצמא ובעירם ובחסר כל ונתן על ברזל על צוארך עד השמידו אתך
(232813, 66, 4);5;ה;293929;(5, 28, 48, 69, 293929);77162;(5, 28, 48, 19, 77162);השמידו;1;19;ועבדת את איביך אשר ישלחנו יהוה בך ברעב ובצמא ובעירם ובחסר כל ונתן על ברזל על צוארך עד השמידו אתך
(232813, 66, 4);70;ע;293995;(5, 28, 50, 4, 293995);77180;(5, 28, 50, 2, 77180);עז;1;2;גוי עז פנים אשר לא ישא פנים לזקן ונער לא יחן
(232813, 66, 4);1;א;294061;(5, 28, 51, 36, 294061);77199;(5, 28, 51, 10, 77199);ישאיר;3;10;ואכל פרי בהמתך ופרי אדמתך עד השמדך אשר לא ישאיר לך דגן תירוש ויצהר שגר אלפיך ועשתרת צאנך עד האבידו אתך
(232813, 66, 4);8;ח;294127;(5, 28, 52, 20, 294127);77217;(5, 28, 52, 7, 77217);חמתיך;1;7;והצר לך בכל שעריך עד רדת חמתיך הגבהת והבצרות אשר אתה בטח בהן בכל ארצך והצר לך בכל שעריך בכל ארצך אשר נתן יהוה אלהיך לך
(232813, 66, 4);5;ה;294193;(5, 28, 52, 86, 294193);77234;(5, 28, 52, 24, 77234);יהוה;4;24;והצר לך בכל שעריך עד רדת חמתיך הגבהת והבצרות אשר אתה בטח בהן בכל ארצך והצר לך בכל שעריך בכל ארצך אשר נתן יהוה אלהיך לך
(232813, 66, 4);10;י;294259;(5, 28, 53, 59, 294259);77251;(5, 28, 53, 15, 77251);יציק;3;15;ואכלת פרי בטנך בשר בניך ובנתיך אשר נתן לך יהוה אלהיך במצור ובמצוק אשר יציק לך איבך
(232813, 66, 4);30;ל;294325;(5, 28, 55, 4, 294325);77269;(5, 28, 55, 2, 77269);לאחד;1;2;מתת לאחד מהם מבשר בניו אשר יאכל מבלי השאיר לו כל במצור ובמצוק אשר יציק לך איבך בכל שעריך
(232813, 66, 4);20;ך;294391;(5, 28, 55, 70, 294391);77286;(5, 28, 55, 19, 77286);שעריך;5;19;מתת לאחד מהם מבשר בניו אשר יאכל מבלי השאיר לו כל במצור ובמצוק אשר יציק לך איבך בכל שעריך
(232813, 66, 4);5;ה;294457;(5, 28, 56, 66, 294457);77304;(5, 28, 56, 18, 77304);ובבנה;5;18;הרכה בך והענגה אשר לא נסתה כף רגלה הצג על הארץ מהתענג ומרך תרע עינה באיש חיקה ובבנה ובבתה
(232813, 66, 4);100;ק;294523;(5, 28, 57, 61, 294523);77319;(5, 28, 57, 14, 77319);ובמצוק;6;14;ובשליתה היוצת מבין רגליה ובבניה אשר תלד כי תאכלם בחסר כל בסתר במצור ובמצוק אשר יציק לך איבך בשעריך
(232813, 66, 4);1;א;294589;(5, 28, 58, 47, 294589);77337;(5, 28, 58, 13, 77337);ליראה;4;13;אם לא תשמר לעשות את כל דברי התורה הזאת הכתבים בספר הזה ליראה את השם הנכבד והנורא הזה את יהוה אלהיך
(232813, 66, 4);6;ו;294655;(5, 28, 59, 35, 294655);77355;(5, 28, 59, 10, 77355);ונאמנות;1;10;והפלא יהוה את מכתך ואת מכות זרעך מכות גדלת ונאמנות וחלים רעים ונאמנים
(232813, 66, 4);30;ל;294721;(5, 28, 61, 4, 294721);77371;(5, 28, 61, 2, 77371);כל;2;2;גם כל חלי וכל מכה אשר לא כתוב בספר התורה הזאת יעלם יהוה עליך עד השמדך
(232813, 66, 4);8;ח;294787;(5, 28, 62, 16, 294787);77389;(5, 28, 62, 4, 77389);תחת;2;4;ונשארתם במתי מעט תחת אשר הייתם ככוכבי השמים לרב כי לא שמעת בקול יהוה אלהיך
(232813, 66, 4);10;י;294853;(5, 28, 63, 22, 294853);77406;(5, 28, 63, 6, 77406);להיטיב;3;6;והיה כאשר שש יהוה עליכם להיטיב אתכם ולהרבות אתכם כן ישיש יהוה עליכם להאביד אתכם ולהשמיד אתכם ונסחתם מעל האדמה אשר אתה בא שמה לרשתה
(232813, 66, 4);4;ד;294919;(5, 28, 63, 88, 294919);77420;(5, 28, 63, 20, 77420);האדמה;3;20;והיה כאשר שש יהוה עליכם להיטיב אתכם ולהרבות אתכם כן ישיש יהוה עליכם להאביד אתכם ולהשמיד אתכם ונסחתם מעל האדמה אשר אתה בא שמה לרשתה
(232813, 66, 4);40;ם;294985;(5, 28, 64, 48, 294985);77437;(5, 28, 64, 12, 77437);אלהים;5;12;והפיצך יהוה בכל העמים מקצה הארץ ועד קצה הארץ ועבדת שם אלהים אחרים אשר לא ידעת אתה ואבתיך עץ ואבן
(232813, 66, 4);400;ת;295051;(5, 28, 65, 37, 295051);77455;(5, 28, 65, 10, 77455);ונתן;3;10;ובגוים ההם לא תרגיע ולא יהיה מנוח לכף רגלך ונתן יהוה לך שם לב רגז וכליון עינים ודאבון נפש
(232813, 66, 4);40;מ;295117;(5, 28, 66, 32, 295117);77472;(5, 28, 66, 8, 77472);ויומם;4;8;והיו חייך תלאים לך מנגד ופחדת לילה ויומם ולא תאמין בחייך
(232813, 66, 4);200;ר;295183;(5, 28, 67, 52, 295183);77490;(5, 28, 67, 15, 77490);וממראה;4;15;בבקר תאמר מי יתן ערב ובערב תאמר מי יתן בקר מפחד לבבך אשר תפחד וממראה עיניך אשר תראה
(232813, 66, 4);400;ת;295249;(5, 28, 68, 52, 295249);77506;(5, 28, 68, 13, 77506);והתמכרתם;3;13;והשיבך יהוה מצרים באניות בדרך אשר אמרתי לך לא תסיף עוד לראתה והתמכרתם שם לאיביך לעבדים ולשפחות ואין קנה
(232813, 66, 4);400;ת;295315;(5, 28, 69, 33, 295315);77522;(5, 28, 69, 10, 77522);את;2;10;אלה דברי הברית אשר צוה יהוה את משה לכרת את בני ישראל בארץ מואב מלבד הברית אשר כרת אתם בחרב
(232813, 66, 4);400;ת;295381;(5, 29, 1, 28, 295381);77540;(5, 29, 1, 8, 77540);אתם;2;8;ויקרא משה אל כל ישראל ויאמר אלהם אתם ראיתם את כל אשר עשה יהוה לעיניכם בארץ מצרים לפרעה ולכל עבדיו ולכל ארצו
(232813, 66, 4);4;ד;295447;(5, 29, 2, 8, 295447);77556;(5, 29, 2, 2, 77556);הגדלת;3;2;המסות הגדלת אשר ראו עיניך האתת והמפתים הגדלים ההם
(232813, 66, 4);7;ז;295513;(5, 29, 3, 33, 295513);77572;(5, 29, 3, 9, 77572);ואזנים;3;9;ולא נתן יהוה לכם לב לדעת ועינים לראות ואזנים לשמע עד היום הזה
(232813, 66, 4);30;ל;295579;(5, 29, 4, 50, 295579);77588;(5, 29, 4, 12, 77588);בלתה;2;12;ואולך אתכם ארבעים שנה במדבר לא בלו שלמתיכם מעליכם ונעלך לא בלתה מעל רגלך
(232813, 66, 4);40;מ;295645;(5, 29, 6, 9, 295645);77606;(5, 29, 6, 3, 77606);המקום;2;3;ותבאו אל המקום הזה ויצא סיחן מלך חשבון ועוג מלך הבשן לקראתנו למלחמה ונכם
(232813, 66, 4);30;ל;295711;(5, 29, 7, 16, 295711);77622;(5, 29, 7, 5, 77622);לנחלה;1;5;ונקח את ארצם ונתנה לנחלה לראובני ולגדי ולחצי שבט המנשי
(232813, 66, 4);20;כ;295777;(5, 29, 8, 37, 295777);77636;(5, 29, 8, 9, 77636);תשכילו;3;9;ושמרתם את דברי הברית הזאת ועשיתם אתם למען תשכילו את כל אשר תעשון
(232813, 66, 4);9;ט;295843;(5, 29, 9, 51, 295843);77651;(5, 29, 9, 11, 77651);ושטריכם;3;11;אתם נצבים היום כלכם לפני יהוה אלהיכם ראשיכם שבטיכם זקניכם ושטריכם כל איש ישראל
(232813, 66, 4);10;י;295909;(5, 29, 11, 9, 295909);77667;(5, 29, 11, 2, 77667);בברית;4;2;לעברך בברית יהוה אלהיך ובאלתו אשר יהוה אלהיך כרת עמך היום
(232813, 66, 4);5;ה;295975;(5, 29, 12, 28, 295975);77684;(5, 29, 12, 8, 77684);יהיה;4;8;למען הקים אתך היום לו לעם והוא יהיה לך לאלהים כאשר דבר לך וכאשר נשבע לאבתיך לאברהם ליצחק וליעקב
(232813, 66, 4);20;כ;296041;(5, 29, 13, 17, 296041);77700;(5, 29, 13, 5, 77700);כרת;1;5;ולא אתכם לבדכם אנכי כרת את הברית הזאת ואת האלה הזאת
(232813, 66, 4);1;א;296107;(5, 29, 14, 42, 296107);77719;(5, 29, 14, 13, 77719);אשר;1;13;כי את אשר ישנו פה עמנו עמד היום לפני יהוה אלהינו ואת אשר איננו פה עמנו היום
(232813, 66, 4);40;ם;296173;(5, 29, 15, 49, 296173);77736;(5, 29, 15, 13, 77736);הגוים;5;13;כי אתם ידעתם את אשר ישבנו בארץ מצרים ואת אשר עברנו בקרב הגוים אשר עברתם
(232813, 66, 4);5;ה;296239;(5, 29, 17, 15, 296239);77755;(5, 29, 17, 6, 77755);אשה;3;6;פן יש בכם איש או אשה או משפחה או שבט אשר לבבו פנה היום מעם יהוה אלהינו ללכת לעבד את אלהי הגוים ההם פן יש בכם שרש פרה ראש ולענה
(232813, 66, 4);2;ב;296305;(5, 29, 17, 81, 296305);77775;(5, 29, 17, 26, 77775);בכם;1;26;פן יש בכם איש או אשה או משפחה או שבט אשר לבבו פנה היום מעם יהוה אלהינו ללכת לעבד את אלהי הגוים ההם פן יש בכם שרש פרה ראש ולענה
(232813, 66, 4);10;י;296371;(5, 29, 18, 50, 296371);77792;(5, 29, 18, 13, 77792);כי;2;13;והיה בשמעו את דברי האלה הזאת והתברך בלבבו לאמר שלום יהיה לי כי בשררות לבי אלך למען ספות הרוה את הצמאה
(232813, 66, 4);6;ו;296437;(5, 29, 19, 35, 296437);77811;(5, 29, 19, 11, 77811);וקנאתו;6;11;לא יאבה יהוה סלח לו כי אז יעשן אף יהוה וקנאתו באיש ההוא ורבצה בו כל האלה הכתובה בספר הזה ומחה יהוה את שמו מתחת השמים
(232813, 66, 4);6;ו;296503;(5, 29, 20, 10, 296503);77828;(5, 29, 20, 2, 77828);יהוה;3;2;והבדילו יהוה לרעה מכל שבטי ישראל ככל אלות הברית הכתובה בספר התורה הזה
(232813, 66, 4);40;ם;296569;(5, 29, 21, 19, 296569);77843;(5, 29, 21, 4, 77843);בניכם;5;4;ואמר הדור האחרון בניכם אשר יקומו מאחריכם והנכרי אשר יבא מארץ רחוקה וראו את מכות הארץ ההוא ואת תחלאיה אשר חלה יהוה בה
(232813, 66, 4);200;ר;296635;(5, 29, 21, 85, 296635);77859;(5, 29, 21, 20, 77859);אשר;3;20;ואמר הדור האחרון בניכם אשר יקומו מאחריכם והנכרי אשר יבא מארץ רחוקה וראו את מכות הארץ ההוא ואת תחלאיה אשר חלה יהוה בה
(232813, 66, 4);70;ע;296701;(5, 29, 22, 57, 296701);77879;(5, 29, 22, 17, 77879);ועמרה;2;17;גפרית ומלח שרפה כל ארצה לא תזרע ולא תצמח ולא יעלה בה כל עשב כמהפכת סדם ועמרה אדמה וצביים אשר הפך יהוה באפו ובחמתו
(232813, 66, 4);1;א;296767;(5, 29, 23, 33, 296767);77896;(5, 29, 23, 10, 77896);הזאת;3;10;ואמרו כל הגוים על מה עשה יהוה ככה לארץ הזאת מה חרי האף הגדול הזה
(232813, 66, 4);1;א;296833;(5, 29, 24, 49, 296833);77915;(5, 29, 24, 14, 77915);אתם;1;14;ואמרו על אשר עזבו את ברית יהוה אלהי אבתם אשר כרת עמם בהוציאו אתם מארץ מצרים
(232813, 66, 4);40;ם;296899;(5, 29, 25, 55, 296899);77930;(5, 29, 25, 13, 77930);להם;3;13;וילכו ויעבדו אלהים אחרים וישתחוו להם אלהים אשר לא ידעום ולא חלק להם
(232813, 66, 4);40;ם;296965;(5, 29, 27, 17, 296965);77947;(5, 29, 27, 4, 77947);אדמתם;5;4;ויתשם יהוה מעל אדמתם באף ובחמה ובקצף גדול וישלכם אל ארץ אחרת כיום הזה
(232813, 66, 4);6;ו;297031;(5, 29, 28, 27, 297031);77963;(5, 29, 28, 6, 77963);ולבנינו;1;6;הנסתרת ליהוה אלהינו והנגלת לנו ולבנינו עד עולם לעשות את כל דברי התורה הזאת
(232813, 66, 4);6;ו;297097;(5, 30, 1, 32, 297097);77980;(5, 30, 1, 9, 77980);והקללה;1;9;והיה כי יבאו עליך כל הדברים האלה הברכה והקללה אשר נתתי לפניך והשבת אל לבבך בכל הגוים אשר הדיחך יהוה אלהיך שמה
(232813, 66, 4);5;ה;297163;(5, 30, 2, 10, 297163);77996;(5, 30, 2, 3, 77996);יהוה;4;3;ושבת עד יהוה אלהיך ושמעת בקלו ככל אשר אנכי מצוך היום אתה ובניך בכל לבבך ובכל נפשך
(232813, 66, 4);10;י;297229;(5, 30, 3, 11, 297229);78013;(5, 30, 3, 3, 78013);אלהיך;4;3;ושב יהוה אלהיך את שבותך ורחמך ושב וקבצך מכל העמים אשר הפיצך יהוה אלהיך שמה
(232813, 66, 4);40;מ;297295;(5, 30, 4, 17, 297295);78030;(5, 30, 4, 5, 78030);השמים;3;5;אם יהיה נדחך בקצה השמים משם יקבצך יהוה אלהיך ומשם יקחך
(232813, 66, 4);5;ה;297361;(5, 30, 5, 39, 297361);78045;(5, 30, 5, 9, 78045);וירשתה;6;9;והביאך יהוה אלהיך אל הארץ אשר ירשו אבתיך וירשתה והיטבך והרבך מאבתיך
(232813, 66, 4);2;ב;297427;(5, 30, 6, 49, 297427);78062;(5, 30, 6, 14, 78062);לבבך;2;14;ומל יהוה אלהיך את לבבך ואת לבב זרעך לאהבה את יהוה אלהיך בכל לבבך ובכל נפשך למען חייך
(232813, 66, 4);6;ו;297493;(5, 30, 7, 48, 297493);78079;(5, 30, 7, 13, 78079);רדפוך;4;13;ונתן יהוה אלהיך את כל האלות האלה על איביך ועל שנאיך אשר רדפוך
(232813, 66, 4);5;ה;297559;(5, 30, 9, 14, 297559);78095;(5, 30, 9, 3, 78095);אלהיך;3;3;והותירך יהוה אלהיך בכל מעשה ידך בפרי בטנך ובפרי בהמתך ובפרי אדמתך לטבה כי ישוב יהוה לשוש עליך לטוב כאשר שש על אבתיך
(232813, 66, 4);2;ב;297625;(5, 30, 9, 80, 297625);78111;(5, 30, 9, 19, 78111);לטוב;4;19;והותירך יהוה אלהיך בכל מעשה ידך בפרי בטנך ובפרי בהמתך ובפרי אדמתך לטבה כי ישוב יהוה לשוש עליך לטוב כאשר שש על אבתיך
(232813, 66, 4);5;ה;297691;(5, 30, 10, 53, 297691);78127;(5, 30, 10, 12, 78127);הזה;3;12;כי תשמע בקול יהוה אלהיך לשמר מצותיו וחקתיו הכתובה בספר התורה הזה כי תשוב אל יהוה אלהיך בכל לבבך ובכל נפשך
(232813, 66, 4);5;ה;297757;(5, 30, 11, 34, 297757);78146;(5, 30, 11, 10, 78146);הוא;1;10;כי המצוה הזאת אשר אנכי מצוך היום לא נפלאת הוא ממך ולא רחקה הוא
(232813, 66, 4);300;ש;297823;(5, 30, 12, 51, 297823);78163;(5, 30, 12, 13, 78163);ונעשנה;4;13;לא בשמים הוא לאמר מי יעלה לנו השמימה ויקחה לנו וישמענו אתה ונעשנה
(232813, 66, 4);2;ב;297889;(5, 30, 14, 6, 297889);78181;(5, 30, 14, 2, 78181);קרוב;4;2;כי קרוב אליך הדבר מאד בפיך ובלבבך לעשתו
(232813, 66, 4);400;ת;297955;(5, 30, 15, 40, 297955);78198;(5, 30, 15, 11, 78198);ואת;3;11;ראה נתתי לפניך היום את החיים ואת הטוב ואת המות ואת הרע
(232813, 66, 4);9;ט;298021;(5, 30, 16, 63, 298021);78213;(5, 30, 16, 14, 78213);ומשפטיו;5;14;אשר אנכי מצוך היום לאהבה את יהוה אלהיך ללכת בדרכיו ולשמר מצותיו וחקתיו ומשפטיו וחיית ורבית וברכך יהוה אלהיך בארץ אשר אתה בא שמה לרשתה
(232813, 66, 4);50;נ;298087;(5, 30, 17, 20, 298087);78230;(5, 30, 17, 6, 78230);ונדחת;2;6;ואם יפנה לבבך ולא תשמע ונדחת והשתחוית לאלהים אחרים ועבדתם
(232813, 66, 4);5;ה;298153;(5, 30, 18, 38, 298153);78245;(5, 30, 18, 11, 78245);האדמה;1;11;הגדתי לכם היום כי אבד תאבדון לא תאריכן ימים על האדמה אשר אתה עבר את הירדן לבוא שמה לרשתה
(232813, 66, 4);40;מ;298219;(5, 30, 19, 34, 298219);78262;(5, 30, 19, 9, 78262);והמות;3;9;העדתי בכם היום את השמים ואת הארץ החיים והמות נתתי לפניך הברכה והקללה ובחרת בחיים למען תחיה אתה וזרעך
(232813, 66, 4);300;ש;298285;(5, 30, 20, 18, 298285);78277;(5, 30, 20, 5, 78277);לשמע;2;5;לאהבה את יהוה אלהיך לשמע בקלו ולדבקה בו כי הוא חייך וארך ימיך לשבת על האדמה אשר נשבע יהוה לאבתיך לאברהם ליצחק וליעקב לתת להם
(232813, 66, 4);30;ל;298351;(5, 30, 20, 84, 298351);78294;(5, 30, 20, 22, 78294);ליצחק;1;22;לאהבה את יהוה אלהיך לשמע בקלו ולדבקה בו כי הוא חייך וארך ימיך לשבת על האדמה אשר נשבע יהוה לאבתיך לאברהם ליצחק וליעקב לתת להם
(232813, 66, 4);300;ש;298417;(5, 31, 2, 17, 298417);78311;(5, 31, 2, 5, 78311);ועשרים;3;5;ויאמר אלהם בן מאה ועשרים שנה אנכי היום לא אוכל עוד לצאת ולבוא ויהוה אמר אלי לא תעבר את הירדן הזה
(232813, 66, 4);5;ה;298483;(5, 31, 3, 7, 298483);78329;(5, 31, 3, 2, 78329);אלהיך;3;2;יהוה אלהיך הוא עבר לפניך הוא ישמיד את הגוים האלה מלפניך וירשתם יהושע הוא עבר לפניך כאשר דבר יהוה
(232813, 66, 4);2;ב;298549;(5, 31, 3, 73, 298549);78345;(5, 31, 3, 18, 78345);דבר;2;18;יהוה אלהיך הוא עבר לפניך הוא ישמיד את הגוים האלה מלפניך וירשתם יהושע הוא עבר לפניך כאשר דבר יהוה
(232813, 66, 4);10;י;298615;(5, 31, 5, 6, 298615);78361;(5, 31, 5, 2, 78361);יהוה;1;2;ונתנם יהוה לפניכם ועשיתם להם ככל המצוה אשר צויתי אתכם
(232813, 66, 4);10;י;298681;(5, 31, 6, 28, 298681);78376;(5, 31, 6, 7, 78376);מפניהם;4;7;חזקו ואמצו אל תיראו ואל תערצו מפניהם כי יהוה אלהיך הוא ההלך עמך לא ירפך ולא יעזבך
(232813, 66, 4);20;כ;298747;(5, 31, 7, 29, 298747);78393;(5, 31, 7, 7, 78393);כל;1;7;ויקרא משה ליהושע ויאמר אליו לעיני כל ישראל חזק ואמץ כי אתה תבוא את העם הזה אל הארץ אשר נשבע יהוה לאבתם לתת להם ואתה תנחילנה אותם
(232813, 66, 4);10;י;298813;(5, 31, 7, 95, 298813);78412;(5, 31, 7, 26, 78412);תנחילנה;4;26;ויקרא משה ליהושע ויאמר אליו לעיני כל ישראל חזק ואמץ כי אתה תבוא את העם הזה אל הארץ אשר נשבע יהוה לאבתם לתת להם ואתה תנחילנה אותם
(232813, 66, 4);40;מ;298879;(5, 31, 9, 6, 298879);78430;(5, 31, 9, 2, 78430);משה;1;2;ויכתב משה את התורה הזאת ויתנה אל הכהנים בני לוי הנשאים את ארון ברית יהוה ואל כל זקני ישראל
(232813, 66, 4);30;ל;298945;(5, 31, 9, 72, 298945);78447;(5, 31, 9, 19, 78447);ישראל;5;19;ויכתב משה את התורה הזאת ויתנה אל הכהנים בני לוי הנשאים את ארון ברית יהוה ואל כל זקני ישראל
(232813, 66, 4);10;י;299011;(5, 31, 11, 21, 299011);78465;(5, 31, 11, 6, 78465);פני;3;6;בבוא כל ישראל לראות את פני יהוה אלהיך במקום אשר יבחר תקרא את התורה הזאת נגד כל ישראל באזניהם
(232813, 66, 4);300;ש;299077;(5, 31, 12, 13, 299077);78482;(5, 31, 12, 4, 78482);האנשים;4;4;הקהל את העם האנשים והנשים והטף וגרך אשר בשעריך למען ישמעו ולמען ילמדו ויראו את יהוה אלהיכם ושמרו לעשות את כל דברי התורה הזאת
(232813, 66, 4);6;ו;299143;(5, 31, 12, 79, 299143);78496;(5, 31, 12, 18, 78496);ושמרו;5;18;הקהל את העם האנשים והנשים והטף וגרך אשר בשעריך למען ישמעו ולמען ילמדו ויראו את יהוה אלהיכם ושמרו לעשות את כל דברי התורה הזאת
(232813, 66, 4);30;ל;299209;(5, 31, 13, 44, 299209);78513;(5, 31, 13, 11, 78513);כל;2;11;ובניהם אשר לא ידעו ישמעו ולמדו ליראה את יהוה אלהיכם כל הימים אשר אתם חיים על האדמה אשר אתם עברים את הירדן שמה לרשתה
(232813, 66, 4);200;ר;299275;(5, 31, 14, 18, 299275);78532;(5, 31, 14, 6, 78532);קרבו;2;6;ויאמר יהוה אל משה הן קרבו ימיך למות קרא את יהושע והתיצבו באהל מועד ואצונו וילך משה ויהושע ויתיצבו באהל מועד
(232813, 66, 4);40;מ;299341;(5, 31, 14, 84, 299341);78547;(5, 31, 14, 21, 78547);מועד;1;21;ויאמר יהוה אל משה הן קרבו ימיך למות קרא את יהושע והתיצבו באהל מועד ואצונו וילך משה ויהושע ויתיצבו באהל מועד
(232813, 66, 4);70;ע;299407;(5, 31, 16, 21, 299407);78565;(5, 31, 16, 7, 78565);עם;1;7;ויאמר יהוה אל משה הנך שכב עם אבתיך וקם העם הזה וזנה אחרי אלהי נכר הארץ אשר הוא בא שמה בקרבו ועזבני והפר את בריתי אשר כרתי אתו
(232813, 66, 4);400;ת;299473;(5, 31, 16, 87, 299473);78583;(5, 31, 16, 25, 78583);בריתי;4;25;ויאמר יהוה אל משה הנך שכב עם אבתיך וקם העם הזה וזנה אחרי אלהי נכר הארץ אשר הוא בא שמה בקרבו ועזבני והפר את בריתי אשר כרתי אתו
(232813, 66, 4);400;ת;299539;(5, 31, 17, 55, 299539);78599;(5, 31, 17, 13, 78599);רעות;4;13;וחרה אפי בו ביום ההוא ועזבתים והסתרתי פני מהם והיה לאכל ומצאהו רעות רבות וצרות ואמר ביום ההוא הלא על כי אין אלהי בקרבי מצאוני הרעות האלה
(232813, 66, 4);60;ס;299605;(5, 31, 18, 11, 299605);78616;(5, 31, 18, 3, 78616);אסתיר;2;3;ואנכי הסתר אסתיר פני ביום ההוא על כל הרעה אשר עשה כי פנה אל אלהים אחרים
(232813, 66, 4);1;א;299671;(5, 31, 19, 21, 299671);78635;(5, 31, 19, 6, 78635);הזאת;3;6;ועתה כתבו לכם את השירה הזאת ולמדה את בני ישראל שימה בפיהם למען תהיה לי השירה הזאת לעד בבני ישראל
(232813, 66, 4);30;ל;299737;(5, 31, 20, 10, 299737);78652;(5, 31, 20, 3, 78652);אל;2;3;כי אביאנו אל האדמה אשר נשבעתי לאבתיו זבת חלב ודבש ואכל ושבע ודשן ופנה אל אלהים אחרים ועבדום ונאצוני והפר את בריתי
(232813, 66, 4);50;נ;299803;(5, 31, 20, 76, 299803);78668;(5, 31, 20, 19, 78668);ונאצוני;2;19;כי אביאנו אל האדמה אשר נשבעתי לאבתיו זבת חלב ודבש ואכל ושבע ודשן ופנה אל אלהים אחרים ועבדום ונאצוני והפר את בריתי
(232813, 66, 4);20;כ;299869;(5, 31, 21, 50, 299869);78684;(5, 31, 21, 13, 78684);כי;1;13;והיה כי תמצאן אתו רעות רבות וצרות וענתה השירה הזאת לפניו לעד כי לא תשכח מפי זרעו כי ידעתי את יצרו אשר הוא עשה היום בטרם אביאנו אל הארץ אשר נשבעתי
(232813, 66, 4);6;ו;299935;(5, 31, 22, 1, 299935);78703;(5, 31, 22, 1, 78703);ויכתב;1;1;ויכתב משה את השירה הזאת ביום ההוא וילמדה את בני ישראל
(232813, 66, 4);100;ק;300001;(5, 31, 23, 24, 300001);78720;(5, 31, 23, 7, 78720);חזק;3;7;ויצו את יהושע בן נון ויאמר חזק ואמץ כי אתה תביא את בני ישראל אל הארץ אשר נשבעתי להם ואנכי אהיה עמך
(232813, 66, 4);30;ל;300067;(5, 31, 24, 13, 300067);78739;(5, 31, 24, 4, 78739);לכתב;1;4;ויהי ככלות משה לכתב את דברי התורה הזאת על ספר עד תמם
(232813, 66, 4);1;א;300133;(5, 31, 26, 4, 300133);78758;(5, 31, 26, 2, 78758);את;1;2;לקח את ספר התורה הזה ושמתם אתו מצד ארון ברית יהוה אלהיכם והיה שם בך לעד
(232813, 66, 4);40;מ;300199;(5, 31, 27, 14, 300199);78777;(5, 31, 27, 5, 78777);מריך;1;5;כי אנכי ידעתי את מריך ואת ערפך הקשה הן בעודני חי עמכם היום ממרים היתם עם יהוה ואף כי אחרי מותי
(232813, 66, 4);6;ו;300265;(5, 31, 28, 6, 300265);78794;(5, 31, 28, 1, 78794);הקהילו;6;1;הקהילו אלי את כל זקני שבטיכם ושטריכם ואדברה באזניהם את הדברים האלה ואעידה בם את השמים ואת הארץ
(232813, 66, 4);1;א;300331;(5, 31, 28, 72, 300331);78810;(5, 31, 28, 17, 78810);ואת;2;17;הקהילו אלי את כל זקני שבטיכם ושטריכם ואדברה באזניהם את הדברים האלה ואעידה בם את השמים ואת הארץ
(232813, 66, 4);200;ר;300397;(5, 31, 29, 61, 300397);78827;(5, 31, 29, 16, 78827);הרעה;2;16;כי ידעתי אחרי מותי כי השחת תשחתון וסרתם מן הדרך אשר צויתי אתכם וקראת אתכם הרעה באחרית הימים כי תעשו את הרע בעיני יהוה להכעיסו במעשה ידיכם
(232813, 66, 4);100;ק;300463;(5, 31, 30, 16, 300463);78843;(5, 31, 30, 5, 78843);קהל;1;5;וידבר משה באזני כל קהל ישראל את דברי השירה הזאת עד תמם
(232813, 66, 4);9;ט;300529;(5, 32, 2, 7, 300529);78859;(5, 32, 2, 2, 78859);כמטר;3;2;יערף כמטר לקחי תזל כטל אמרתי כשעירם עלי דשא וכרביבים עלי עשב
(232813, 66, 4);50;נ;300595;(5, 32, 3, 24, 300595);78876;(5, 32, 3, 7, 78876);לאלהינו;6;7;כי שם יהוה אקרא הבו גדל לאלהינו
(232813, 66, 4);40;ם;300661;(5, 32, 5, 15, 300661);78895;(5, 32, 5, 5, 78895);מומם;4;5;שחת לו לא בניו מומם דור עקש ופתלתל
(232813, 66, 4);200;ר;300727;(5, 32, 7, 3, 300727);78913;(5, 32, 7, 1, 78913);זכר;3;1;זכר ימות עולם בינו שנות דר ודר שאל אביך ויגדך זקניך ויאמרו לך
(232813, 66, 4);4;ד;300793;(5, 32, 8, 20, 300793);78929;(5, 32, 8, 4, 78929);בהפרידו;6;4;בהנחל עליון גוים בהפרידו בני אדם יצב גבלת עמים למספר בני ישראל
(232813, 66, 4);40;מ;300859;(5, 32, 10, 11, 300859);78947;(5, 32, 10, 3, 78947);מדבר;1;3;ימצאהו בארץ מדבר ובתהו ילל ישמן יסבבנהו יבוננהו יצרנהו כאישון עינו
(232813, 66, 4);200;ר;300925;(5, 32, 11, 21, 300925);78961;(5, 32, 11, 6, 78961);ירחף;2;6;כנשר יעיר קנו על גוזליו ירחף יפרש כנפיו יקחהו ישאהו על אברתו
(232813, 66, 4);1;א;300991;(5, 32, 13, 14, 300991);78978;(5, 32, 13, 4, 78978);ארץ;1;4;ירכבהו על במותי ארץ ויאכל תנובת שדי וינקהו דבש מסלע ושמן מחלמיש צור
(232813, 66, 4);1;א;301057;(5, 32, 14, 25, 301057);78995;(5, 32, 14, 8, 78995);ואילים;2;8;חמאת בקר וחלב צאן עם חלב כרים ואילים בני בשן ועתודים עם חלב כליות חטה ודם ענב תשתה חמר
(232813, 66, 4);400;ת;301123;(5, 32, 15, 23, 301123);79011;(5, 32, 15, 5, 79011);עבית;4;5;וישמן ישרון ויבעט שמנת עבית כשית ויטש אלוה עשהו וינבל צור ישעתו
(232813, 66, 4);1;א;301189;(5, 32, 17, 13, 301189);79026;(5, 32, 17, 4, 79026);אלה;1;4;יזבחו לשדים לא אלה אלהים לא ידעום חדשים מקרב באו לא שערום אבתיכם
(232813, 66, 4);10;י;301255;(5, 32, 19, 5, 301255);79043;(5, 32, 19, 2, 79043);יהוה;1;2;וירא יהוה וינאץ מכעס בניו ובנתיו
(232813, 66, 4);50;נ;301321;(5, 32, 20, 44, 301321);79059;(5, 32, 20, 12, 79059);בנים;2;12;ויאמר אסתירה פני מהם אראה מה אחריתם כי דור תהפכת המה בנים לא אמן בם
(232813, 66, 4);1;א;301387;(5, 32, 22, 3, 301387);79077;(5, 32, 22, 2, 79077);אש;1;2;כי אש קדחה באפי ותיקד עד שאול תחתית ותאכל ארץ ויבלה ותלהט מוסדי הרים
(232813, 66, 4);8;ח;301453;(5, 32, 23, 14, 301453);79093;(5, 32, 23, 4, 79093);חצי;1;4;אספה עלימו רעות חצי אכלה בם
(232813, 66, 4);200;ר;301519;(5, 32, 25, 10, 301519);79112;(5, 32, 25, 3, 79112);חרב;2;3;מחוץ תשכל חרב ומחדרים אימה גם בחור גם בתולה יונק עם איש שיבה
(232813, 66, 4);6;ו;301585;(5, 32, 27, 2, 301585);79128;(5, 32, 27, 1, 79128);לולי;2;1;לולי כעס אויב אגור פן ינכרו צרימו פן יאמרו ידנו רמה ולא יהוה פעל כל זאת
(232813, 66, 4);400;ת;301651;(5, 32, 28, 12, 301651);79147;(5, 32, 28, 4, 79147);עצות;4;4;כי גוי אבד עצות המה ואין בהם תבונה
(232813, 66, 4);6;ו;301717;(5, 32, 30, 24, 301717);79163;(5, 32, 30, 6, 79163);יניסו;5;6;איכה ירדף אחד אלף ושנים יניסו רבבה אם לא כי צורם מכרם ויהוה הסגירם
(232813, 66, 4);3;ג;301783;(5, 32, 32, 10, 301783);79181;(5, 32, 32, 4, 79181);גפנם;1;4;כי מגפן סדם גפנם ומשדמת עמרה ענבמו ענבי רוש אשכלת מררת למו
(232813, 66, 4);5;ה;301849;(5, 32, 34, 4, 301849);79197;(5, 32, 34, 2, 79197);הוא;1;2;הלא הוא כמס עמדי חתום באוצרתי
(232813, 66, 4);10;י;301915;(5, 32, 36, 3, 301915);79216;(5, 32, 36, 2, 79216);ידין;1;2;כי ידין יהוה עמו ועל עבדיו יתנחם כי יראה כי אזלת יד ואפס עצור ועזוב
(232813, 66, 4);8;ח;301981;(5, 32, 37, 16, 301981);79234;(5, 32, 37, 5, 79234);חסיו;1;5;ואמר אי אלהימו צור חסיו בו
(232813, 66, 4);10;י;302047;(5, 32, 39, 8, 302047);79250;(5, 32, 39, 3, 79250);כי;2;3;ראו עתה כי אני אני הוא ואין אלהים עמדי אני אמית ואחיה מחצתי ואני ארפא ואין מידי מציל
(232813, 66, 4);30;ל;302113;(5, 32, 40, 7, 302113);79268;(5, 32, 40, 3, 79268);אל;2;3;כי אשא אל שמים ידי ואמרתי חי אנכי לעלם
(232813, 66, 4);50;נ;302179;(5, 32, 41, 43, 302179);79285;(5, 32, 41, 11, 79285);ולמשנאי;5;11;אם שנותי ברק חרבי ותאחז במשפט ידי אשיב נקם לצרי ולמשנאי אשלם
(232813, 66, 4);6;ו;302245;(5, 32, 43, 13, 302245);79301;(5, 32, 43, 3, 79301);עמו;3;3;הרנינו גוים עמו כי דם עבדיו יקום ונקם ישיב לצריו וכפר אדמתו עמו
(232813, 66, 4);1;א;302311;(5, 32, 44, 28, 302311);79319;(5, 32, 44, 8, 79319);הזאת;3;8;ויבא משה וידבר את כל דברי השירה הזאת באזני העם הוא והושע בן נון
(232813, 66, 4);300;ש;302377;(5, 32, 46, 10, 302377);79338;(5, 32, 46, 3, 79338);שימו;1;3;ויאמר אלהם שימו לבבכם לכל הדברים אשר אנכי מעיד בכם היום אשר תצום את בניכם לשמר לעשות את כל דברי התורה הזאת
(232813, 66, 4);10;י;302443;(5, 32, 46, 76, 302443);79355;(5, 32, 46, 20, 79355);דברי;4;20;ויאמר אלהם שימו לבבכם לכל הדברים אשר אנכי מעיד בכם היום אשר תצום את בניכם לשמר לעשות את כל דברי התורה הזאת
(232813, 66, 4);70;ע;302509;(5, 32, 47, 57, 302509);79375;(5, 32, 47, 18, 79375);עברים;1;18;כי לא דבר רק הוא מכם כי הוא חייכם ובדבר הזה תאריכו ימים על האדמה אשר אתם עברים את הירדן שמה לרשתה
(232813, 66, 4);200;ר;302575;(5, 32, 49, 18, 302575);79393;(5, 32, 49, 6, 79393);הר;2;6;עלה אל הר העברים הזה הר נבו אשר בארץ מואב אשר על פני ירחו וראה את ארץ כנען אשר אני נתן לבני ישראל לאחזה
(232813, 66, 4);2;ב;302641;(5, 32, 50, 4, 302641);79413;(5, 32, 50, 2, 79413);בהר;1;2;ומת בהר אשר אתה עלה שמה והאסף אל עמיך כאשר מת אהרן אחיך בהר ההר ויאסף אל עמיו
(232813, 66, 4);40;ם;302707;(5, 32, 51, 10, 302707);79432;(5, 32, 51, 3, 79432);מעלתם;5;3;על אשר מעלתם בי בתוך בני ישראל במי מריבת קדש מדבר צן על אשר לא קדשתם אותי בתוך בני ישראל
(232813, 66, 4);400;ת;302773;(5, 32, 52, 7, 302773);79452;(5, 32, 52, 3, 79452);תראה;1;3;כי מנגד תראה את הארץ ושמה לא תבוא אל הארץ אשר אני נתן לבני ישראל
(232813, 66, 4);1;א;302839;(5, 33, 1, 23, 302839);79471;(5, 33, 1, 7, 79471);האלהים;2;7;וזאת הברכה אשר ברך משה איש האלהים את בני ישראל לפני מותו
(232813, 66, 4);5;ה;302905;(5, 33, 2, 44, 302905);79487;(5, 33, 2, 11, 79487);ואתה;4;11;ויאמר יהוה מסיני בא וזרח משעיר למו הופיע מהר פארן ואתה מרבבת קדש מימינו אשדת למו
(232813, 66, 4);5;ה;302971;(5, 33, 4, 4, 302971);79504;(5, 33, 4, 1, 79504);תורה;4;1;תורה צוה לנו משה מורשה קהלת יעקב
(232813, 66, 4);2;ב;303037;(5, 33, 6, 7, 303037);79521;(5, 33, 6, 2, 79521);ראובן;4;2;יחי ראובן ואל ימת ויהי מתיו מספר
(232813, 66, 4);200;ר;303103;(5, 33, 7, 47, 303103);79538;(5, 33, 7, 12, 79538);רב;1;12;וזאת ליהודה ויאמר שמע יהוה קול יהודה ואל עמו תביאנו ידיו רב לו ועזר מצריו תהיה
(232813, 66, 4);40;מ;303169;(5, 33, 8, 50, 303169);79555;(5, 33, 8, 13, 79555);מריבה;1;13;וללוי אמר תמיך ואוריך לאיש חסידך אשר נסיתו במסה תריבהו על מי מריבה
(232813, 66, 4);400;ת;303235;(5, 33, 9, 62, 303235);79572;(5, 33, 9, 17, 79572);ובריתך;5;17;האמר לאביו ולאמו לא ראיתיו ואת אחיו לא הכיר ואת בנו לא ידע כי שמרו אמרתך ובריתך ינצרו
(232813, 66, 4);5;ה;303301;(5, 33, 11, 7, 303301);79586;(5, 33, 11, 2, 79586);יהוה;4;2;ברך יהוה חילו ופעל ידיו תרצה מחץ מתנים קמיו ומשנאיו מן יקומון
(232813, 66, 4);2;ב;303367;(5, 33, 12, 23, 303367);79602;(5, 33, 12, 6, 79602);לבטח;2;6;לבנימן אמר ידיד יהוה ישכן לבטח עליו חפף עליו כל היום ובין כתפיו שכן
(232813, 66, 4);40;מ;303433;(5, 33, 13, 35, 303433);79619;(5, 33, 13, 9, 79619);ומתהום;2;9;וליוסף אמר מברכת יהוה ארצו ממגד שמים מטל ומתהום רבצת תחת
(232813, 66, 4);40;מ;303499;(5, 33, 16, 3, 303499);79634;(5, 33, 16, 1, 79634);וממגד;3;1;וממגד ארץ ומלאה ורצון שכני סנה תבואתה לראש יוסף ולקדקד נזיר אחיו
(232813, 66, 4);200;ר;303565;(5, 33, 17, 16, 303565);79650;(5, 33, 17, 5, 79650);וקרני;3;5;בכור שורו הדר לו וקרני ראם קרניו בהם עמים ינגח יחדו אפסי ארץ והם רבבות אפרים והם אלפי מנשה
(232813, 66, 4);200;ר;303631;(5, 33, 18, 10, 303631);79666;(5, 33, 18, 2, 79666);אמר;3;2;ולזבולן אמר שמח זבולן בצאתך ויששכר באהליך
(232813, 66, 4);300;ש;303697;(5, 33, 19, 41, 303697);79683;(5, 33, 19, 12, 79683);ושפני;2;12;עמים הר יקראו שם יזבחו זבחי צדק כי שפע ימים יינקו ושפני טמוני חול
(232813, 66, 4);40;ם;303763;(5, 33, 21, 15, 303763);79701;(5, 33, 21, 5, 79701);שם;2;5;וירא ראשית לו כי שם חלקת מחקק ספון ויתא ראשי עם צדקת יהוה עשה ומשפטיו עם ישראל
(232813, 66, 4);50;נ;303829;(5, 33, 22, 19, 303829);79719;(5, 33, 22, 6, 79719);יזנק;3;6;ולדן אמר דן גור אריה יזנק מן הבשן
(232813, 66, 4);2;ב;303895;(5, 33, 24, 14, 303895);79736;(5, 33, 24, 4, 79736);מבנים;2;4;ולאשר אמר ברוך מבנים אשר יהי רצוי אחיו וטבל בשמן רגלו
(232813, 66, 4);20;כ;303961;(5, 33, 26, 13, 303961);79752;(5, 33, 26, 4, 79752);רכב;2;4;אין כאל ישרון רכב שמים בעזרך ובגאותו שחקים
(232813, 66, 4);5;ה;304027;(5, 33, 27, 44, 304027);79767;(5, 33, 27, 11, 79767);השמד;1;11;מענה אלהי קדם ומתחת זרעת עולם ויגרש מפניך אויב ויאמר השמד
(232813, 66, 4);20;כ;304093;(5, 33, 29, 13, 304093);79785;(5, 33, 29, 4, 79785);כמוך;1;4;אשריך ישראל מי כמוך עם נושע ביהוה מגן עזרך ואשר חרב גאותך ויכחשו איביך לך ואתה על במותימו תדרך
(232813, 66, 4);70;ע;304159;(5, 34, 1, 3, 304159);79801;(5, 34, 1, 1, 79801);ויעל;3;1;ויעל משה מערבת מואב אל הר נבו ראש הפסגה אשר על פני ירחו ויראהו יהוה את כל הארץ את הגלעד עד דן
(232813, 66, 4);70;ע;304225;(5, 34, 1, 69, 304225);79821;(5, 34, 1, 21, 79821);עד;1;21;ויעל משה מערבת מואב אל הר נבו ראש הפסגה אשר על פני ירחו ויראהו יהוה את כל הארץ את הגלעד עד דן
(232813, 66, 4);20;כ;304291;(5, 34, 3, 13, 304291);79840;(5, 34, 3, 4, 79840);הככר;3;4;ואת הנגב ואת הככר בקעת ירחו עיר התמרים עד צער
(232813, 66, 4);10;י;304357;(5, 34, 4, 43, 304357);79856;(5, 34, 4, 10, 79856);וליעקב;3;10;ויאמר יהוה אליו זאת הארץ אשר נשבעתי לאברהם ליצחק וליעקב לאמר לזרעך אתננה הראיתיך בעיניך ושמה לא תעבר
(232813, 66, 4);30;ל;304423;(5, 34, 5, 26, 304423);79872;(5, 34, 5, 8, 79872);על;2;8;וימת שם משה עבד יהוה בארץ מואב על פי יהוה
(232813, 66, 4);50;ן;304489;(5, 34, 7, 6, 304489);79892;(5, 34, 7, 2, 79892);בן;2;2;ומשה בן מאה ועשרים שנה במתו לא כהתה עינו ולא נס לחה
(232813, 66, 4);40;ם;304555;(5, 34, 8, 32, 304555);79910;(5, 34, 8, 8, 79910);שלשים;5;8;ויבכו בני ישראל את משה בערבת מואב שלשים יום ויתמו ימי בכי אבל משה
(232813, 66, 4);1;א;304621;(5, 34, 9, 46, 304621);79930;(5, 34, 9, 14, 79930);אליו;1;14;ויהושע בן נון מלא רוח חכמה כי סמך משה את ידיו עליו וישמעו אליו בני ישראל ויעשו כאשר צוה יהוה את משה
(232813, 66, 4);80;פ;304687;(5, 34, 10, 34, 304687);79948;(5, 34, 10, 10, 79948);פנים;1;10;ולא קם נביא עוד בישראל כמשה אשר ידעו יהוה פנים אל פנים
(232813, 66, 4);20;כ;304753;(5, 34, 11, 57, 304753);79963;(5, 34, 11, 13, 79963);ולכל;3;13;לכל האתת והמופתים אשר שלחו יהוה לעשות בארץ מצרים לפרעה ולכל עבדיו ולכל ארצו
